"CD4" "NK" "nRBC" "B" "MO" "CD8" "GR"
"cg16452866" 0.124217019122528 0.947604336498462 0.905696463323278 0.950246483723513 0.950634600285445 0.187690892906054 0.96505490584945
"cg00366435" 0.0863306024978792 0.866183269406634 0.733246489258063 0.905974792158537 0.912861954541372 0.239278874034097 0.916968413034389
"cg07679948" 0.158405712643118 0.95269191257683 0.954894993454788 0.956080808713026 0.9636131342032 0.318488755109517 0.966273107188875
"cg01874152" 0.0883753309865954 0.837228634922031 0.592784614701895 0.85198747416815 0.900755473874818 0.468292800197683 0.892839496620942
"cg11848483" 0.0920472992129539 0.895212859780335 0.741358454650373 0.878863485434234 0.904005778432089 0.149616637019496 0.913089261561152
"cg26852712" 0.131458877381809 0.875179175647819 0.932755209393983 0.88961384014335 0.907124250742535 0.385252545739826 0.92886897325557
"cg03388043" 0.0896360283768918 0.751407028643034 0.890428551981578 0.928644825571182 0.937250109329402 0.0768011852020454 0.958838635466525
"cg07015803" 0.151815667468298 0.938290425871805 0.835216364013149 0.93743106662466 0.940793021773953 0.218206847674776 0.951462397740344
"cg08338281" 0.0972960211002194 0.830417651574799 0.885977103350825 0.862917237075976 0.891687492362799 0.116707746461916 0.907868053878221
"cg06915826" 0.0893672654659424 0.837195476773315 0.748553174209855 0.853165364155987 0.863942552526715 0.188694825991956 0.859038533411806
"cg23357533" 0.146525557867805 0.868798884339008 0.863923452199822 0.886773438174563 0.875262284650908 0.381520835597947 0.875594598891554
"cg13750061" 0.0897048500491947 0.844644463756862 0.645028398161701 0.859528618310853 0.868829149246772 0.0922209864738108 0.864620637594002
"cg04347414" 0.115531190698838 0.849077150250897 0.688156575929676 0.87496509062904 0.893688757921207 0.123530329206571 0.919132773740867
"cg19001909" 0.20596680176652 0.929941458934012 0.860069264476636 0.962372462577067 0.964009036801038 0.309183597367743 0.968118625983415
"cg05705140" 0.0921051808338532 0.811383607049515 0.66281325634022 0.756965833671089 0.88844154100527 0.253627373808801 0.887659168033295
"cg14522718" 0.116512032798546 0.727457317685563 0.93845430547419 0.924389492982374 0.937185701057898 0.0834635462675782 0.931820707244117
"cg18735089" 0.122107937159679 0.837827102349134 0.715575608874455 0.897049323574035 0.897551410116355 0.131517040724452 0.912353068133282
"cg05931551" 0.189406938204884 0.870096907428904 0.80037144206662 0.86905295078125 0.871729204567613 0.747662549337738 0.877315495300203
"cg12353788" 0.131416250746703 0.860907326616269 0.610067096227241 0.867824412181891 0.865407424731754 0.334785577473646 0.880584792327598
"cg11710595" 0.177579149584851 0.856023285556814 0.610403665526461 0.887862867487663 0.875487167522312 0.649691063572241 0.895229716258079
"cg23896695" 0.0813865874560924 0.81624941912781 0.610886205215842 0.856664330160232 0.861878507025257 0.100249836987898 0.837067687318645
"cg24662823" 0.100056261313203 0.696733946984059 0.700606332822873 0.880357462810644 0.896739271164983 0.250131079993888 0.89814431493726
"cg01490728" 0.0874817874273804 0.832528991370974 0.505100729872781 0.830008298759231 0.830876469642759 0.243608276858737 0.835285831374362
"cg07110949" 0.197487979520489 0.917233540757936 0.961808563684858 0.945489286984244 0.958217738995833 0.214574585251652 0.95902396993363
"cg10837404" 0.211420779588697 0.897836073920205 0.884264861481417 0.897421588878254 0.906642073176596 0.63816115235932 0.90979252557632
"cg10240150" 0.100532900863253 0.794588904458577 0.60147473871934 0.868738657823548 0.856613972695401 0.217737254714477 0.858719645523393
"cg22230912" 0.103374978150677 0.854986687628775 0.493713868194339 0.895849700516215 0.861157447051016 0.143164465381785 0.83290099870291
"cg25486399" 0.120979916060069 0.832485576448592 0.300032082305483 0.857745097159107 0.864830885229215 0.397633654566437 0.844775326317027
"cg24008435" 0.161454376456009 0.860449792510494 0.82438309957996 0.869603438660067 0.874400233437189 0.425483518752951 0.877113445446409
"cg04712122" 0.102474564169623 0.838633533254685 0.708146898950167 0.855733042972051 0.826548986418417 0.159633372413946 0.852139206137775
"cg26166854" 0.111473849458835 0.614668381842792 0.712853140832415 0.848406909419541 0.856499261416448 0.557982282666521 0.883216931299712
"cg09695307" 0.0919386577774323 0.786702387902831 0.576687049741019 0.806404223557593 0.881995775387345 0.152474623206927 0.869239754508248
"cg07970799" 0.185435913538442 0.748517634603609 0.832466938873089 0.907256267568756 0.931521355524443 0.549806626031344 0.937533337851629
"cg10558740" 0.130238278563896 0.840024945109331 0.705302653420586 0.8861272293145 0.87427125934725 0.1712995427872 0.877261342440055
"cg00620024" 0.202557933089142 0.873615060047309 0.87335515658792 0.889670133270449 0.899331542247626 0.558322509262103 0.904206651788846
"cg16775598" 0.131202966876659 0.849753578187243 0.649277771785236 0.869744925669275 0.867271954367257 0.217480000724653 0.873244691492318
"cg24841244" 0.0919228412378396 0.733728368607204 0.67998214824045 0.868130386080578 0.868915400697055 0.0844680607187364 0.875416652899033
"cg25599673" 0.121990654564095 0.846215413873502 0.66951361367731 0.842703796360035 0.84061474626152 0.224601733145884 0.851231951065989
"cg10111816" 0.0925329492056201 0.796599163098588 0.746252437111912 0.839390060019431 0.835324777366153 0.114313469825152 0.817328647543257
"cg18650518" 0.0931457377068301 0.653716165886575 0.792465025034649 0.865047707188736 0.890353276417239 0.0897154170423305 0.904315087350339
"cg13484324" 0.141616460607416 0.88595195723745 0.419391416418254 0.875457034414691 0.885145470947205 0.252706514123367 0.835603101597111
"cg26400113" 0.0802587675019156 0.79374086615021 0.542288815754752 0.815097516447769 0.824915330409855 0.0946926169804727 0.830578313138194
"cg10414350" 0.144513380405723 0.741673967744419 0.739004855341589 0.865734120241596 0.860870928606666 0.46065052656643 0.861686911235459
"cg01040649" 0.140318952819133 0.843941225525572 0.628852201777408 0.848306874947718 0.866701311476414 0.261547094029446 0.870378617107545
"cg16230121" 0.0985701220498851 0.774333107916955 0.67133554734833 0.836849576796151 0.837251650860707 0.119729015465804 0.853997738671025
"cg02387618" 0.130740976664861 0.767145762109237 0.687109298807633 0.883998402873774 0.894408625437649 0.118956451150022 0.910253988766648
"cg08280368" 0.104309630989605 0.82515928838562 0.599870913627857 0.749842660309542 0.872525068636306 0.131113333118969 0.877790422624929
"cg05070273" 0.204059005612498 0.888391859908955 0.729631313123172 0.888750492036396 0.890585913623768 0.508862486374234 0.891005054652558
"cg07133479" 0.179835891266752 0.816848495997987 0.739046817008156 0.861649290877994 0.848201383037512 0.635920662449536 0.843233039522396
"cg07545925" 0.0700901859911445 0.667486516916414 0.566971094017027 0.831976426079498 0.862474204163887 0.0594146414269456 0.8595956023387
"cg23249922" 0.907067870808503 0.81800357774232 0.613740269699208 0.106581846628397 0.0492429569237448 0.945067402146426 0.181453450579292
"cg22742001" 0.837424240399425 0.691810077228271 0.376670049485577 0.128929190238958 0.0552977422271165 0.852823848444232 0.0500395806564896
"cg06760238" 0.759155207890847 0.0796322074653291 0.461934483055925 0.485129148328321 0.0625114706690147 0.71128566895151 0.0650446787376194
"cg11666770" 0.873717556144275 0.316508651522424 0.191811417965531 0.308650578292849 0.296730081033515 0.832440833893862 0.273389285997274
"cg16764781" 0.807565587258893 0.433281503733964 0.416626191349516 0.255749995045511 0.0675710750295507 0.805998660820552 0.0685725650795858
"cg16602097" 0.735374611008933 0.381037282627923 0.280893676836917 0.0756521087127282 0.0500996938497545 0.696230811211508 0.059936900335456
"cg04682193" 0.845318821866176 0.0762431192382694 0.725455508690708 0.809856021885776 0.0622908230490468 0.81784159535687 0.0446048843780277
"cg07220903" 0.818851598239275 0.0758208908313786 0.306217512242797 0.635216910863719 0.0983384949354525 0.789897744625272 0.138255229270637
"cg09662852" 0.653968155856647 0.0662158674714855 0.0526781190032003 0.104446400954657 0.0542218411338194 0.638081962916462 0.0489237290223247
"cg26501007" 0.771204839058367 0.106011812445215 0.414379544755533 0.12826512696872 0.106771448807661 0.754187194269007 0.36672174355826
"cg25394505" 0.726896010863684 0.0944533173950917 0.229801421049895 0.19909226743178 0.114086735035109 0.68240306026661 0.150660430730674
"cg08284263" 0.657009523825329 0.0997020415458048 0.518844677869229 0.0846511850689692 0.0516858495035312 0.467584736538027 0.0520599556114975
"cg21360910" 0.717620203335544 0.200390478066238 0.14024804318411 0.0817631250127707 0.139891639294467 0.60976270584381 0.134069297059698
"cg19548859" 0.831960600733397 0.354652976207031 0.505574701227005 0.11575740399867 0.0571079437303873 0.827307480703147 0.366413570783048
"cg12799049" 0.852050590449775 0.118629275054481 0.638357723186234 0.742998110522609 0.0579832071047802 0.850568742330057 0.0599735706176514
"cg01543184" 0.776597173723794 0.291456793177984 0.0753803881424857 0.234819807695615 0.0912702695730179 0.817626342954381 0.0887548051202134
"cg18739675" 0.816785185113485 0.0664085542355135 0.490548986134401 0.689109618400706 0.0500528346980795 0.791881608717772 0.0610958390823073
"cg09169413" 0.791736447758287 0.400671301285144 0.314042521834683 0.0873541751593105 0.0742136591654455 0.816690944537089 0.148411406881069
"cg09287328" 0.933025242029232 0.768115628287407 0.632019188409629 0.131581101844674 0.0987865002309104 0.940686874840698 0.216913063633197
"cg07837085" 0.783839134013601 0.116950553126822 0.395046391024991 0.481888232258761 0.0750239640233095 0.725924362730056 0.0668552847102406
"cg18150584" 0.833208279435456 0.671333200670565 0.0456124505272179 0.116749069336799 0.049415830169222 0.866112251896677 0.0452326655566956
"cg25025181" 0.735424923104375 0.223222768164563 0.0995914363939236 0.188221822261562 0.0373303935004296 0.794356785662164 0.0456536537658652
"cg20281375" 0.744767349644275 0.329462771031466 0.10247378347751 0.110298754141137 0.0571019654693494 0.731890380529946 0.04608005139681
"cg05228359" 0.719704713946641 0.308693446519608 0.0757936207670333 0.0534812059810094 0.0369089295847864 0.715145334563534 0.0327390646003168
"cg25031824" 0.77246494296759 0.416193312394799 0.0642159641863978 0.0950282169879897 0.0653152085931373 0.781038751433405 0.0598987589373037
"cg27058988" 0.664386202198773 0.201445175892102 0.056448310831637 0.0416275715501432 0.0311564757484698 0.500134161531257 0.0279740501698958
"cg23582982" 0.814404795735013 0.355787086308661 0.302743648988078 0.262473644032293 0.0816831312040844 0.844100824825506 0.0565946145787661
"cg19369955" 0.748713789392161 0.236704657807169 0.437961294639628 0.109559727792411 0.0662850419054848 0.748442265844249 0.0638377522098315
"cg16261114" 0.818023380642078 0.469778880482228 0.177137871761398 0.18657612614491 0.073563425770682 0.822957777906791 0.0570277146003076
"cg07598385" 0.659811012168988 0.053294245670817 0.0396362495040072 0.137974382303061 0.0446289079339417 0.496938286174731 0.0268316200521774
"cg27027151" 0.708712628692519 0.132415686909812 0.177063665709073 0.062985051430303 0.155636026133517 0.424856262521554 0.156683378961352
"cg06650256" 0.880046925229967 0.287074515713991 0.497159257665579 0.575100138456364 0.0584438775170735 0.873039819575566 0.0824536452531439
"cg12465678" 0.843691514179475 0.0887688617574884 0.545532684567756 0.62779733455741 0.0737584150532472 0.800803315797942 0.0743411125310028
"cg26402417" 0.834563107444175 0.553492492040451 0.0851424119097856 0.110828549098498 0.0624877359110206 0.862519523367108 0.076003028430768
"cg19628988" 0.713903710066684 0.0530224277828891 0.0747727384477896 0.240382202413228 0.0472742467498719 0.625392863115278 0.0645828769037638
"cg21495704" 0.86006834002283 0.0980393966819979 0.450184502348066 0.636522351125303 0.0772083958811226 0.856229107050719 0.0941208381475108
"cg16922167" 0.781890399723135 0.230875283558666 0.100911361468584 0.224329573723441 0.0866093207757236 0.75663262170563 0.0742577824780311
"cg26923863" 0.794195120400159 0.0643077353938329 0.640494301519156 0.495203664051603 0.0392594476524237 0.648179328098119 0.0363718504471584
"cg09037630" 0.691586588929661 0.0546802507812883 0.207276551261118 0.0463676250496288 0.0415918268506731 0.661821750505424 0.0530051622837643
"cg09885622" 0.84623739699666 0.0965594062306757 0.460724998097948 0.343709250725414 0.112374100223143 0.815211806869126 0.245959547462123
"cg02380585" 0.674404196907964 0.0296602683592202 0.0251267534857109 0.0294066130751534 0.0274899892639075 0.660544170258594 0.024454861343628
"cg13468685" 0.794221212501602 0.101929257442099 0.38673093900733 0.296618639007158 0.0654082346280633 0.814192120648311 0.0610841406792095
"cg16097858" 0.756368151863321 0.173708930330372 0.123932131610874 0.0710088855152726 0.0635421248106184 0.774720617972402 0.0615563860361275
"cg13448978" 0.747636282693287 0.185327722144646 0.0338154756545709 0.126892263060242 0.0376104110102056 0.69703455502014 0.029425868859874
"cg25978218" 0.759099671460116 0.0457538121112483 0.211383392396356 0.2052270141371 0.0567746422936037 0.757992953766235 0.0458722959808248
"cg07785552" 0.7380837150235 0.110519215517836 0.31713338860891 0.0739873182086039 0.0605813798875066 0.600147897025907 0.0532903481122625
"cg25729350" 0.73209231213888 0.123208495022894 0.0879420129060723 0.0609162263946888 0.0527817669457043 0.614393617793247 0.0571009478644375
"cg11787160" 0.824412918073086 0.222550023454225 0.0931904060156964 0.157476862861203 0.114565193510193 0.818789386544855 0.109528695213974
"cg04742550" 0.787964734525997 0.0413569159326795 0.126385822581938 0.529522246141817 0.0340765086319599 0.385319793997664 0.0265739605848659
"cg20455854" 0.759466238387535 0.0940464712554418 0.0453851320287046 0.140743069333804 0.0511820407508609 0.633841279159631 0.0490621218940522
"cg12811871" 0.961497682164213 0.159914529724785 0.841343376066802 0.842271807390624 0.962548623459928 0.827607570965324 0.969611445960063
"cg27582527" 0.844366809639248 0.0604351106875825 0.548534488292004 0.787607363052029 0.837283848591379 0.778248051683195 0.846438192035033
"cg13617280" 0.886374485749074 0.0960613572035433 0.802710448003717 0.813160100671605 0.872315800599271 0.841664230387485 0.811393545515925
"cg05875239" 0.905970573717313 0.139845003928636 0.872222452667368 0.836953507151279 0.904200341334424 0.868077760784279 0.900728606737698
"cg25383568" 0.942306722471844 0.173562200850818 0.936659801425468 0.867992278147218 0.939590215093629 0.869274260487224 0.942813698863675
"cg15956469" 0.94414653334071 0.19191681364148 0.921194515487981 0.896597944713525 0.948171677244978 0.891588861516443 0.946437483477591
"cg02384859" 0.889714113418048 0.136161328792902 0.680582877861897 0.845041292371429 0.899110893855838 0.831112487930218 0.898907382630469
"cg07307830" 0.86969632603461 0.11988819722733 0.655524319478202 0.85231730865573 0.878817629232561 0.751513747640573 0.884154581903122
"cg06040872" 0.897772524298655 0.136419864062845 0.724970925136463 0.849395421746733 0.885411517280428 0.807233794789839 0.881323737845658
"cg27274718" 0.880151835986116 0.131474701225983 0.758052465362517 0.832185752954444 0.865771001113731 0.839331392425419 0.87637212750609
"cg27309871" 0.890716645402902 0.142490186154563 0.734174500012573 0.849860099043867 0.889608340877674 0.832749565485115 0.882113088405931
"cg01940139" 0.878301297289816 0.140897905029762 0.700391069231768 0.854130037118195 0.886797394561844 0.827463257058108 0.883597537556239
"cg26012482" 0.792358250371023 0.0989465264052824 0.646474193185589 0.82535855385621 0.861053663268555 0.766528011514154 0.857522715909032
"cg02150910" 0.878493012355237 0.128148624624515 0.653055495738948 0.845850281791169 0.869999184207618 0.811584006666889 0.855027934477859
"cg06202778" 0.875861501099457 0.113602329010289 0.59320313355095 0.842729772875942 0.817517908436491 0.801746936751134 0.852318918927247
"cg21634628" 0.835948138388602 0.119841948147982 0.685204153041324 0.810457643748535 0.874326379575975 0.782169100438068 0.881654288927487
"cg21474838" 0.87000221104047 0.146341705659401 0.728385337393711 0.855400552479971 0.883588573344294 0.822600365352543 0.883410005515177
"cg13613174" 0.879595497759636 0.123380140204744 0.821757225118637 0.826230734884618 0.870264906580626 0.803760595950431 0.797871393125835
"cg13917614" 0.917998747660959 0.171852314961693 0.893646760689098 0.809384337357386 0.914791359269 0.824891428220986 0.934966620807928
"cg24430034" 0.965203671733516 0.23173229814991 0.971193927246384 0.91219779596915 0.970911158960087 0.868514862902809 0.972657228556277
"cg22488278" 0.880439155076574 0.146834076818395 0.792889235117448 0.817061943993033 0.888745192595174 0.815175707014898 0.888791663781942
"cg00594040" 0.852975456459827 0.128411830714862 0.371251616311327 0.831807038374083 0.878753724173788 0.827522673462019 0.884033898886807
"cg26275360" 0.86968364620958 0.133891666480457 0.703889905287245 0.824642344538185 0.864833419791228 0.812280720812361 0.860893775075246
"cg05593759" 0.880246444917747 0.143164079826589 0.642693724628141 0.837489828435531 0.880204195892401 0.799067818711235 0.882409419885829
"cg19696012" 0.880200959646669 0.158732296246753 0.764797668698381 0.855005651304676 0.886675719691364 0.82988287533924 0.889573872788814
"cg20987610" 0.887776058086451 0.134654711367775 0.645297683563284 0.840275709288559 0.781899433975257 0.864104052522696 0.888172370096731
"cg21333217" 0.963913880725976 0.2363688977958 0.942920569733692 0.92317913505039 0.960083629872827 0.877239472471616 0.967534572664249
"cg05653887" 0.879715061611364 0.137849779978741 0.561566587230041 0.825785752306459 0.871398189165554 0.814438269113858 0.875045586222711
"cg06815003" 0.877865813487864 0.148915616838046 0.640999184689042 0.822904395875452 0.872764356442623 0.858359207196824 0.88821639179854
"cg03538296" 0.834203809540251 0.0825911489671384 0.671654380999767 0.765932493267135 0.829816432445926 0.65417976714395 0.824319150357033
"cg21828319" 0.889257734927674 0.143249466457992 0.843452736168743 0.774873395136183 0.862851488588732 0.824970273300021 0.878894330909711
"cg04784635" 0.836484102884236 0.134802484611922 0.513492967346116 0.850607511489966 0.88812893947753 0.766104649528952 0.88106969669551
"cg05656688" 0.864103403052971 0.134859188496757 0.797937201274026 0.819749386130797 0.907136706254126 0.674466750477161 0.870049264795392
"cg18672716" 0.874632755811751 0.135194155190634 0.696604007986422 0.832423091551876 0.855490744773664 0.788883327203507 0.849759297843966
"cg10628126" 0.888563910694385 0.152439832881077 0.715176202939249 0.856505565827738 0.821675129457639 0.839728657515533 0.892779482928554
"cg20657709" 0.868109104646538 0.141578423275385 0.652471362369768 0.824030883815131 0.858785448446887 0.834915360290017 0.867312133822373
"cg24408769" 0.911199708002561 0.137657833288778 0.941170443203677 0.862370228040278 0.780656875933126 0.862405839028879 0.776462224754789
"cg26227465" 0.847288222814036 0.119805715571971 0.580129591232527 0.832993114526335 0.847468636368789 0.699013049838655 0.870318262578289
"cg13995453" 0.862374989668282 0.132012616622498 0.657181178053462 0.826575216309549 0.862388202087092 0.764510760580037 0.8502142747104
"cg16340422" 0.93257088855011 0.202615441888495 0.444320855794548 0.910016188562992 0.929456700034918 0.863004306624769 0.941420915716644
"cg26934362" 0.784609714537746 0.0897687387368041 0.493816274151773 0.770767190884879 0.852568885533464 0.698489527997307 0.848066027994871
"cg13209388" 0.887202129021913 0.15609703188847 0.74463022263424 0.821570433881939 0.883114136992336 0.83191068812188 0.857764788337373
"cg10796068" 0.863510166440178 0.149989928534433 0.778550149120247 0.833027526773957 0.854312533224344 0.828432978042042 0.862763117329844
"cg19915997" 0.873800393222664 0.16196540530249 0.715526719706505 0.84613695108552 0.875048603548329 0.846899236824896 0.87514650990824
"cg23474890" 0.790725220320983 0.148773782275117 0.864879431538493 0.87328484522312 0.930468543290261 0.599203600233353 0.924849900080323
"cg04527989" 0.881201054055281 0.174400799945232 0.840301223275939 0.839605571188997 0.878751346236826 0.858574995257898 0.887664219940181
"cg26209730" 0.939311135183039 0.218464156786452 0.930785779421768 0.861821887668512 0.932935361103923 0.876847735218631 0.936173346899615
"cg00805874" 0.934325599015791 0.198603756032524 0.977946281736114 0.829181426725378 0.939491618590104 0.736799447602273 0.9472452874517
"cg02663352" 0.880350679798525 0.176767537911401 0.882074465380762 0.829122553932672 0.894381237995427 0.829292015340853 0.900324069528695
"cg08985282" 0.847376115874012 0.139404363618969 0.799302300477429 0.791593336876757 0.875229304924266 0.743803159824304 0.874237151955277
"cg03548857" 0.116938569429293 0.550502757894565 0.0396331309793021 0.116506693766136 0.0403799661947308 0.177914766657478 0.0393161888041806
"cg05756780" 0.22870826860553 0.731787535709 0.455165649128651 0.449934183534696 0.0620854055235035 0.575245062050069 0.120907374069395
"cg10491452" 0.125840034721102 0.555864733198757 0.039484237800007 0.0772095448812054 0.0483235337803299 0.242515434117287 0.049055489119718
"cg08545593" 0.822074628082938 0.810465774939294 0.465487421133046 0.182186244896606 0.057320863568891 0.858080261455055 0.0510958994114098
"cg11948905" 0.381674732431817 0.691207662141997 0.469423443100314 0.256175186928505 0.0499252465777793 0.484403860578612 0.0420103394981579
"cg11147278" 0.364068184442399 0.685335844384337 0.378307386295595 0.231053451764252 0.0456455706182047 0.513641109082899 0.0517048602324346
"cg02381279" 0.248711040272304 0.616324312837267 0.0925696308200978 0.0947791802006806 0.0627166348673347 0.413577121404967 0.0623725787131828
"cg03780927" 0.166963627743717 0.649007627828401 0.0636697874665502 0.292148308053896 0.140297319814791 0.155403812184101 0.158002045644456
"cg04887172" 0.409513176135135 0.689521924492458 0.0375053505919623 0.165538796124442 0.0984848973592402 0.492711409955821 0.0930001792292146
"cg09704136" 0.732535115458467 0.747295423765895 0.0808125232109584 0.0836194962913052 0.0435267403919746 0.74451252984497 0.0432259052147616
"cg00084338" 0.113620045177046 0.650394409418661 0.0485171438609198 0.204457677554801 0.14135039527354 0.412772318952209 0.131011053396917
"cg00629585" 0.134798126025396 0.60002808323656 0.0874913955412903 0.136179544457782 0.106630198897787 0.178693791171462 0.0985754608555003
"cg01088404" 0.444348610281603 0.708796532813207 0.100213404747476 0.155610008679943 0.0536130688710928 0.68369856824745 0.0536246056857189
"cg27122888" 0.0600133097876311 0.552445511144001 0.132356153966985 0.0903245532414058 0.0544540198539405 0.126081418647494 0.0527736641983373
"cg11481582" 0.375482582842685 0.644295325198197 0.0589546051306106 0.0704760109131891 0.0402267489486462 0.447506384561105 0.0446454919574927
"cg24315421" 0.339648987507761 0.745332754710083 0.201151106891006 0.471308170929658 0.0547158541577161 0.540434078262532 0.0495884548381253
"cg09747445" 0.177810217776191 0.795851057061912 0.233926067439644 0.185830563567203 0.484521718994526 0.151805718261381 0.507155687506047
"cg25887844" 0.196238766964322 0.719227111264566 0.270529262329944 0.44808897668567 0.16604533915374 0.268297262211656 0.0978989617447639
"cg07675477" 0.214769914525246 0.689775566193245 0.101273243726156 0.214825157007261 0.156307248880975 0.360702668339215 0.160641029333013
"cg01447281" 0.0481056496982199 0.560461750937534 0.0699217454094251 0.115557323947854 0.0544516075683303 0.113712766265321 0.0465938460464297
"cg07687131" 0.485668726224605 0.713966425059341 0.0484752785463185 0.12274669405478 0.0718368439966024 0.579645937510086 0.0705402806136442
"cg22589728" 0.163892119323347 0.658647189496178 0.14639049978921 0.149026356801661 0.156716559639935 0.201012746113289 0.180606876213221
"cg09958402" 0.284965513579712 0.643618779724149 0.128722385248455 0.0628046876762998 0.0370420010300121 0.460140289644942 0.0476307492577993
"cg20049422" 0.786065361446912 0.835217436981673 0.286983010791007 0.135935860712746 0.060299796586627 0.862556463228416 0.124902807174071
"cg19736900" 0.404143868253825 0.701695602799917 0.14331496549784 0.114444345753555 0.0756341161746331 0.531745953939297 0.0714941898624168
"cg17087974" 0.41916773783181 0.717529228568749 0.248239215146638 0.115556068352443 0.0662609867759226 0.615148495495236 0.061294917846347
"cg25045219" 0.0902583044896192 0.717462134706258 0.192270348592154 0.350323276206201 0.099636264998498 0.561652998974674 0.132589781541913
"cg21638533" 0.175436415036645 0.798348686702998 0.705719742625634 0.830801771747043 0.0566552938876943 0.293390045472996 0.0594799773376243
"cg24728803" 0.440900196410563 0.718242560928162 0.0524168207874191 0.133026858775138 0.0819038667925724 0.554962315983849 0.0780529819875346
"cg26348226" 0.262743782774244 0.66092760958562 0.0946629311658716 0.0921133811798232 0.0585206334962207 0.446091539480068 0.0847826530338716
"cg09101151" 0.206632279752677 0.661867848349825 0.426811297000722 0.0918960656217366 0.120712752285091 0.270490098009387 0.120711151809731
"cg14649507" 0.471818525709004 0.732180776721298 0.367944349325206 0.138286995382605 0.0738723745355338 0.45538994254509 0.102000206314375
"cg26971042" 0.0660389720701731 0.597858047257875 0.060291312806348 0.0754876478282658 0.109543017776159 0.0772635129645586 0.124987223858427
"cg05608790" 0.293437609785844 0.738838150781376 0.125270347127441 0.129422167295591 0.114926315994198 0.558297169670269 0.209384740173337
"cg03677056" 0.637461838769971 0.809674281830385 0.0705126863857621 0.173540395798693 0.104558702192716 0.707686385576108 0.0970553275195133
"cg22897715" 0.205115499649997 0.628020268696427 0.0314702635206627 0.106462509191458 0.037431592807029 0.245465162842341 0.0380331688129921
"cg03837680" 0.12322951159614 0.624604379974393 0.270419159505508 0.102100668503974 0.0429770018118569 0.240350437708404 0.0425537677055053
"cg25817701" 0.193879094151746 0.832627039436824 0.608936408321257 0.10080226849696 0.425107679107487 0.191916547421838 0.536604689452514
"cg27218978" 0.303578909492257 0.760461445303348 0.462351794607281 0.170264550095353 0.200250770283399 0.437609412140051 0.0612540636535632
"cg21232161" 0.255650868172776 0.739395125561411 0.435490642392842 0.141010057315849 0.178618717898733 0.366172248236813 0.0784896360871192
"cg09001226" 0.319512511252675 0.768584409745885 0.608446976079437 0.264710504410354 0.0837893536096829 0.287589905244613 0.0873357967758443
"cg11173131" 0.233091579668624 0.688182987079371 0.0972385313466901 0.0901455504230577 0.0427798917711303 0.361564347786395 0.0401037971553233
"cg04179740" 0.0495661068474233 0.664526008745101 0.431441382281204 0.178598127413079 0.0518546806112669 0.0636266282136193 0.0532628703609345
"cg07381806" 0.106835283264456 0.721786747396229 0.51692062982758 0.100470382248083 0.078174785612219 0.144123117268967 0.230314055814081
"cg12273325" 0.0986586983862609 0.684533750397074 0.14877782871349 0.0845294155041509 0.0406240259611566 0.231051037198893 0.119359050708951
"cg18881723" 0.0497418915387502 0.663772252846918 0.128422904172076 0.0944532619663192 0.0529489445677867 0.163049749507458 0.0763576643454206
"cg13404688" 0.318465317479944 0.786459310030385 0.316105006365599 0.139914220942568 0.0529001943678977 0.566802995040492 0.086478479937301
"cg11358405" 0.191109630978349 0.716128057691876 0.0939020846094392 0.099794035306451 0.0369981655899412 0.334814122717517 0.0377865267842589
"cg06117093" 0.121463447533546 0.743968234010106 0.614873167022741 0.161180756124659 0.0505136101876593 0.327759521585279 0.0612273255634369
"cg17766305" 0.0852541676034753 0.80911707708479 0.110842347796488 0.0872591603189165 0.0446947140793775 0.216623012453631 0.0814850160580038
"cg06768361" 0.959007021331192 0.931616576253074 0.116852329613265 0.954703752844697 0.886204997109078 0.964802230431413 0.929358855731412
"cg25105522" 0.862847467508125 0.885029135266951 0.0882059639340019 0.926725591804296 0.916628399103764 0.855630064345874 0.917463555267762
"cg14203426" 0.971175260959522 0.969504762203134 0.167146371150798 0.960153531761735 0.953817539297093 0.960703078628954 0.945917119088037
"cg18168751" 0.968733390445843 0.969335656227237 0.17899940579281 0.962475295825878 0.962145914898524 0.964351921414782 0.962534219538219
"cg15974642" 0.90572244627798 0.896420792900025 0.114210549822616 0.896355965984462 0.894866512837786 0.904183228192655 0.882737665181138
"cg17052552" 0.889721808032818 0.885668541492596 0.115838061593849 0.88730236891965 0.902523693713793 0.884843091975379 0.901000439713473
"cg22353369" 0.875274364039313 0.907139898400963 0.120244125729568 0.899528836352657 0.887555811778434 0.880716259925331 0.885531536821856
"cg26811065" 0.889334583335244 0.835522336505166 0.0942367445846071 0.883841872743005 0.854983612029663 0.87976189039803 0.839207812571154
"cg04120520" 0.895314878846763 0.885534228338743 0.125697458382002 0.884318927501274 0.875108675204654 0.887777362782378 0.858513338814442
"cg11926444" 0.951568242610567 0.948288240184918 0.195752769810323 0.945425016488985 0.949674986312116 0.94991950532649 0.947039745940274
"cg26504110" 0.977980394509373 0.975148241405231 0.223500006302231 0.974679419224208 0.970805589020783 0.977860125595997 0.969296704528144
"cg11759194" 0.890880724709009 0.888024192025592 0.136966442055213 0.883688149922829 0.896424610832422 0.889696437799778 0.875931712800746
"cg21768884" 0.956327078519629 0.956688363209868 0.203388919361048 0.950333119065614 0.950125190643997 0.959886494522786 0.948075188038223
"cg12099546" 0.889637294709717 0.897924363813009 0.140810188855483 0.883356211643665 0.878655899317543 0.894202491226157 0.883525332342271
"cg13995599" 0.966409561448305 0.963991651216482 0.2201535032861 0.96427935817863 0.965146335943627 0.972440423702758 0.968542518630739
"cg17528559" 0.898560203691591 0.89483147307308 0.151076379227779 0.888501398494387 0.90169217424057 0.902547180139882 0.896130120854238
"cg08221288" 0.904282092086669 0.904335815210662 0.160290061108041 0.90773818631579 0.905687855714139 0.910702501289171 0.896387784741109
"cg09710521" 0.892737575200134 0.904929363045828 0.154146125846925 0.892993296118234 0.898145509175208 0.896903337352714 0.895557363282857
"cg14018024" 0.914446184392938 0.916059083206568 0.147219226018075 0.9132849269922 0.835904394019785 0.90674175371315 0.857460110558364
"cg04643690" 0.904317542354065 0.900691717680203 0.15165489094895 0.901025447369988 0.883711748038861 0.913591216113638 0.863788851868597
"cg17687789" 0.904960276883512 0.897965897115726 0.156426711111685 0.904210968947813 0.886470849735974 0.909057102408933 0.886897618645486
"cg26103369" 0.907846532910392 0.894050154957338 0.152726824586141 0.867967593469821 0.895734257992869 0.913336828012067 0.885576405281168
"cg12973904" 0.879408843535203 0.870071827507563 0.136941222446636 0.888145441969764 0.869665977556559 0.880495196027276 0.873897567511002
"cg07232003" 0.921580839936844 0.921409559946008 0.181925557141947 0.92239049065266 0.916107711542193 0.928972729702281 0.911994859904627
"cg25580656" 0.969191264728521 0.926032027001671 0.22087962793302 0.964216961378276 0.966871547573189 0.966859212709663 0.963591506341691
"cg09547025" 0.911286874801299 0.902638337623539 0.155164661366753 0.909907116414815 0.872172117609659 0.913428186656807 0.848588392419588
"cg25471557" 0.91099072219507 0.899793937827429 0.159885354749095 0.892756679747905 0.88691109971565 0.902902945058222 0.88442047600138
"cg02814691" 0.893548614055768 0.885783938880348 0.155757443362335 0.894303219530681 0.890468556695241 0.897334307490118 0.887776562649769
"cg26876834" 0.892097463391258 0.897364562275453 0.153453423401186 0.903208039446157 0.8799961298949 0.868162939272821 0.880847635765544
"cg13863638" 0.893097457733597 0.887654916674223 0.151609365135229 0.89102741976465 0.876459796331516 0.890269954158373 0.882204393235108
"cg20151221" 0.897126929080207 0.89681805097226 0.17424892881924 0.914564560297135 0.920622689510336 0.897951798530272 0.917230628353013
"cg08223760" 0.888369009219125 0.86749538537743 0.143213869699677 0.886108661429172 0.874523131171517 0.893796436337235 0.860539722087219
"cg00529757" 0.894958870479851 0.891106707828149 0.155656937121661 0.891718909823073 0.886586023400286 0.898848055779021 0.876384786086596
"cg05686445" 0.914775733027124 0.906065673205013 0.17413464226839 0.909119370305613 0.902628911854066 0.914113331661859 0.902425822562787
"cg04780984" 0.906181590348676 0.915044561935634 0.169718314295761 0.914385060279575 0.893926392892727 0.910043161502711 0.877644499477973
"cg16666745" 0.899312824073192 0.901250840891229 0.167041878934638 0.899530948083534 0.897904594963167 0.90123630755659 0.897565501479949
"cg27024200" 0.915412481290837 0.918237689979155 0.184789005867624 0.911340449081847 0.91445569104091 0.91875529861161 0.91960501202558
"cg10594510" 0.957228121619618 0.910619428671238 0.215012974676237 0.955321597719794 0.957928029088895 0.954493304721904 0.944972459155396
"cg01589587" 0.875421596265627 0.862754746800908 0.131204137679531 0.879603633704603 0.843590711386174 0.886909366735231 0.828756198248411
"cg00953201" 0.94681758884318 0.939918362679221 0.21266814471733 0.942937393838826 0.939632868978289 0.946780803412515 0.939986879960879
"cg23044178" 0.89573485085717 0.827936705915698 0.126601029111015 0.879333497913407 0.860746396141219 0.894961644571085 0.801459599111205
"cg16277229" 0.869029509486826 0.89608656393238 0.163746069566857 0.893892512780621 0.896940188814955 0.905127128984555 0.896097316544751
"cg26348616" 0.913278224487394 0.917855767537879 0.187674665157331 0.912506261132459 0.914618550434395 0.918848617389673 0.921512126525458
"cg24847366" 0.962130830212892 0.960441677198975 0.21523652633247 0.957902218849802 0.928921093622009 0.963616746669663 0.895383789101215
"cg24390871" 0.896050148167848 0.891105571125382 0.16574948289241 0.896372000769049 0.890336677400321 0.897558102134659 0.890492990212714
"cg12140749" 0.898622451959967 0.901145098959328 0.169906544560351 0.892049596102484 0.895151260562553 0.897542917095904 0.896318465703434
"cg22897659" 0.904644301415007 0.90866584751131 0.178529995589728 0.901289300668934 0.902480857853409 0.909552805140195 0.904294826708867
"cg07790778" 0.843044657018723 0.843803604698877 0.115120166070932 0.837765115558838 0.832795282050889 0.853023469017143 0.839628166673557
"cg22934200" 0.903161912385947 0.903993085997998 0.170251370637385 0.906396268481495 0.859941720950304 0.909714681132717 0.896650341153498
"cg04228042" 0.900636385675015 0.890732302791695 0.171621471599962 0.899094472980572 0.894501439605707 0.902944493028938 0.896320206441605
"cg13538637" 0.0809671226544339 0.313245582734047 0.591681447360429 0.0933091501135324 0.298958801258436 0.0935856887695852 0.294937293724777
"cg19537719" 0.20676730736886 0.170014798660847 0.57542945779469 0.200903629888641 0.177968479276705 0.220604910687956 0.177768479048588
"cg17707057" 0.0635361091586861 0.0573867980773721 0.472030662489518 0.185519502919725 0.0739631111013218 0.0594683467894517 0.0531617779594576
"cg09977703" 0.0488545920866419 0.0578303468902394 0.545260057415395 0.323806842628473 0.225882891089861 0.0431035671358985 0.194468008017331
"cg18051527" 0.294848852581552 0.0611065417215844 0.607139406405421 0.400132028793524 0.29588188855097 0.163105834611915 0.0875205660238987
"cg19918549" 0.0367705479467512 0.0355245396399161 0.453044853395545 0.0425074412250692 0.064108095253965 0.032710832115902 0.148533950745077
"cg20660269" 0.0313382558478609 0.0746324054162794 0.464229354355422 0.0388904788935561 0.177855395611542 0.0284495569976501 0.0539760144879017
"cg03466198" 0.245519804969324 0.154230763856898 0.547491444533757 0.288038449285905 0.0329318699578905 0.196541856938813 0.0292007679080058
"cg09729012" 0.153396966997517 0.14858450064877 0.54309421515723 0.159359125529871 0.165330988749564 0.14516825094107 0.115475429292451
"cg09742465" 0.238530200768131 0.0439299993981823 0.486825964797834 0.0477208023529492 0.0450269672471496 0.161458622680052 0.0448027308635084
"cg13962347" 0.0347879148892979 0.0344099754881342 0.446988669418769 0.0362067592753765 0.0505104271532772 0.0332434080010076 0.0932658090592547
"cg03638781" 0.0553758194057956 0.0457507721425338 0.462485990858502 0.0703259358066046 0.0693658038041408 0.0445971479834575 0.0733081249832767
"cg22184990" 0.0689823588469467 0.032280225348381 0.453760641034863 0.0658109444838291 0.0413437231675889 0.0694474903904108 0.0406167125760723
"cg05614346" 0.0748836592509143 0.0920754553764593 0.494027551520064 0.10004190870638 0.0825928065383595 0.0962046200634684 0.0796299151103861
"cg02508743" 0.31136908667674 0.0661642228770498 0.618768521661001 0.0628317765605422 0.233559539062897 0.33269328628462 0.287873851110263
"cg00092400" 0.0577378384970829 0.0821149428553373 0.516964008158258 0.262176429942575 0.0471135035059744 0.0542036576350245 0.0712513000154381
"cg27540367" 0.121010710443491 0.086466634932388 0.550950271504669 0.367411201760918 0.0501761167271295 0.0600117169953701 0.0490147852224446
"cg08574423" 0.0249362674459576 0.0980943906182169 0.483132041164594 0.0293992569842657 0.0428390189840152 0.0301655105541898 0.0941526687398663
"cg09458566" 0.280756555738558 0.0891004142830411 0.576045524166886 0.194048680892608 0.0582979362246727 0.294966968812803 0.058640066621338
"cg05596756" 0.0362678368938244 0.0580354468714383 0.494077791837936 0.102096340913987 0.0437200254371095 0.037532751989298 0.109461901059262
"cg24138325" 0.221262093822265 0.387666338813547 0.652205925770024 0.101944031022663 0.303188221141114 0.170392731486198 0.109744109375366
"cg04466898" 0.0571049011310643 0.0506786029469247 0.482681638254444 0.0517896095525165 0.050625997023368 0.0533643196397245 0.0508408476496327
"cg13152952" 0.0801093608305073 0.0432538401672394 0.488848118270235 0.0435794949139761 0.0410116601774177 0.0672895089709296 0.0413258597277378
"cg00360761" 0.297772399216801 0.0757831562559978 0.638984323079581 0.214813714778158 0.161035627162541 0.266146338401583 0.135620031018751
"cg04960065" 0.157299983459644 0.0927397163980749 0.55078124198349 0.0449683947018994 0.0395237779675066 0.233515771573038 0.0494613237533797
"cg27485596" 0.0754654592416209 0.112884314029411 0.655910725437969 0.196595666663621 0.291771969734424 0.0773887960072422 0.373071275042344
"cg13415831" 0.0929588737129643 0.0438827025449406 0.563135759503665 0.288202122957729 0.0428627598285153 0.099692943652413 0.0397066985336152
"cg08098128" 0.0597650720355048 0.0786634764609513 0.528761635610845 0.0894445765814991 0.0478491037834139 0.0630226677503698 0.038316658393842
"cg12634208" 0.404549153124757 0.21487479197707 0.683342814965276 0.191416011497131 0.104088912566013 0.3646142093116 0.104560156643979
"cg13639901" 0.0837766211820872 0.0779663459106442 0.558119575110695 0.114649922370308 0.0823099163118673 0.0707407403739388 0.0978810415319633
"cg11958644" 0.0766186050112398 0.191902292601308 0.553384753724421 0.0456733861591708 0.033067690001953 0.108735691466277 0.0407564132876968
"cg11630392" 0.076112464181509 0.0894697159151522 0.682983972011581 0.159003315595795 0.318780769037661 0.0752210311426172 0.498682630950956
"cg04987734" 0.0497683370376172 0.151720770816729 0.582208935876665 0.0443831083922006 0.110770628634859 0.0613509798653994 0.204346655086509
"cg06637812" 0.0794856165520617 0.266390668524642 0.615224324299003 0.117248297261543 0.0957884570659216 0.071725793206883 0.106265172658904
"cg20472746" 0.0541905192889516 0.0661262863298563 0.586832764530479 0.181915549515552 0.0660603855393387 0.0538618301278845 0.142871888642632
"cg07884764" 0.0895819857411494 0.0565307155031853 0.588463175055386 0.0651773981438925 0.15125170465069 0.0642489025186602 0.118176907284082
"cg03422583" 0.0690397073748588 0.214778869582856 0.57877540144043 0.040660862884222 0.0387743478900163 0.0476081853678966 0.0403171227468597
"cg08317738" 0.162370575446506 0.0993766273925415 0.630318247407718 0.1050495675924 0.112531199757836 0.231219036298732 0.103782540825005
"cg25598890" 0.198994581822991 0.0344026384764975 0.575400401759742 0.0509087938547595 0.0328353920837561 0.0580896662011028 0.0354215617408406
"cg15752436" 0.0477882639674045 0.0515534349722224 0.580200934061428 0.0502555542027854 0.0608047331974811 0.04985055867128 0.138075583056931
"cg03636488" 0.0737988956720873 0.129492087186174 0.619228721239013 0.0694077358229666 0.106163351556355 0.0883098596731559 0.149917117313844
"cg13408344" 0.0786899882724937 0.108139118958353 0.670846169696136 0.111392557334482 0.185711253781409 0.0666753817042843 0.34651999164031
"cg23966363" 0.0833245653354562 0.0434422891663221 0.586032359634505 0.0880227289132552 0.0638200139437807 0.0420723189644091 0.0550958164384029
"cg10825530" 0.127413749622975 0.0935146666157637 0.771905150161777 0.568761364201727 0.164619818973056 0.1029381778654 0.336720327313798
"cg13810673" 0.0376241439375269 0.0342784507903698 0.636733870224976 0.367037634122169 0.0378991355079165 0.0343218530268417 0.0778611020181197
"cg15153141" 0.273970562176214 0.058318620052815 0.628746607058049 0.0347314033584441 0.0289797592792565 0.129111167515228 0.056710998679733
"cg10768932" 0.0473302529946507 0.0544729744762047 0.663371045651221 0.0463601734737234 0.376670947928426 0.0395658312516548 0.0564970301872416
"cg02003183" 0.0354171553697495 0.0702167663617056 0.649686227109968 0.0387974264014833 0.0678823621985322 0.0433551879105494 0.092023757976685
"cg20979153" 0.0799547681379635 0.0875823178465001 0.749045685171647 0.556850877152434 0.0512713540272189 0.0674754850343623 0.0605983240944682
"cg01722297" 0.10046951285379 0.154522057992326 0.777807279416707 0.31712009574699 0.100604738274037 0.105007352808261 0.103894600925352
"cg01598421" 0.960423318534852 0.946742194112395 0.744672856315511 0.150630439454687 0.960203560623063 0.960457330425998 0.96614105976407
"cg17768768" 0.95919166400665 0.957416273555353 0.865277227961497 0.156710521311918 0.9523335289271 0.957849367664951 0.957564010485208
"cg25131632" 0.946987060162192 0.942803791748068 0.741460301638663 0.158255330272547 0.949503822810212 0.945582959806815 0.942128188258843
"cg13738327" 0.964174461155519 0.935487927876045 0.842690007652488 0.188493343615672 0.962683903278175 0.969356621294773 0.967464292737991
"cg27106643" 0.881444355210902 0.894422678351159 0.809086702004932 0.131208407851522 0.902429646087761 0.87062608242637 0.93009680048944
"cg19276014" 0.9700263685218 0.965889059408718 0.897569368593696 0.205697807942125 0.970432694657155 0.961861183660873 0.971331377150768
"cg01024458" 0.883843285445309 0.859485798300135 0.765529870274917 0.128284712200866 0.907972581579575 0.903169473762158 0.918312714686855
"cg26318872" 0.897026769036741 0.895308022068627 0.78977512500738 0.137372567806654 0.88358355320144 0.904679974195156 0.891622593467558
"cg11661493" 0.872998906364306 0.875157858052709 0.851711121454429 0.11620364213152 0.854588772354853 0.875797311213359 0.866446010215205
"cg03131366" 0.892558289582744 0.867942598960914 0.765169882907754 0.121857512150102 0.854604338863713 0.891012847587036 0.886255499606018
"cg17995557" 0.873963201809973 0.79068872740226 0.818325702862364 0.109208434599659 0.870412460562762 0.868876329560142 0.869590721538882
"cg16586807" 0.912463941991566 0.908381156104997 0.797857383829472 0.167107163910867 0.900705494679184 0.921364365489826 0.901122738375123
"cg07435215" 0.887491793590566 0.859154701082393 0.728033971878555 0.120529396538179 0.861524860705726 0.893332346667016 0.81360676778995
"cg13283094" 0.898882449654449 0.872976160905143 0.658146421416058 0.144878144731089 0.882647404159373 0.895873692894421 0.88479456978902
"cg05484949" 0.951428699793698 0.949537379328398 0.868642291353787 0.214636624362102 0.940187665867882 0.948480236563285 0.948721125427143
"cg14936008" 0.89793363200665 0.888761701056299 0.690719739653405 0.153912609137791 0.878365505576224 0.896365970715239 0.893025373085215
"cg25683989" 0.878868717487769 0.851817848455309 0.60726939557087 0.132641606803873 0.873597231378549 0.889230247310307 0.865207349155664
"cg15235922" 0.888731770709164 0.867426556608586 0.640011975247116 0.121784961562843 0.836008643317689 0.879965816988145 0.819645372563838
"cg16411445" 0.965645298710046 0.939757403088 0.793124590350016 0.223981352620566 0.95679722237712 0.961146946715717 0.958836295687132
"cg01868869" 0.89853970283309 0.890806383031693 0.680308288422472 0.160635709907334 0.892862786262853 0.897198779555496 0.890820900447908
"cg20602300" 0.894343972495987 0.891129552417377 0.847736754941385 0.166889668340466 0.894434198475373 0.896754555467069 0.890183326067796
"cg09201499" 0.957236578085809 0.94911066178037 0.92312921133975 0.225836679625414 0.946655095838331 0.960203168761401 0.946830718856277
"cg09469986" 0.870596031386794 0.827431830756318 0.502827196851612 0.124743133676034 0.861533812582978 0.877552426365053 0.885851193927297
"cg14066207" 0.836433905394356 0.900556485270284 0.734988158102596 0.162472170800317 0.92453308075401 0.829686768707859 0.931617760477816
"cg17679619" 0.860781453587383 0.851475537382793 0.673672683680323 0.125302355524493 0.853106674536481 0.871856920868487 0.842836284850872
"cg07558704" 0.939804994857201 0.941873164450461 0.891596886835913 0.214922999676418 0.936451974151764 0.941652695575201 0.935774060101121
"cg02212339" 0.918008485184814 0.941092667595881 0.759702332873727 0.210432421878103 0.952362665081661 0.917659524274051 0.954804995778699
"cg15532942" 0.876126197622322 0.832234468283687 0.628118008310674 0.134202596233022 0.873129387826061 0.8817393038928 0.868469439896766
"cg16085171" 0.834141190921824 0.880702320475489 0.684575041804448 0.144915279277014 0.874624704620429 0.871123064696061 0.887290427157054
"cg03860768" 0.841067216650345 0.839744635869636 0.578166612444507 0.116039888748054 0.864437344147546 0.814422188247504 0.849701902597353
"cg13356455" 0.898542208080131 0.797449097750182 0.646590109344189 0.141410694588633 0.886978807662395 0.891102866254561 0.872046618643929
"cg18250453" 0.882543678605341 0.784911771980947 0.839491754816494 0.146712780946515 0.888589071575008 0.883346081567095 0.894176786578514
"cg15348679" 0.937224398774545 0.943304719433798 0.723250151641957 0.20536650427335 0.888377194653331 0.968705617555934 0.910217994622477
"cg22212560" 0.907396933038186 0.87686627432962 0.808741689839903 0.117944259600518 0.640855817733109 0.909863416557834 0.849332175388082
"cg15035590" 0.886482284827602 0.88971199758907 0.739892174584196 0.17208543423254 0.88600795744319 0.896606730370091 0.884786743218859
"cg07145038" 0.879651468098199 0.864424941767384 0.552390581536688 0.152532521207695 0.880591588112946 0.884677350620887 0.869314256677696
"cg22826986" 0.809764231215136 0.790347594243179 0.492875025740788 0.101113719179736 0.868403752036478 0.801415908620866 0.840316502562193
"cg23948703" 0.853134168293901 0.819875537708602 0.641112762911779 0.129664193630426 0.852526024078432 0.857049555898918 0.855855862628883
"cg19931733" 0.862369674326152 0.854530657182616 0.835247673498056 0.136564209337668 0.812116357107149 0.863842738480475 0.840891456610753
"cg03402235" 0.889344885005468 0.864390300393164 0.752728347901394 0.153362248217272 0.846820183880724 0.899041629382361 0.839114763295461
"cg21596498" 0.81270477727896 0.83652483093902 0.657990569332008 0.135398864899145 0.875547846102201 0.854303651507474 0.866455359927737
"cg26552743" 0.886204922681242 0.852933501531685 0.601541693402165 0.149309434823243 0.851383237273425 0.888937748294996 0.85843649465703
"cg12583572" 0.887682959569758 0.905446019356838 0.913829900996343 0.2023297508392 0.910117761450372 0.904498846877873 0.925565142550567
"cg12604490" 0.844620710787815 0.810435716989193 0.614419230904255 0.121882911149587 0.837506452131912 0.869838127398984 0.831095078037848
"cg23683962" 0.89886287207487 0.870854941003518 0.825024016412359 0.181811038091038 0.894868212962621 0.89508846202533 0.889318337059814
"cg05524458" 0.869299219677043 0.857421467164369 0.64210418362763 0.124492550187983 0.84565598372864 0.877884845356594 0.741686461552557
"cg22381248" 0.874975945358479 0.845099172789441 0.577527740014576 0.136680512387169 0.821503709679272 0.839563641172988 0.861165529638813
"cg22256853" 0.835446652193361 0.765422395482478 0.588386508835663 0.122087080430653 0.848632045210306 0.860408594921871 0.873382211781009
"cg02630207" 0.865109616901371 0.844218384345052 0.710085505384893 0.132309848460832 0.812680640441643 0.879625390735778 0.806047163866578
"cg14482811" 0.958799791741955 0.866154671590191 0.807865817989505 0.223965316040428 0.937237629013956 0.958073884616901 0.941598376384141
"cg27492103" 0.0825149916937421 0.435122606563567 0.671884965156024 0.769969310953425 0.386689834788259 0.0748262119340018 0.0671398757510643
"cg18020065" 0.684146916715015 0.0721165455310359 0.38238705484275 0.767551746177817 0.0703280040686879 0.436818940709573 0.0670619393915309
"cg27507284" 0.338316948954099 0.104056822296246 0.58745113629437 0.702539443111942 0.0587988838664435 0.329171284638407 0.0621822967952662
"cg03798942" 0.0814348181744821 0.0707660357561165 0.304553104339499 0.720291189118359 0.534736409171271 0.14295248862696 0.102351686416131
"cg08698943" 0.155417565643598 0.331749193839646 0.534081839629302 0.788357865591755 0.0866443372359472 0.34117340050144 0.344451518164911
"cg20236089" 0.140022578381015 0.0503293121249852 0.0759154939309522 0.640200709787109 0.070305240828651 0.112668242579195 0.198646110112253
"cg20450123" 0.181344991436704 0.0933389973962592 0.499173088437799 0.677306945645123 0.162354207689119 0.199551992653071 0.0658723299476575
"cg17950348" 0.573215147537067 0.0603310907742356 0.541651404489039 0.756831450981139 0.0621972348406055 0.499868673083206 0.044843909601212
"cg24834394" 0.300001319478266 0.343154895647829 0.646177990403531 0.807685763714501 0.334611696278134 0.277047611848587 0.0536023403718895
"cg20380468" 0.0546186156416175 0.436249617443062 0.600727799676268 0.790505470314205 0.393672610658231 0.0719063901865638 0.157015618359636
"cg08446038" 0.0888290282685135 0.515386060293373 0.432383468497552 0.760592097055681 0.116425557708365 0.173278940438522 0.135693635296579
"cg07091500" 0.104026339263898 0.472617277685785 0.233664806977007 0.729054498537801 0.0818617567347366 0.169750394367749 0.0845628943846326
"cg00335124" 0.238263391686172 0.143335716000674 0.63440053859143 0.816280850871318 0.604772729887472 0.348788058471178 0.0443027615750843
"cg07249939" 0.254983685927341 0.0695346216647094 0.498547060248845 0.732038279520456 0.208680850908636 0.225955744190884 0.195953126685421
"cg09076077" 0.460123465191649 0.0681838540030507 0.506457228799776 0.746580953204763 0.0752272580286118 0.435345771586149 0.0851896141725113
"cg20541456" 0.044091244870089 0.391770071505905 0.399865016038531 0.682320673059235 0.0542407962269191 0.0848592980677997 0.0279855513725987
"cg20025658" 0.0563568411605569 0.0673685384287312 0.223012280071241 0.653046188328857 0.237423336568932 0.0489689819784228 0.11451273500539
"cg07725527" 0.0999085813779735 0.100170465763867 0.655213343986745 0.671468510417152 0.134597393071162 0.104364301069607 0.100568819477192
"cg07093324" 0.178497974004288 0.445201064767955 0.700927832101419 0.776124701004736 0.111935894295009 0.253874446906038 0.0619535352854802
"cg03889263" 0.0935565300593433 0.604163556651268 0.203835354002743 0.76032341097269 0.0761444377519017 0.129946696958508 0.0772155902764689
"cg23433370" 0.56461360753597 0.0851646097161403 0.726803600155278 0.773780173480429 0.0566079969148703 0.445852834212489 0.0285840856214775
"cg26366091" 0.205478645760805 0.133629752381187 0.466502246655727 0.683238670052146 0.0324398359455082 0.264867275182292 0.0387051048362256
"cg03272225" 0.0492406694418453 0.0682194728606252 0.286572056092032 0.625083542553915 0.0960181291250655 0.0503552759562239 0.0683047533942771
"cg19268695" 0.0724672162369055 0.0799222789955963 0.58725706049661 0.768405538544261 0.152961493327724 0.0655030331526119 0.59106117011232
"cg21278103" 0.424308316455396 0.422890661870711 0.0936441881022912 0.83627746272075 0.118899908453139 0.426429056441516 0.0963226563568564
"cg00619207" 0.0763265920481061 0.08213982895629 0.524143091505227 0.746083652234467 0.127998171143762 0.0699249543814333 0.488072159066716
"cg02879423" 0.11291352197511 0.105419544341497 0.565976891169921 0.807092251611621 0.736285747356222 0.110993008917948 0.0807580617019569
"cg22446709" 0.0391983741883966 0.0390220315946988 0.0267325263534278 0.595385229137762 0.0455851741215952 0.0424691360431641 0.0317908970412219
"cg25983531" 0.367799533929032 0.121155152187521 0.513852322115368 0.74903892073787 0.0885375122372628 0.310932122660843 0.0815505043096539
"cg09849688" 0.222514689917873 0.171165517020058 0.467665031006542 0.712482804371206 0.057903285619613 0.179123357674319 0.0561720200563469
"cg00058449" 0.333706843528732 0.0749925980995037 0.655781899956328 0.816425568414658 0.274247407921791 0.284823078984406 0.243327671623364
"cg15906007" 0.081146293937079 0.0757461223036831 0.112175521851469 0.70004324626736 0.269395320496895 0.0872054686225895 0.118364894098949
"cg01054402" 0.0793127937341603 0.511053225872146 0.371970329003643 0.804045382761107 0.234206707199882 0.14526142303176 0.069555919537449
"cg08682625" 0.0668510513535247 0.266215074452301 0.526039841400123 0.711498777109223 0.0690526698425625 0.107677218569571 0.0588276462496475
"cg00902153" 0.151527567512497 0.681600621323633 0.436721221465377 0.827609473402166 0.0452472918656144 0.146958883205648 0.0649200556895716
"cg01156249" 0.277586092037271 0.616102317545105 0.704025507234539 0.865411202223853 0.0582104168527243 0.225772166059721 0.0518844950156516
"cg07635227" 0.137437536525703 0.424863840901419 0.534525984813479 0.767418428339213 0.0347191096105087 0.128083368075619 0.0363200114553308
"cg25518868" 0.0926634849525368 0.162853860148357 0.728037010575858 0.709703717168631 0.0464448047655833 0.137271332282586 0.0423557035535122
"cg14317609" 0.0705827308670045 0.0535197158897376 0.0420908297884071 0.653679633628057 0.0554136138221764 0.0753517430659204 0.0553577163144247
"cg21291385" 0.0678866683051541 0.128622023773519 0.666101577655058 0.776845040278055 0.380510883513136 0.0771266185591422 0.0820902227900415
"cg09300089" 0.339505914344509 0.0678864996506227 0.582662432345812 0.750332119092222 0.058986143966066 0.186384512857505 0.0481819263171621
"cg19269039" 0.0514400827164096 0.0724403792173496 0.648761682713848 0.774147862216771 0.141197802966879 0.0553371782039948 0.397390346586077
"cg23357708" 0.0949559942489883 0.135861630178286 0.387780223106283 0.730365956449419 0.0568885363425295 0.160515710621346 0.0542388861856219
"cg25336765" 0.24899946828563 0.0961253166860732 0.52465423619448 0.788639830409917 0.060382678144404 0.275122026105266 0.0748251447616204
"cg08864105" 0.139355224657553 0.110953051831306 0.489096773232652 0.761313187510267 0.0630222673834876 0.183402586473729 0.0719809190937962
"cg08560387" 0.0760555558677461 0.0426302112501061 0.308749195818431 0.710642609464474 0.0384945809847341 0.0419861725928197 0.0353826616280129
"cg17266282" 0.10990950380097 0.177324582906324 0.80993990394754 0.853300238527817 0.125287284018254 0.125094549238605 0.130729091630821
"cg02606840" 0.0371583299701555 0.0471032348816278 0.526148120092428 0.792576342700819 0.091267289240179 0.0366169131053011 0.0446369517043758
"cg03429643" 0.0440189870290991 0.0471066367076959 0.361777392202833 0.781930135338522 0.0461078024029408 0.0431260717190692 0.0402111021821951
"cg26872907" 0.911059984639523 0.87799462939096 0.846489775803196 0.912768265720889 0.0813274633890899 0.933844750433229 0.920366363103415
"cg23244761" 0.953443204097964 0.919146117559287 0.906526202137943 0.942992412618112 0.133072246678323 0.966328740588114 0.956346778391548
"cg10480329" 0.89780098146748 0.881831292917177 0.898564681573108 0.891689552542533 0.104659393216151 0.913459465852354 0.844921488285307
"cg20559385" 0.861435842737734 0.846010764520247 0.653822857131087 0.85513778782464 0.0688785701039934 0.887122316467472 0.818162847903297
"cg12655112" 0.922774609466469 0.905515081792662 0.728356948738549 0.875704531283499 0.116664789036501 0.94558126300806 0.745553190542449
"cg05923857" 0.795203947662705 0.877811926175608 0.86622647766341 0.864450262784814 0.101638937481519 0.898475505640271 0.821539731839612
"cg20610950" 0.890390133965259 0.87173578876556 0.868130272233838 0.888712492891194 0.0804922402822943 0.9033270706078 0.581546379694945
"cg18066690" 0.891437771085363 0.877805482297407 0.775019788809576 0.893892559400735 0.14530383896074 0.908532308429385 0.886538641050261
"cg12422199" 0.859858983021253 0.774058267238506 0.772247645158758 0.769328314634363 0.0784635038326634 0.867452099690095 0.850197890128569
"cg24788483" 0.862157917657458 0.897363510674348 0.835127820332823 0.881320967701832 0.148222975969781 0.936746897308101 0.877932469574897
"cg18990407" 0.923723362044335 0.900798727110414 0.802072762943518 0.92460922100606 0.145953267449836 0.941272437026103 0.763204594155492
"cg23146741" 0.843191536871581 0.803582547881665 0.720994645325441 0.822521106360425 0.080963387906507 0.856514115379707 0.754742926866898
"cg03339817" 0.960481055858331 0.936121410582368 0.680727407183113 0.931957038267077 0.211069098148626 0.968719585576829 0.955239053962579
"cg16636767" 0.871881380237021 0.851167743623175 0.834426520016731 0.851664693595882 0.133138180422614 0.86911190544004 0.861588963038447
"cg01476222" 0.878999391444657 0.819499573791601 0.850587768176421 0.802949141839742 0.113745820736461 0.883481071769599 0.834879862072267
"cg24954967" 0.871344810951482 0.818156351433718 0.567170573745432 0.733707534455565 0.0759997027039912 0.890559804617853 0.746128945336495
"cg22675702" 0.827530011386356 0.811173803661233 0.835932273993048 0.829770181576883 0.104968575047946 0.851271842229675 0.810870598124356
"cg00288598" 0.856604117481135 0.913540326373643 0.93339048741564 0.932208594229246 0.150720534651228 0.94040120242987 0.711935008919952
"cg08908131" 0.844209764426364 0.792288961250973 0.568081708032928 0.835117999157027 0.0951443992543523 0.859156923704876 0.803842974219623
"cg09322573" 0.865719780759521 0.837902275120021 0.609454971162137 0.842749468586798 0.0881976962499203 0.881717444694134 0.66720801817377
"cg10278149" 0.870020722604637 0.848327067373328 0.564202223000974 0.789319090772224 0.0813573031119561 0.890256996558643 0.666658029708973
"cg02244028" 0.868257685054089 0.842751860042262 0.64731180826035 0.864018173950384 0.124898374547929 0.88261718213558 0.794242424411537
"cg10649130" 0.857426699907976 0.852221407710024 0.75605890544231 0.821131557140159 0.100723054860498 0.858843084222088 0.679429004907777
"cg00101629" 0.875901361263672 0.857280417212502 0.664049174246521 0.870447707584689 0.139221360568944 0.900143238003088 0.785035536183072
"cg16736889" 0.826889410940949 0.812312802900762 0.731320668057006 0.758076341529983 0.107908208286768 0.845153315362418 0.853159998088277
"cg22259797" 0.849654307878271 0.884555526167539 0.891013720309529 0.901694773622697 0.0957768315917826 0.89906764010401 0.486180097579171
"cg19835973" 0.883372661398843 0.85479948292223 0.798033020314785 0.905148091974608 0.183293211148629 0.904704041750214 0.905333368202628
"cg27366072" 0.869203749232418 0.834288386616144 0.709273592368292 0.827719313893709 0.110834731806733 0.884976419252707 0.696237413263718
"cg09220326" 0.874783938518941 0.847062013079465 0.72843441332188 0.86625813304314 0.108203559822992 0.889259679618393 0.617548014637005
"cg05669832" 0.833795571619903 0.862173647254248 0.790690509040694 0.774964482481026 0.134902714312047 0.895249281412073 0.842228285726142
"cg04468741" 0.80400767914702 0.833648193916336 0.798906959706264 0.855920857350545 0.125115190917003 0.863351897113125 0.788591389684989
"cg04478930" 0.903655695367078 0.860050620875488 0.663817831681734 0.895538291157363 0.151957177478882 0.914317283249648 0.747189624230696
"cg26538782" 0.851605188854645 0.836486135825577 0.692532031816298 0.822166728231264 0.128344981002803 0.833796241893709 0.819826371091508
"cg10558233" 0.78520749817067 0.801065638124314 0.666036717426088 0.82487566829264 0.0993282908793877 0.829976530610502 0.783625052799951
"cg16429499" 0.850438509321158 0.816792205857778 0.643413757373689 0.565367322574876 0.0789860795987527 0.880882133294393 0.838923140273828
"cg10499974" 0.873719650740112 0.8503452533369 0.578169845324846 0.848866838665987 0.0754525121080126 0.911738592740498 0.467832838674983
"cg10624395" 0.889865189376016 0.866013645950294 0.756831294462485 0.892828387430946 0.187499776865802 0.909459762010809 0.89711386307222
"cg18770149" 0.856882928343509 0.813724341544762 0.590823407195131 0.855451549099912 0.139347962531954 0.879060525583405 0.835010499870014
"cg02780988" 0.825607922437825 0.784759167493231 0.547233389822048 0.820496657988564 0.113117165709931 0.853667788617452 0.825587971734398
"cg26690127" 0.812060048240507 0.856258102612485 0.66526518091947 0.779716719367617 0.10449673962541 0.878785335650253 0.712262566606738
"cg07002540" 0.821690551745637 0.771463013706687 0.578535712149867 0.861378133179112 0.0971588203671391 0.875462655453893 0.69223630928919
"cg14109551" 0.869186669633994 0.848365186458665 0.542752028379907 0.869853325422671 0.131185381261214 0.88376132904925 0.7139060022766
"cg06297318" 0.816337792117848 0.817211254006644 0.659886194433701 0.799822203895428 0.116398482801498 0.829045245070707 0.783659873658924
"cg24037651" 0.810039222176467 0.73269568724261 0.661606272654964 0.780498536178548 0.0935366470892081 0.824025777956903 0.797046842248899
"cg20641531" 0.876381362128598 0.864629995044763 0.814715373760853 0.870231701451283 0.16567335833208 0.895958923950938 0.774103642603875
"cg11186858" 0.933651128241589 0.880642447745387 0.926503582099054 0.909276016627327 0.147879574667511 0.955502372231722 0.522198432054275
"cg21459713" 0.867750949299173 0.855759472123327 0.862722756042928 0.859213902939047 0.175672543577494 0.869448147107867 0.856371369819442
"cg12192282" 0.877325738466096 0.864721082134198 0.737199489121437 0.861814475760337 0.16891949016011 0.882636471462014 0.815571664028083
"cg26326621" 0.886146315486046 0.845119833633617 0.793750250798566 0.891922801158055 0.185607318989773 0.914380696050857 0.849032517272959
"cg07846061" 0.831767118636104 0.789257035364498 0.606384501967244 0.826922732390446 0.0862818804739641 0.855636802526694 0.610985537242171
"cg17161520" 0.0847587622214397 0.165049627238677 0.565650966547104 0.0787982697565672 0.735822973425775 0.070202050502996 0.815496343573801
"cg27183818" 0.549162326805133 0.0955112570742081 0.732908963955647 0.0742457522261443 0.860018759438063 0.338609070334655 0.882853675513412
"cg14057303" 0.100342939546842 0.133915638586174 0.165323444593741 0.470108334351307 0.795349065388663 0.0727975904484715 0.795783473780136
"cg24216966" 0.187213280417032 0.269920877581574 0.7844742649169 0.245864930543955 0.843194965297365 0.148394227583786 0.859131943612654
"cg23213217" 0.112625968042276 0.45190796185108 0.684220666742286 0.579514776011448 0.790093986940961 0.0944594795045572 0.156715066076304
"cg14364797" 0.0930901208255827 0.0657626960840525 0.822774141978155 0.661815904150702 0.737291616604362 0.0438727865867923 0.263070723457639
"cg08622666" 0.350252161389286 0.121745521192905 0.606542766843347 0.139842990583946 0.816807594119596 0.14680248968999 0.844352993959137
"cg24957609" 0.154564514924704 0.112018575586201 0.70391932615312 0.393875788455087 0.762097129291577 0.0840654320832681 0.527708535969383
"cg20055861" 0.169346173949924 0.327127355225912 0.564100863544975 0.0794020273566493 0.821061010275745 0.146508520919843 0.844951157687167
"cg15188939" 0.313105128352686 0.262472085452442 0.609758382967567 0.136250015675233 0.852483846840142 0.150640139759435 0.87050558513858
"cg26348243" 0.13133519764111 0.519864174133709 0.764604296223174 0.273361203131015 0.925529989667071 0.115255249906547 0.948358351628945
"cg07706695" 0.0663187031514692 0.106271775588792 0.546377837860452 0.25134738630084 0.762593768545775 0.0423437010778887 0.796151203376336
"cg19510565" 0.0877801703715648 0.104132655505814 0.568308276373927 0.26737895915767 0.770296998683066 0.0534946039186993 0.787510026567304
"cg12603453" 0.111468401801809 0.114434509249147 0.848303047871637 0.811203813009181 0.819116545174759 0.0901818759060781 0.36724056923812
"cg25050392" 0.0929576664910862 0.153035974598414 0.657501646140156 0.402609515506261 0.828987968041269 0.0809223764619385 0.834768847281922
"cg27027055" 0.110336945582161 0.170955357644288 0.668353560247784 0.426832722409675 0.843310803903878 0.0616352552846117 0.84034205352394
"cg21999229" 0.0849519770411966 0.129095925110227 0.527733618865482 0.0848644948659645 0.730913470221762 0.0559343644491119 0.73745168115777
"cg12476487" 0.130501777458727 0.0966268139655229 0.655336395643172 0.591612448038917 0.873625011487915 0.0471489740080317 0.889762569674591
"cg03961551" 0.114557863958744 0.124766008061668 0.426909597045927 0.318966588817625 0.801109155012497 0.0797753558672328 0.808432872826322
"cg05052463" 0.174508093590742 0.232735249043961 0.7395474377901 0.0833712262455723 0.800978697466755 0.0782176379965083 0.809259186425935
"cg00517080" 0.432413805247991 0.152113680806553 0.70325949583387 0.0720666203721421 0.853858806603129 0.264619824341881 0.826097199405265
"cg06208288" 0.199967233576673 0.123877620729515 0.67323934436714 0.522559668638754 0.899994073441759 0.165601251694774 0.901038859262914
"cg26217402" 0.19435696951258 0.339344506198398 0.390251980320681 0.21841354629288 0.866853735049528 0.161114765165914 0.857197447515159
"cg10639435" 0.116505374767198 0.104617507805859 0.54508647049719 0.561245516518284 0.795320151463772 0.106963298201598 0.508913149758903
"cg17078393" 0.150345451962181 0.307980029102366 0.654782101763948 0.136556368106316 0.834534339575918 0.103977199415468 0.841932056676691
"cg03916225" 0.0870372450248688 0.106038150823298 0.444239909092571 0.341435067265708 0.796875936568339 0.0653971579866503 0.792599571115467
"cg14437551" 0.0541401650512707 0.074902411116974 0.40718537937701 0.0579074500968343 0.717902727375978 0.0463734700005437 0.750650242155561
"cg21201401" 0.0882904634478014 0.108045426821678 0.141178462578256 0.244335410667986 0.793758756360046 0.0619572388660189 0.878287856996312
"cg12609063" 0.0789198304945803 0.0867295874497502 0.472110803406259 0.394622453650645 0.780779367573116 0.0556674968392342 0.636455645630058
"cg21577598" 0.0600402475054875 0.163358974180174 0.64082506996384 0.235403389857349 0.803653360839767 0.0421511624420114 0.812322749835604
"cg17587997" 0.421403321677712 0.096098723526519 0.612917965922107 0.125346396393616 0.872921460192533 0.256871215997265 0.881788182284347
"cg01849093" 0.224769441473684 0.138501370382946 0.402408047357825 0.235075047847307 0.84209694903552 0.180599220681026 0.816405307901012
"cg21830221" 0.103818789683726 0.116477595551928 0.462491947349598 0.0933069391454608 0.76866056510082 0.0799831408143369 0.780392080696565
"cg14165142" 0.0958658656953218 0.235611606939285 0.168259973640827 0.264288640783821 0.829105322682745 0.0641291839544147 0.834803094477122
"cg13554018" 0.123928011582719 0.0971712503603493 0.534512865270787 0.0701027946137048 0.765044859451234 0.0820778318023851 0.771294393388235
"cg04722215" 0.122341223797825 0.144134905466301 0.674164632668273 0.394209899629629 0.85717459322881 0.0890555998065432 0.794075180670009
"cg08169020" 0.0828548045735031 0.152179320127021 0.820700377381164 0.462674543812733 0.894043148642767 0.0705525797033842 0.913146388207306
"cg11316887" 0.117689068682739 0.103631315934054 0.513471133602645 0.0964505599221178 0.789677798600206 0.0625000680708961 0.860588024438856
"cg20805133" 0.0798188411301455 0.252632015782847 0.73705875835511 0.182038036388264 0.85134556785587 0.0564694636531455 0.891228786521534
"cg16219283" 0.148599809250377 0.217629540898095 0.71906583873257 0.154188258991554 0.851250367938291 0.115263088290866 0.860176627864554
"cg21359303" 0.0900600561225989 0.172006306233569 0.903516083147661 0.395690892734768 0.890060537538957 0.0565103331051259 0.90340426733853
"cg18148314" 0.0872190697494889 0.0936262961189359 0.490597678221595 0.260830433223307 0.821647483391669 0.0513275918180794 0.853249815570489
"cg14441276" 0.0857928593708308 0.115821921654407 0.439540118671685 0.0764263661363365 0.784143214325079 0.0605339599050872 0.790782763855582
"cg19097880" 0.078332792811511 0.0928214415683628 0.192296316746802 0.0782053413153607 0.766314490573698 0.051057473836872 0.7506200363127
"cg20513976" 0.0568376576823717 0.0810313233424772 0.128983282164407 0.272101480355237 0.830882548163347 0.0345524369964646 0.914064760007474
"cg17169196" 0.119233552159722 0.196082922813929 0.680152872553384 0.117294119999038 0.856514391703889 0.0816579842314067 0.874210740316417
"cg00446123" 0.0939974145764777 0.110712343491776 0.147083640846336 0.277014042627921 0.864141811704088 0.0705141372914032 0.927913155244629
"cg14597739" 0.0915110632816671 0.143583103665307 0.619659440599701 0.0921819064959365 0.836799136225976 0.0641564362594596 0.856446197146476
"cg03795574" 0.0569688562692304 0.330220344155628 0.664097356851418 0.0745622210948113 0.72289434761383 0.057804103871386 0.0717012274525678
"cg00219921" 0.767495490348777 0.816250062777144 0.755082395662328 0.873248705688188 0.873768609497553 0.13534327464328 0.875331824176655
"cg25939861" 0.644344049363881 0.574858838622267 0.568271523747728 0.836603832603408 0.826681497156839 0.0780272457295528 0.846950749761356
"cg18174654" 0.786063878165083 0.862158201221451 0.470029842712029 0.871169813113199 0.841233750070943 0.190212223312294 0.85717538033221
"cg25535316" 0.574007792172149 0.746152092468332 0.701655859546016 0.849910325500348 0.844773579204154 0.128491197401589 0.820104608259504
"cg08777095" 0.295140640335815 0.718503092812341 0.685269086802485 0.8958694096467 0.907625853361217 0.112362147438489 0.910897713411482
"cg12655059" 0.279706692673208 0.821412124740114 0.652841619046005 0.835838612151589 0.85436252207468 0.10148884978737 0.861136506858533
"cg18483549" 0.521119181491584 0.862533650000017 0.778567343887169 0.806149066164047 0.876203519577317 0.161605907759458 0.872448904940813
"cg06419846" 0.864588998602299 0.935055171951072 0.848601186870781 0.952542047118926 0.952671055668354 0.31337737875671 0.946239227322005
"cg11531557" 0.715463671703925 0.803401706555477 0.727503615779568 0.868537301308847 0.868347132455536 0.2080249211609 0.870821407735551
"cg24150662" 0.184003792958077 0.715480732628619 0.791560181800359 0.905400942713486 0.933225664657957 0.137202261565672 0.945900323954904
"cg16596052" 0.655118483141154 0.940245698349812 0.957066022613478 0.898193981108233 0.949123333321791 0.276060175500648 0.936868028634226
"cg20661080" 0.0784683897931987 0.691184762351391 0.629188279683632 0.847227771016442 0.836715297181384 0.0656516307813644 0.866010128385596
"cg06110802" 0.217713237384537 0.869411605334846 0.833411280253344 0.889642266137338 0.877839930160011 0.15746352839572 0.882460574077368
"cg02324835" 0.479872401731956 0.727806944250538 0.807678379416631 0.85315279536699 0.846964268255881 0.157769304135772 0.867347351016246
"cg04403423" 0.178286174059052 0.715839642781445 0.83712305384174 0.789590967782033 0.843639529416726 0.0922971210204954 0.847924312689369
"cg11210357" 0.109128661901051 0.751680014101367 0.805338733326469 0.825102285678699 0.857533297335508 0.0991608947321978 0.862103692589133
"cg16193207" 0.117578907140535 0.796921618494083 0.764313382652906 0.835744908958075 0.849803497376452 0.106840718945797 0.841706251971555
"cg08450017" 0.152532500275238 0.346726009128491 0.828491940372473 0.871785292201642 0.919708474452604 0.0574570020495999 0.932368440721099
"cg26033526" 0.214187937942931 0.635322214535438 0.646077644843058 0.756962389817972 0.847883765296972 0.0799172416788151 0.885004131999331
"cg02598071" 0.391506173706939 0.845427314155462 0.757911552856451 0.873910049506351 0.855069942660785 0.180953941113574 0.861635078254602
"cg04394724" 0.75467890427872 0.580556040219689 0.922830085993416 0.864134049718927 0.890993030071969 0.204965316260826 0.893279234650529
"cg01002223" 0.797772696379654 0.91095961824908 0.766268920029236 0.923235769847167 0.914791140859264 0.299876544963523 0.915759490853698
"cg07781401" 0.166381795302044 0.867777082415827 0.8057022225037 0.892162719773536 0.891487482854289 0.169238415297451 0.899512184733294
"cg06164961" 0.0855289852250679 0.623292562654016 0.594031633405902 0.86803687968182 0.87456971351557 0.0842622914373565 0.884840991511157
"cg04340595" 0.0942514000491119 0.513065676111303 0.833767865249925 0.870561491490317 0.916091393430552 0.0910807911487023 0.937490455396619
"cg25226014" 0.104436349541618 0.54328018292778 0.846118361340834 0.835862439160309 0.881526007789057 0.0786079559947513 0.883426977512694
"cg19825898" 0.204012371546443 0.790623208360087 0.775222975674861 0.89642231459669 0.906487296561794 0.171114771889753 0.917726312381202
"cg21407196" 0.139303846508453 0.778437845647525 0.766133107409925 0.850311491682294 0.847941504731143 0.122290310503463 0.83226980576451
"cg24402372" 0.141766256004558 0.747720917940514 0.659480550278699 0.840949909130749 0.840955845747798 0.114522913544476 0.857580000216273
"cg11067179" 0.774118950531391 0.845594124451584 0.74155525068182 0.816601255264069 0.863884506700707 0.251004369352128 0.862573730178527
"cg26720010" 0.137939763780075 0.784099243389591 0.746893352947524 0.866560863548954 0.851175040293722 0.131543860094617 0.846976680569445
"cg25235205" 0.466938388912008 0.768652027736997 0.677521979590104 0.828147996616951 0.831430104346124 0.170348678165679 0.831817063863636
"cg07235774" 0.413135700479022 0.807422981178692 0.659243008403579 0.880301219538942 0.868429879643199 0.191551195871649 0.855402715652182
"cg14016236" 0.757629160108829 0.391045007507681 0.111112797847348 0.330938213571734 0.0567396509270299 0.793455454960441 0.0532758938124062
"cg12183501" 0.691526091097369 0.212789570723533 0.0811841515660955 0.274209187076238 0.0777042536956007 0.741768452037763 0.0764249803013031
"cg04566677" 0.806529548368894 0.568218232344464 0.376887240425582 0.0987409852891938 0.0508378904063864 0.839800065662939 0.227862259671546
"cg09989037" 0.805273505060109 0.487825445793353 0.457902001804426 0.108556489901961 0.0655912950574359 0.828779078355243 0.215776344844084
"cg20048655" 0.617050796808603 0.5865301107278 0.335722419574937 0.0908054720170325 0.0845023294427779 0.784754439238827 0.0601390901517675
"cg21340621" 0.57212330034513 0.310448247316389 0.128798843988123 0.231559233199076 0.0586687083797569 0.735335721171098 0.0768124086464997
"cg09544144" 0.816550497803018 0.518854908530275 0.116222800260845 0.306033108179076 0.0626322376355811 0.841944161529201 0.097629138491671
"cg16207263" 0.532493106231516 0.0800452502581438 0.0344877062333649 0.0671514165439046 0.0522978052350523 0.637482488189461 0.0479218231994436
"cg01990910" 0.816901450697715 0.414241346195641 0.0767160170677158 0.416507203290448 0.106163656323523 0.850009084488946 0.108819073186917
"cg09349128" 0.522780184680435 0.133434548706775 0.153981642731358 0.0976255982227056 0.0607357506655885 0.683065721322669 0.170550421946889
"cg25140190" 0.815755862694383 0.239451384504626 0.0822758272913074 0.590974743183483 0.0926823526966003 0.839726380131764 0.08453641732673
"cg18522931" 0.771477796023241 0.648449975906391 0.230722211094928 0.0825347245056653 0.0609198017061241 0.818719757267311 0.0612129203675798
"cg03664994" 0.736059785372653 0.551838956506143 0.083383909244176 0.127417198289634 0.0487536530180753 0.790695354603233 0.0499931281074188
"cg23570245" 0.691717573875781 0.144611608570036 0.597562635393449 0.0924129062368416 0.0668631912819004 0.712083900753007 0.0637875652046786
"cg04642300" 0.631999960540265 0.0462125209070816 0.0581343058146214 0.072456334027401 0.042231401425108 0.648939143772328 0.0416671153841022
"cg00159523" 0.765814078841875 0.467502135695591 0.056433101526553 0.159183596260233 0.123740737702614 0.816008221484751 0.140829102724107
"cg01233897" 0.689103883685599 0.241147204920158 0.0532045894890573 0.0650291610753573 0.0632663264650132 0.710213962647579 0.0642691475613555
"cg13854219" 0.754549363220271 0.517642674994882 0.147467005769411 0.172390492057008 0.0413305264114573 0.802574791328915 0.0643869324500521
"cg07799277" 0.621411940176461 0.469655346621585 0.0408777547511972 0.132440559663962 0.0673368155320262 0.762205124331414 0.0620054894403387
"cg03593014" 0.775064150083542 0.630893263937341 0.380498664101613 0.105553587691818 0.0659162349590857 0.833645246532003 0.0684346076727883
"cg16824282" 0.814866317384004 0.623507964611753 0.341893030576427 0.127351090928549 0.0822920466884105 0.843731714445942 0.0490908049951383
"cg09914404" 0.650953047130592 0.13567575583555 0.124760719655025 0.240470419398446 0.0867300702979273 0.729188512270887 0.0645227604457561
"cg24401262" 0.765315666481243 0.529655292695659 0.280194933044918 0.0650957341944608 0.0362134357054083 0.803615418987349 0.032699766176768
"cg27097542" 0.767197706019503 0.352048239127032 0.198676638431243 0.277877882028601 0.0648873946412509 0.812832182092606 0.0527773128421423
"cg20545410" 0.766554465479126 0.284388426122697 0.458603751310376 0.0758629499008886 0.0810821776525464 0.819114736234265 0.288192813780869
"cg25711558" 0.620047430907935 0.173845621269707 0.0603782637799228 0.0484410184295726 0.0378665999382857 0.706422495415889 0.0325097443529234
"cg24902461" 0.648445553842158 0.414368441713102 0.219854885171045 0.0923154880992063 0.061971162656585 0.787138270517495 0.0555304745977922
"cg16563370" 0.658579726323187 0.103802940906266 0.0807235814522787 0.136977006587145 0.0964445291470194 0.737164708653027 0.0733588872342222
"cg17329534" 0.107373480509731 0.331876054732605 0.175494858214527 0.608855447493067 0.0596918256619393 0.78020838935886 0.0579262494530765
"cg22193912" 0.661932682321136 0.141720510375347 0.0296309188801796 0.09514038038877 0.0303330138683105 0.748164078224743 0.0286306395197512
"cg05398700" 0.939463895579693 0.933801623592316 0.887162960969703 0.928398120572315 0.871322760407503 0.95159659725335 0.0728966300368745
"cg22381196" 0.899483646659482 0.89531228445698 0.790264529794851 0.903781957282216 0.635821875016584 0.924201414696557 0.0428250028478326
"cg25600606" 0.889979568117224 0.889105330007004 0.739614394611522 0.891887142160923 0.820855247214355 0.895706202321346 0.0745938585228341
"cg13468144" 0.874904351004888 0.855100830361796 0.763785908667141 0.881348580616987 0.868019541779115 0.903790850926577 0.0732677630667098
"cg25739938" 0.879981063857581 0.882366099305378 0.701894766539748 0.882689896196601 0.851644564350716 0.89880920061165 0.0832736396445739
"cg23819411" 0.911314897930317 0.905836732678369 0.693826556437896 0.909381597019651 0.71943118376979 0.933091493815227 0.0790884634944829
"cg04858164" 0.87968412393452 0.889943254094186 0.782921284678609 0.887841412511516 0.825013388020665 0.889261856073449 0.0851686861524202
"cg00705730" 0.862574082517274 0.85409818120683 0.5920965185766 0.87040561442241 0.813620158914835 0.875702763301529 0.0609087991013403
"cg06270401" 0.873641398098645 0.852047410381226 0.487356222207591 0.875700261113581 0.80233621663303 0.892191467608131 0.0609003460382906
"cg15878616" 0.955853805126889 0.948335619198282 0.865366238165839 0.951947812065617 0.527643793426645 0.964097553808011 0.0855226341374851
"cg16802439" 0.919430331206653 0.912968042456479 0.736477101229067 0.930209619573821 0.686916276394756 0.948555158574778 0.092410586564406
"cg12483340" 0.862601863923559 0.866240682346846 0.670311208604276 0.867805669512144 0.711287267857824 0.883364185547375 0.0567675435585944
"cg11313468" 0.863221234431842 0.837835000422685 0.766815834023165 0.869813318518174 0.721346824403614 0.878738252504102 0.0557941306482417
"cg19037107" 0.878984486565219 0.872023645877665 0.756263757697672 0.881189801381923 0.828676716056792 0.894585740849027 0.0959669447421345
"cg03340036" 0.867837100011782 0.86759118959166 0.764815476718942 0.882562405627058 0.738602970028274 0.890269543667697 0.0743429667782241
"cg03637218" 0.876551381175414 0.868790547374503 0.523339300976477 0.872293615383655 0.846203755273076 0.865824088971583 0.0861135611306441
"cg01692842" 0.868743033777918 0.836053669289401 0.605315859201352 0.869385019155768 0.79064311938013 0.885439676307732 0.0725708555692121
"cg21685770" 0.888312922745311 0.882854854803496 0.481108225291481 0.884523340056678 0.622625293344407 0.891983942771416 0.053015485427349
"cg05936004" 0.885608241640725 0.848883937703923 0.69860628084915 0.893092945248852 0.774765989119452 0.89197183467426 0.0866043127370184
"cg25693317" 0.871233596323764 0.852520902464887 0.671666973576835 0.869091010364482 0.766769255775259 0.886387686256088 0.0775051041430419
"cg00439981" 0.889755429503828 0.89485700821176 0.781722010062941 0.889667835839456 0.525620293838905 0.915562976550122 0.0544420288833568
"cg08154963" 0.853939654151848 0.844042655188236 0.60924611799352 0.857210310390393 0.771142998661825 0.87306663657519 0.0690631714159415
"cg01699630" 0.864811311487156 0.853677234405443 0.699795862906818 0.865555908551498 0.839188507493448 0.883122062304798 0.0945156618390228
"cg04609694" 0.862048431241176 0.860733321900468 0.723244122675841 0.857316309555054 0.776227774901155 0.872597417971177 0.0812802894242802
"cg25605731" 0.942249894252264 0.943145545028066 0.857544222642099 0.950220013398555 0.450041448681072 0.959933196085869 0.0846578494710499
"cg23338668" 0.85481709151168 0.857154121161228 0.649592316145465 0.864868244712548 0.820299724120078 0.878817524719832 0.0899753908350078
"cg07790752" 0.874702226986943 0.844786259334154 0.476085913862293 0.885246119391405 0.695994402782871 0.881644046573415 0.063398837813717
"cg08253808" 0.862307049817613 0.841973403563474 0.722822959736808 0.836420121502243 0.664001644106899 0.874651499522424 0.0523895877625313
"cg01040749" 0.860629777193923 0.865484201221743 0.690940699382009 0.861663719588676 0.706707074538817 0.876577102618194 0.0713499482241378
"cg10611016" 0.885934418484956 0.887647397253554 0.679240025715864 0.884894586707245 0.609599526926805 0.912186441980106 0.0724719697851452
"cg15658793" 0.887054526500118 0.854712706433377 0.625045867476119 0.899880617814606 0.681053516276141 0.898157326907451 0.0818106757008335
"cg13618969" 0.863718479399541 0.857436892939603 0.625802322972394 0.860051959476261 0.835569054343284 0.878587613629348 0.102424782837947
"cg10487428" 0.863849477275678 0.843472963114244 0.601288227217078 0.867270831929373 0.730045202270042 0.883679248309098 0.0806075976484322
"cg07409471" 0.886757299880701 0.862422816534013 0.728982278730348 0.880294037001137 0.733124242930028 0.907538839101981 0.102124438870277
"cg24737761" 0.87161847357345 0.82253685793581 0.615658717586489 0.864715224690621 0.780775862580409 0.874983955936966 0.0886598614912788
"cg09342997" 0.846141850876398 0.860949896869916 0.768566960681854 0.839842770726013 0.713519505599604 0.861335517708788 0.0783096044918408
"cg27510066" 0.847332338284745 0.851613773233757 0.547626530003618 0.858194869098847 0.738060466378602 0.877464847754026 0.0789474375248418
"cg11596902" 0.861849585122127 0.850788311921096 0.623811763609156 0.875574321422801 0.632642642428757 0.888035402719121 0.0679122349623402
"cg06465076" 0.876243596095059 0.876668476960486 0.580594346425909 0.867595767866933 0.719172269253858 0.884066467713364 0.0913700257007015
"cg13633625" 0.874628433577629 0.873936114456146 0.589055885709788 0.868955145793597 0.595770877144322 0.893750611822663 0.067856306359403
"cg19055828" 0.851937400223948 0.857900228624595 0.722805647928264 0.853848963333291 0.582547435744655 0.870900958288214 0.0565427547660212
"cg17852482" 0.851681165341297 0.822044450141949 0.647071768836948 0.848477354474612 0.792585754168664 0.870901120720666 0.0892016961231611
"cg21792134" 0.902080640721842 0.904267552123681 0.721401677967159 0.901874753763512 0.845050035268699 0.919368518327824 0.149058954113509
"cg25074794" 0.900445529384215 0.885016309865688 0.79615113492503 0.903690146822802 0.800605234698072 0.919332150042026 0.139531144478534
"cg09535475" 0.8539940530791 0.840876154439789 0.54353660318045 0.850228244184267 0.634253210579094 0.87014610427721 0.0634462643024602
"cg13438337" 0.853539215906777 0.860119647861674 0.518355727314744 0.875934488790163 0.745991274679079 0.877647707453995 0.097058238160056
"cg13595556" 0.881306528487451 0.765336996671486 0.615922193021874 0.879839633756154 0.609091370417079 0.895137329139865 0.0589515137204744
"cg19867914" 0.870392725978838 0.810178985935303 0.648598525014244 0.877483613252698 0.601752361786366 0.883901670331769 0.0660168997090576
"cg23169883" 0.954884299588688 0.930123774643043 0.684537442513797 0.947943944697681 0.314897189376441 0.9651502194801 0.0769290531133264
"cg06706813" 0.875709517532252 0.883583807256376 0.767025838635049 0.887562628746258 0.744370736331119 0.897606396089478 0.122702798451163
"cg23280720" 0.0692429363423219 0.338958461942559 0.606407500270223 0.267797424193949 0.578291744069047 0.066279014374855 0.810681299101202
"cg03728799" 0.101123265307663 0.259128153107854 0.54856250611228 0.14860086172686 0.770142266881483 0.100783406846176 0.817725668692434
"cg25140783" 0.107169735239889 0.118313366707965 0.708820180733008 0.412936872007867 0.786916419147249 0.078797993775826 0.847611467742843
"cg03889044" 0.113272004746667 0.371246115562006 0.603094580960508 0.299840326449166 0.424657077871301 0.103272286866048 0.811530991901182
"cg14480046" 0.138182856933324 0.465901313617209 0.863775062312828 0.222907060300769 0.847029816533667 0.0947406195960516 0.921831370520757
"cg01735277" 0.0720469559617899 0.106325190164991 0.709947825390296 0.288321850769564 0.682161943165023 0.0494731832604775 0.793677105129805
"cg12810837" 0.0748777321597477 0.104401918110026 0.471769012065227 0.0716032368733427 0.667113752500742 0.0530161721066704 0.739597707073786
"cg26106166" 0.126666668231157 0.119176759663445 0.142396228122931 0.181874692091531 0.657903997444021 0.094010947700073 0.769270635764192
"cg17479280" 0.616525534167393 0.145178554833566 0.888295071833529 0.123744141292021 0.552054918508196 0.484271294225319 0.910844425287245
"cg02368508" 0.384396240809509 0.196710454428741 0.444111611870847 0.0616553578234366 0.275894427696442 0.402842928240019 0.789021170966036
"cg26360197" 0.0628533729023365 0.0967905729471886 0.144349290190229 0.258088959035177 0.689630955054291 0.0449933129992087 0.77752438205475
"cg24310395" 0.070775205789948 0.0892900845639309 0.217248457416191 0.348862685232003 0.662945264591826 0.0599790550455185 0.798085253534904
"cg25133951" 0.232104328478709 0.0796303480414958 0.493267966149811 0.0663024855778117 0.450190733277423 0.0843632963859659 0.736958947549944
"cg02737268" 0.0743868209144022 0.570648882381303 0.875734832796314 0.0901192344935781 0.863034305359808 0.0475720779333119 0.926162304513033
"cg07613391" 0.0748497887470126 0.116430685424192 0.421320706364595 0.224893616779678 0.661240460512011 0.0551196466819562 0.795623601149302
"cg02212836" 0.105973656325404 0.203914094733498 0.685508233151486 0.0955789707439441 0.142748113691312 0.110934828102987 0.706680222388822
"cg00754552" 0.345033558989242 0.226404301068023 0.532172996531043 0.11944430603162 0.124136555996174 0.335186380261207 0.780318634944131
"cg27051683" 0.142872715602152 0.432962518714972 0.709049711089758 0.363316395344284 0.448627927432046 0.125919187406223 0.891095216057628
"cg00795812" 0.108170260520834 0.353572913885002 0.477314895210394 0.216878296115875 0.21268131755606 0.0955144319350839 0.780113134591218
"cg17843665" 0.201954719245182 0.172241495990858 0.306523883410172 0.0724931014221261 0.07584046601997 0.429926811724108 0.738943763206602
"cg03526142" 0.0588133821946571 0.0721900459865847 0.223590885865533 0.328315798924541 0.701433566609556 0.0386121241842864 0.839627789214019
"cg07018090" 0.536355774412841 0.286436892044693 0.756356308031078 0.0675270100005623 0.163648619164706 0.477188530357933 0.892198664356521
"cg11354682" 0.475122698130662 0.0825825674452726 0.736078450670194 0.0647006019601305 0.0991844659101554 0.517791056826759 0.83191546717374
"cg10699171" 0.0815298329212701 0.104610861837611 0.566239282351206 0.172550742636673 0.496736919362582 0.0699108661186681 0.820802950308086
"cg15535471" 0.103094137419886 0.0794006374078671 0.21758461398999 0.346377867777055 0.418478893827735 0.14036718894251 0.839396272464678
"cg09993145" 0.0547277667746663 0.0492133779877977 0.449439650798971 0.126232730025898 0.0735222497849962 0.0457409981097904 0.708472693214653
"cg23954655" 0.084713951858627 0.13745518157364 0.624408726726446 0.0845831900198035 0.134764354659068 0.0757973843526922 0.75863093914699
