"GR" "MO" "B" "CD4" "CD8" "NK" "nRBC"
"cg05398700" 0.0761312447397208 0.857176825954233 0.904786079347799 0.927385358387984 0.925773407408288 0.912148134208243 0.869804449773372
"cg22381196" 0.0464669687787708 0.654979201227698 0.877796135386758 0.886971383714539 0.893121946129334 0.87357186329681 0.782443437825349
"cg25739938" 0.0892023081740859 0.853008375900644 0.860965187776076 0.875649712357812 0.871867078382764 0.863591772007271 0.763533311410097
"cg00705730" 0.06452271648174 0.821495174928784 0.853194785477437 0.858182624015285 0.851485383745964 0.84436462949869 0.675345573477412
"cg06270401" 0.0607662192453165 0.808958175722761 0.853648524418459 0.865956797428648 0.865904510539058 0.834026565942485 0.597415600045383
"cg15878616" 0.0801270443689723 0.538061618652246 0.938764407985703 0.941721125896662 0.952782622295063 0.928212840734304 0.870777837420272
"cg00660167" 0.136232036882967 0.802812047251578 0.925103683829269 0.932067981768808 0.934449421562402 0.925277319545263 0.869918894397693
"cg16802439" 0.0900258281317698 0.721071446161817 0.88970594093921 0.904755117596898 0.910550294147519 0.873132068549269 0.768379182937811
"cg19037107" 0.101245495455119 0.836718810775137 0.865121693777342 0.87992206670571 0.875763103038216 0.860966922328175 0.785084922418141
"cg01692842" 0.0737464258225186 0.803234171213116 0.856452448691961 0.857251100874933 0.858793817708352 0.831691498704308 0.688309920923284
"cg11313468" 0.0656691524812382 0.74399672343072 0.848024009534866 0.858548494442278 0.845013656192883 0.821200699528297 0.776655631664393
"cg12483340" 0.0663221058115414 0.72784896410533 0.845614597519866 0.860338577831885 0.859962808082778 0.847513568493582 0.71061533155682
"cg00439981" 0.0588206574719645 0.574435833545685 0.872578236802251 0.883788610316585 0.892637083596154 0.878003211929158 0.795271605441826
"cg15658793" 0.0710766670172344 0.691392151733947 0.880584214427778 0.885405782908036 0.88163634341094 0.837571610616851 0.670215798674337
"cg05936004" 0.0956574670952302 0.786715118714849 0.867915376758883 0.878858912994061 0.870621932045058 0.834958502943073 0.76078734005417
"cg03340036" 0.085775797788558 0.750510842029947 0.857963300525804 0.860126309446867 0.86670560251738 0.855367889062833 0.764471023573757
"cg08154963" 0.0708832322768456 0.776046255109057 0.832149806250795 0.846279330330936 0.8483415428165 0.822547707521381 0.674022262692277
"cg07790752" 0.0663255823459727 0.713124926008897 0.862485555076346 0.869522180890851 0.867644341188289 0.833494438299113 0.603793444729871
"cg25605731" 0.073707282797966 0.453425053545802 0.920153111297244 0.925894363388798 0.93309576473195 0.915360481546446 0.864146815203764
"cg13468144" 0.119669956791379 0.873089419088694 0.859125255754239 0.871577254749881 0.86290621314463 0.844350486367449 0.789680210117074
"cg07409471" 0.0949713868648464 0.749664710235973 0.856142080110733 0.86735935882908 0.873695511303474 0.845415098766144 0.794582070081804
"cg25600606" 0.12650119410588 0.835785781469887 0.871729902202544 0.885151121072098 0.880177830435121 0.869129081765064 0.786665300478292
"cg23819411" 0.104803597926274 0.74281445728237 0.877898756917891 0.889845801040069 0.887824165284021 0.868042702572667 0.730143396490947
"cg08253808" 0.0571924362753322 0.678633701863928 0.814282135857409 0.840050551273597 0.853299941978605 0.822225040864374 0.743118572185251
"cg21685770" 0.0688091350114748 0.644247985122592 0.85885320648166 0.879940723906698 0.8818800259714 0.869728165806987 0.60378358709254
"cg11596902" 0.0720746405345962 0.666483113175008 0.862489887239227 0.860627248892865 0.871261301515991 0.847331459201282 0.691005530053544
"cg01040749" 0.0891127507204233 0.725499264454448 0.850438979683187 0.852201102211118 0.863033590506861 0.850197732786803 0.736415870082313
"cg13785123" 0.185860214975884 0.819241843837325 0.940690378236775 0.942599400997671 0.945506546471408 0.932967896960691 0.872541010597708
"cg10611016" 0.0906015686592816 0.646880125145414 0.867732294234353 0.873750429251278 0.880398832496018 0.868202632614519 0.734210572393233
"cg17852482" 0.0869218720677265 0.792149898546471 0.820245157916075 0.837529410818668 0.829195062958654 0.803185019341274 0.707613754285519
"cg04609694" 0.114322239984039 0.791737436801276 0.84318278172542 0.859204729275996 0.862737020889013 0.846627181651113 0.768465996961966
"cg01699630" 0.12899207785838 0.84859568992626 0.841172460020209 0.863352532123678 0.858717221171655 0.841313590383569 0.761430532589838
"cg13595556" 0.0552616556502843 0.610067180448157 0.855181687364936 0.869254981969864 0.8367209554679 0.753640413158866 0.685306518478646
"cg03766264" 0.13907774163548 0.847101324141222 0.853316057509168 0.862083734111901 0.867476219235096 0.860086000072187 0.774867282236201
"cg09535475" 0.0712760428031206 0.658306666923918 0.833848377099748 0.839960660803103 0.849679931778582 0.82996356745854 0.624209903204541
"cg09418321" 0.077527520769906 0.76920509439225 0.834550088776109 0.848919478793312 0.832591400356454 0.780113905666072 0.497927459521914
"cg21792134" 0.172056523496777 0.855840273006466 0.882181404055338 0.904506383898045 0.898909192613452 0.887437804578113 0.782480417310661
"cg06526020" 0.138676833588184 0.815921593489705 0.862248729122406 0.858762432257034 0.868403320809107 0.862382300747661 0.739320842266172
"cg23169883" 0.0728655910615948 0.321913813462508 0.922202990981248 0.931109985404055 0.9376106634463 0.917043347942682 0.743376912402563
"cg19867914" 0.0821020000981467 0.623836621234789 0.856312787632205 0.860383940751953 0.853959532320329 0.807355942655303 0.71927138621527
"cg13652008" 0.14768285601614 0.81748262815689 0.857296455000539 0.870775502098696 0.872663893945377 0.854211131046788 0.813113800611165
"cg10487428" 0.100762478576907 0.732537295089193 0.837686763331779 0.849938697368513 0.847462863774212 0.820448673415614 0.670757440206106
"cg25693317" 0.126071818067238 0.77394375069612 0.850895183985812 0.860525335734071 0.859835053909086 0.840341493630153 0.735083676548567
"cg19460836" 0.0751795838171176 0.589928120465759 0.843173953150235 0.843338704225432 0.851625771470113 0.830296307177633 0.701028873561885
"cg17442155" 0.0828865647837018 0.676993349426647 0.825695312850044 0.827646077985454 0.832956445316308 0.807313692667954 0.705363925317644
"cg08418670" 0.117333570453783 0.545705996834003 0.908956307514147 0.90830463951412 0.922734279043527 0.896215276041719 0.74234782993094
"cg24737761" 0.121613321519333 0.785512806532186 0.844558617875301 0.858425827657319 0.850694640329778 0.815869816298995 0.68144077183159
"cg12157761" 0.0689422490674722 0.537028841116437 0.84632137507023 0.861719783408551 0.86191066807021 0.842774370323335 0.621194772191279
"cg13618969" 0.145645185704324 0.843162337268672 0.840011944142887 0.859472080456405 0.861966917710419 0.847842430616154 0.699916722198059
"cg25968394" 0.117738811686847 0.718154519120077 0.85172861534792 0.85852038417031 0.863831476475506 0.849949336176718 0.666925887168682
"cg14480046" 0.912319481271425 0.848761964048275 0.260481870664463 0.179709568373576 0.238049977444861 0.471877147570124 0.770546966430786
"cg04342202" 0.716982604051719 0.18879751814918 0.370212432159319 0.0738267101589534 0.215235044820681 0.277818232853173 0.595545625532252
"cg15997393" 0.972963880646877 0.947242250303514 0.545814872080179 0.123351763831142 0.300879694455252 0.388417106538065 0.738012717299373
"cg03961551" 0.81906837009283 0.809347667279802 0.343955814520209 0.151632520900171 0.124427361034969 0.165364197173062 0.405918305533468
"cg18920397" 0.752712587469439 0.624320076901372 0.249551703517067 0.119916742053054 0.099667714107874 0.150307470640412 0.466053982158837
"cg26348243" 0.950102657339085 0.929078850573249 0.313821256370814 0.180826423031096 0.276176247920925 0.542296862725629 0.614096012554733
"cg12476487" 0.898292640771449 0.878767569984276 0.621057018562703 0.184463743239276 0.0934206825234077 0.150141543122623 0.585850801800739
"cg01735277" 0.791354937740042 0.692484928338906 0.322541933459787 0.116807398781027 0.0909024421261935 0.144235506495557 0.597907434943181
"cg03728799" 0.826601357404343 0.781292706218923 0.189222835672354 0.152231157733295 0.170748641050295 0.307399659931219 0.499312499444506
"cg16108580" 0.760619123878727 0.749021982932026 0.147178250865773 0.151024380929253 0.118713119270787 0.153826916216403 0.271687608695972
"cg07706695" 0.798779687220599 0.772867378186387 0.294000071411521 0.10847864955299 0.0880258197075424 0.14370457469868 0.516474707670178
"cg03889044" 0.80947190157818 0.448117261010614 0.3490355458665 0.13962498410313 0.225150187373134 0.39668158279652 0.534128142761069
"cg11485012" 0.742750665122943 0.107785599466546 0.756157745646096 0.158615863956787 0.130313168077041 0.11625699719586 0.44689560724776
"cg23280720" 0.822943038071816 0.606759679797422 0.31092141675856 0.107122177354806 0.17602715719077 0.384332549827619 0.525908652955426
"cg25140783" 0.851338568360469 0.787215265133821 0.435616723948467 0.142461083113201 0.1147681837022 0.144975344652647 0.617752851083024
"cg06208288" 0.895395079831183 0.898373926533459 0.50177380757292 0.197751546427597 0.127391038015635 0.143106031390042 0.542696133083137
"cg16219283" 0.858454801704319 0.841558394921667 0.186658511028983 0.19081355338573 0.176767591746661 0.24824355112 0.642757796440849
"cg12810837" 0.751124400190871 0.685630550789941 0.112850458293675 0.110198357791407 0.0910123436282846 0.145431020871511 0.464740928998937
"cg13554018" 0.782796663277486 0.776719530228584 0.104663199244444 0.156822550811674 0.111540515445759 0.133594463856117 0.494162754595715
"cg14165142" 0.837252141244864 0.829471508705952 0.300306127304078 0.141190647980756 0.139638597570235 0.278699667121349 0.220015435389713
"cg21359303" 0.906576405174111 0.895111189714508 0.440286611042511 0.135616996427493 0.122796620284454 0.221304170006758 0.7560917176953
"cg21577598" 0.828033779127575 0.803950169282318 0.295633828584558 0.0904344716785023 0.0916554525687063 0.204122483294283 0.542449342877579
"cg17479280" 0.92875712416936 0.561991539551736 0.158011450397496 0.636766343553988 0.448186941333155 0.174372406714946 0.806755968975948
"cg24310395" 0.777478592110229 0.639774257992349 0.362971273692029 0.108954774429578 0.0965675422204978 0.126191767469541 0.226120722981982
"cg14441276" 0.797881564573201 0.797154399335894 0.115978696312375 0.131524921812968 0.108868226078731 0.164617828464771 0.428213654135332
"cg07613391" 0.797359013549785 0.687637479804863 0.266317673171814 0.114944004489738 0.0974336902096996 0.156583782384358 0.393889329436388
"cg25133951" 0.745662717973687 0.461804325553218 0.097699702413132 0.253137594904558 0.105446861678407 0.113680373995415 0.492244855753828
"cg02737268" 0.939727638412153 0.90145935094829 0.127093210613063 0.110853489505004 0.19173112663827 0.637036257897549 0.608473054789987
"cg02368508" 0.806174371791807 0.291957642591675 0.0989342042685898 0.399188874385981 0.37228902620958 0.221092530276885 0.495852244340931
"cg17169196" 0.87641719584569 0.851591156551782 0.157764106953776 0.172656050354344 0.150875990244668 0.225893769874351 0.634171105189535
"cg19190593" 0.788636766463782 0.114655303823636 0.104962695358649 0.209924129319168 0.417779058838321 0.463698919570721 0.577768738364109
"cg26360197" 0.790958359346746 0.692334711025256 0.274648263334478 0.100693905697304 0.0840351921185908 0.133914434432573 0.187905490803309
"cg08169020" 0.916085063511019 0.889746783825788 0.482315955442286 0.114148435443304 0.0993147049038709 0.16692190478374 0.613172841550474
"cg00795812" 0.77895425490944 0.244970708959973 0.270375797473541 0.128764065950945 0.219601743708639 0.38533276094612 0.44726716308362
"cg18148314" 0.855168146225162 0.835902669278029 0.303738450487372 0.128739059218519 0.0883110943021197 0.133369676518424 0.44968224867347
"cg14597739" 0.853394492625189 0.830797678340548 0.13897304094532 0.1418600188915 0.124953012402662 0.179047816198427 0.588781465824248
"cg17161520" 0.825920575155213 0.747492897589658 0.113965780318015 0.126734939203128 0.106588089140802 0.199800437640076 0.512672865346066
"cg00754552" 0.788172540890293 0.137413590520244 0.144589751765162 0.361078735083225 0.325539534073592 0.256212732583712 0.537009555898227
"cg02212836" 0.717557732337167 0.159702310160248 0.129284994288598 0.106764165090034 0.148421404404323 0.225181493777849 0.58614809680938
"cg27051683" 0.91076913612042 0.477049552063397 0.402322268468113 0.155074902894835 0.260429646038431 0.453138788543974 0.615765596135042
"cg03526142" 0.852469534854045 0.744967089677454 0.386461782176842 0.113221346860892 0.0782570658588146 0.113066791104351 0.230089816859987
"cg11316887" 0.868179886329529 0.808458466600814 0.144748005449874 0.171683081171814 0.116783489839812 0.152487770478707 0.488846920692001
"cg07018090" 0.886185821187718 0.184248530175645 0.0979304761819877 0.532173645228442 0.433298312978588 0.322866986985627 0.735487211487259
"cg15535471" 0.811865056678548 0.464005852352663 0.388422566350913 0.124412914521656 0.151603796623467 0.111532722671512 0.251318317277768
"cg11354682" 0.844689279742198 0.121600455614875 0.0913315172318466 0.480636760541577 0.415636533863215 0.113226828682539 0.708460474127329
"cg21201401" 0.893297522399192 0.819539543058389 0.293082742923552 0.117228142177284 0.0929232885856973 0.132404387726044 0.179495699616931
"cg00446123" 0.929727303381919 0.87196708064098 0.324217079292362 0.120118280312439 0.0950900503250347 0.133348138455469 0.188285208858949
"cg23954655" 0.770166817306937 0.144257024143331 0.112905412349805 0.092566369903463 0.112067027201953 0.164729284840277 0.5163445403254
"cg20513976" 0.929379659116616 0.858137932355925 0.316578463842139 0.0855862469288309 0.0616008414080274 0.106433098098014 0.180203533102692
"cg09993145" 0.728751169060592 0.0757558913384889 0.137375665052884 0.0576989348999863 0.0550255864615954 0.0682114691303167 0.396067882514834
"cg26872907" 0.92942421502478 0.0963765694651451 0.901984939594452 0.859750906118945 0.912564538176172 0.866400109625315 0.83896173104991
"cg23244761" 0.958305406333693 0.151990887754345 0.93506605765081 0.910338559278045 0.946919959728325 0.90804637201512 0.91538715033159
"cg05923857" 0.844074556902321 0.100247696686538 0.882922050275473 0.805573900522392 0.914180326944264 0.883195079060473 0.842790379323452
"cg20559385" 0.839174199415687 0.0907341143289964 0.865945056933153 0.831822654131118 0.881085990485216 0.846285412576978 0.736085137708965
"cg10480329" 0.856013789917829 0.127508603343411 0.885631770084397 0.863668946195257 0.897149403617001 0.876457592000354 0.905827332476434
"cg24788483" 0.908002091273241 0.156909013923112 0.897034008035928 0.850082911582895 0.937426899668449 0.899435246131999 0.853321224881496
"cg13430807" 0.836148377351785 0.111152424654227 0.839090670096283 0.826779330531923 0.873879812479867 0.82800654035032 0.798706927185072
"cg20610950" 0.550733162157726 0.0969455525436102 0.87526096374985 0.85170437012215 0.887777508408563 0.867328127049573 0.861971001847471
"cg12422199" 0.860788640921974 0.0970074570364096 0.776998863068992 0.825885706342312 0.847801366844065 0.781126389376021 0.790645635561319
"cg01476222" 0.844027176710442 0.131374418568124 0.808350690774588 0.852124237460204 0.880535629611009 0.820865947527669 0.862006457806659
"cg09322573" 0.694466505943914 0.101672163023514 0.846786292788682 0.840531419844804 0.864221929001316 0.834201375449276 0.723214483770753
"cg00288598" 0.736712826662823 0.156597575123971 0.91865655460521 0.826434802740174 0.920176150012564 0.895264866872158 0.912459228482316
"cg18066690" 0.895713958771972 0.176734435430708 0.89971884876599 0.868087090966717 0.894463837453308 0.877667742631764 0.824789148103574
"cg00733978" 0.744798343062323 0.10788970672422 0.862237099196431 0.830732942202344 0.857535251154708 0.822989671486435 0.653199289736851
"cg08908131" 0.826176073232663 0.113686596232024 0.847227645937889 0.817603935897567 0.847897876592249 0.801875493274208 0.67345124847234
"cg10649130" 0.698926098328278 0.113769072136533 0.830290625668263 0.836414810260256 0.874155569052092 0.855812822292692 0.755634315020513
"cg22675702" 0.820277430942184 0.124228117152299 0.834210627684882 0.805461037357315 0.844645834471767 0.81653850188191 0.838837350385047
"cg24954967" 0.753239499790322 0.0963512435750906 0.755161385350331 0.830684210751716 0.867962304017516 0.821403771686512 0.662310121184292
"cg12207930" 0.599355834143496 0.0954966622002126 0.834220882575983 0.825752688862687 0.86540081530381 0.834151546143324 0.751708659494361
"cg22259797" 0.439027726901196 0.0956212240813893 0.891377583408518 0.829498526642974 0.898524561193887 0.86308264761444 0.801626065103382
"cg16429499" 0.854952777349139 0.0896333179533868 0.616353095691703 0.815967305824649 0.858105568445498 0.819242133290746 0.715494607334811
"cg11186858" 0.452557776708412 0.141359646768333 0.917039018325436 0.907855148345974 0.934901325940253 0.887383969236725 0.92638144072627
"cg16736889" 0.860639885674671 0.121105250492475 0.771118774133547 0.804762042301807 0.85121434855304 0.816105011121059 0.763589331727717
"cg10278149" 0.682603961805466 0.100497271291632 0.77337030700469 0.83257528986841 0.86757409574412 0.836613475911776 0.688970268210595
"cg00101629" 0.805381741373331 0.15678274694352 0.872782190369278 0.853571301213321 0.883577062069786 0.853859400037901 0.738002745590819
"cg02861504" 0.490765786864809 0.102680099065077 0.871069982392564 0.849161774511127 0.887923625832974 0.853792738606792 0.696704016374995
"cg27366072" 0.704150674829513 0.126747678442001 0.822899022323111 0.837780754554666 0.870118703654116 0.832897778846857 0.77709907490156
"cg09220326" 0.677140746593914 0.131709086228832 0.858712301540976 0.840690749692246 0.864879024398877 0.84144993990296 0.782307480890946
"cg05669832" 0.855761357321388 0.159361462948082 0.805497545689019 0.828584543054073 0.889850682093537 0.86329963137644 0.792055312836574
"cg02244028" 0.801034330969989 0.148537974368522 0.858081734996411 0.832087576957015 0.869489224723268 0.838469531313812 0.727878249570797
"cg03339817" 0.9603262962359 0.241882778458391 0.929075977310633 0.922078418338229 0.95485846162129 0.932984839215771 0.759638055726328
"cg04468741" 0.801568081837462 0.148719961139245 0.860971654284466 0.785794186966374 0.85813557823237 0.837231355949585 0.825935195403239
"cg24037651" 0.82532731755333 0.117775307156301 0.812768260577221 0.800753763590883 0.817514337062915 0.770222777576028 0.709785724913559
"cg10499974" 0.49029326256617 0.0942253941693044 0.839190416961309 0.837927259691957 0.883097095649647 0.839950952558841 0.666231384952954
"cg01827012" 0.878408293556843 0.156000867203991 0.786738855827266 0.833588233124517 0.864620710615614 0.825145189123638 0.771400187339591
"cg26690127" 0.725778864689527 0.128037432227358 0.792580708743319 0.797803023377419 0.879127430237894 0.85222129795107 0.726044582022047
"cg21459713" 0.870192092345657 0.191253616680312 0.871596012272848 0.853322481696312 0.883774230998521 0.857705197604711 0.838435382150038
"cg19835973" 0.906652199495132 0.199797521397556 0.891898831801825 0.84353942340547 0.882854888359557 0.848347838668088 0.835077357737249
"cg02780988" 0.837035504690916 0.135689442368433 0.829668020534886 0.806394487998209 0.825876659708241 0.793539530076745 0.663369918166793
"cg04478930" 0.764199443675622 0.179219873304254 0.890542923197087 0.877337406047681 0.90002099979915 0.856418631885764 0.731456243960689
"cg25517015" 0.661288700533515 0.140736145519992 0.853499590200333 0.827829057610186 0.861528595339446 0.845390198124726 0.757851091903038
"cg18770149" 0.845998332761677 0.161604324081549 0.852248969746154 0.821578518219292 0.858343404299326 0.814994338922142 0.707046431355422
"cg03313271" 0.401355147363974 0.107869407339917 0.845908839573818 0.843557454554604 0.876692460963871 0.83765885545786 0.820145843985004
"cg03337218" 0.79358035335764 0.124106676242165 0.833173710888593 0.807837033833724 0.824881020791999 0.697823520882879 0.722040633513442
"cg09354692" 0.59340609118945 0.107670004118246 0.821315599813748 0.837950786429932 0.853365655033331 0.801893228226889 0.596297162460636
"cg07846061" 0.625783843225427 0.108951866774684 0.822692891066793 0.807847228277489 0.837036637468001 0.790369617038792 0.675397264063391
"cg14109551" 0.696525074378834 0.150362831063494 0.864079754180732 0.840026844500703 0.87771754550573 0.84486971184662 0.647874804577859
"cg07002540" 0.71034658208477 0.117340114456827 0.838256877964275 0.789076783184037 0.82474757924085 0.771927228179674 0.654555891916301
"cg10624395" 0.906043168360477 0.219052828101113 0.895314536132755 0.863066959406487 0.899232206751124 0.866381299353679 0.808048724184564
"cg27059140" 0.432544952401793 0.102214000894258 0.845368074237834 0.82179930409635 0.853060012776399 0.820919599923254 0.761277255130098
"cg21977218" 0.798975767518965 0.818610947187494 0.453219684550417 0.154723312351469 0.136881725721993 0.225316584885501 0.558234960659933
"cg16280132" 0.956419676739004 0.926441805562761 0.361297182892084 0.203140790896584 0.300180814558969 0.535175031207414 0.618342274902569
"cg15174682" 0.803670769175451 0.795103908391016 0.150567004541307 0.179494528444129 0.160133412270224 0.323805127830146 0.657040221845361
"cg14375890" 0.788737026081263 0.804690650845508 0.382033176831952 0.113248066674986 0.173375864733853 0.361262234880422 0.262367537306059
"cg24957609" 0.544089445218237 0.770995722808721 0.438016858494122 0.205684425036109 0.120656627335514 0.143652919822494 0.595658375348339
"cg20611272" 0.868891593419514 0.861567969144888 0.522259501037166 0.197486294735985 0.181155943160368 0.207553313526862 0.556858246012354
"cg21999229" 0.739435950097522 0.720746584537837 0.117809916474098 0.125375810814437 0.10550783104182 0.156270239479072 0.473595928226536
"cg07748255" 0.932920342026589 0.918646818960934 0.858286524672303 0.121130747617188 0.113087576839147 0.138164024000644 0.724247161262359
"cg07786657" 0.939094396802172 0.91212478714869 0.811593736001509 0.129557584741337 0.110979444312022 0.171073147504895 0.641582958652841
"cg17078393" 0.849623370657242 0.840543166842336 0.192605737041746 0.202173015274939 0.196825766277508 0.358727787250795 0.644034599680774
"cg15188939" 0.881730364302468 0.861282321810073 0.187960575312178 0.346476214548337 0.210409605990764 0.305634117530852 0.578909383699849
"cg05052463" 0.816082359554557 0.805328746894319 0.123999209113875 0.232704721648712 0.151955822579389 0.273133929268207 0.653070324831715
"cg14364797" 0.240444990937499 0.73734506496566 0.638883043752755 0.120038788773845 0.0612668222791118 0.0798010029843902 0.669445541996599
"cg19510565" 0.786728943660206 0.775006958591664 0.299454070684118 0.131522244649624 0.101118100593507 0.147741782443297 0.534691734426494
"cg19529732" 0.845664086499188 0.851408503232543 0.637656215760519 0.163736403741462 0.0856211864278958 0.11709267707526 0.550618340094292
"cg03289764" 0.852020601018372 0.863208332629968 0.417981826660936 0.335325398280695 0.230620775557316 0.21795725608653 0.253218272091808
"cg27027055" 0.848375346115046 0.853763623385178 0.468462106949153 0.16230823634702 0.128498872984334 0.233874681330253 0.618209484627194
"cg00517080" 0.835177015373253 0.859738105696633 0.104257523248047 0.468055408909628 0.259482569102489 0.183159016930914 0.651798945918772
"cg14057303" 0.796822025428339 0.800228620126956 0.470045055102399 0.147451713860234 0.122469574404123 0.175853955102263 0.198429833427412
"cg20055861" 0.851529208162038 0.838454445267216 0.124692571836454 0.203764772916041 0.217719588664232 0.379283274647323 0.549396448467568
"cg17587997" 0.884179445182109 0.875237845735387 0.174715785864731 0.45844428574258 0.258195137476608 0.138904974970447 0.631299069932142
"cg10639435" 0.503355700148834 0.806018717035772 0.576375716786161 0.171644409247307 0.14539784342395 0.141697370063044 0.523397310761854
"cg03916225" 0.797742459662115 0.801798022896689 0.359327760840409 0.13130269824753 0.103448454504505 0.145596997002305 0.439913036830313
"cg12609063" 0.66162692580032 0.796765122174371 0.438726195117509 0.117079305978711 0.0933912982128499 0.121751968289285 0.436736176831198
"cg01849093" 0.824439795352218 0.845926376311126 0.281854326613163 0.255720443020997 0.186966507590526 0.178954914284486 0.413789869832186
"cg04722215" 0.80323175839974 0.850913059090093 0.397579230550778 0.166060780444712 0.133528578837523 0.170383148391231 0.583555447754253
"cg19097880" 0.730088430788759 0.782765111224512 0.12136067492573 0.1299710717004 0.0940747936974167 0.139732009465669 0.233187155434118
"cg27106643" 0.941245515781727 0.929102371143486 0.151802005706656 0.911345273454067 0.915261964204397 0.9080048560132 0.799300438381584
"cg17768768" 0.960835956684545 0.957098266927758 0.200039564548732 0.965727935402812 0.954294918998729 0.953185840241597 0.885047766210534
"cg01598421" 0.958991070053054 0.957823161241985 0.200267220937301 0.956242242141352 0.945566023928813 0.942435826222508 0.808303803939434
"cg25131632" 0.940912473139354 0.945711509250552 0.201691466970374 0.946798504467466 0.944530824448557 0.940078232397763 0.806625805103
"cg13738327" 0.969179253387806 0.964892264203047 0.228402268726549 0.9654117753432 0.959863701259571 0.942696021779242 0.881955680110899
"cg19276014" 0.968844231982657 0.968966701068202 0.252955257329212 0.972791491607039 0.966770569740523 0.965179300291606 0.911873617516175
"cg03131366" 0.900688319504997 0.879650937825575 0.17969656221889 0.903205740106914 0.896808052879354 0.88188276302891 0.815809839658524
"cg05484949" 0.959270544070669 0.954472220679629 0.248228298064803 0.960834340766066 0.956285333803808 0.953474137410315 0.90073916237626
"cg11661493" 0.873839881075811 0.868503012792119 0.169110191392383 0.880136519820419 0.875017576232086 0.874839831627469 0.855344942350652
"cg01024458" 0.92684836218868 0.91155853371585 0.189923743837269 0.88639081451702 0.895134800129821 0.870098122180371 0.810928636560252
"cg17995557" 0.87354211407308 0.871987022073753 0.153150211527064 0.870493127403347 0.853612848719245 0.808870937786644 0.83121451960811
"cg16411445" 0.975692105121628 0.970815160323297 0.262807829101068 0.977495757703364 0.967101162445245 0.956845069876818 0.847783016802001
"cg05205074" 0.895700564078014 0.888185244751946 0.181969296031072 0.904458466113992 0.888720436365699 0.871188515873959 0.756507370975055
"cg26318872" 0.894371627381458 0.892018515104274 0.196286309568739 0.899141331562363 0.891174652407504 0.895132663861731 0.841572052296014
"cg14066207" 0.940096430400983 0.937360477681479 0.204290076581296 0.855937091031721 0.870990310300502 0.905620971561965 0.776777491679655
"cg07435215" 0.809629050073723 0.865355273143114 0.170607081593007 0.888711808440758 0.885212328545852 0.860043329798781 0.778671100286395
"cg15532942" 0.877561922246457 0.881733779522341 0.173941191724157 0.882470043441483 0.863991359103343 0.843065925997793 0.709825632636271
"cg15235922" 0.832276873024328 0.854378129111358 0.171614518102421 0.892634275302448 0.87858154096142 0.873411225364724 0.725408882783372
"cg15348679" 0.927303017278579 0.900466707342909 0.242399660706473 0.95267222953666 0.968525471979558 0.957033602126433 0.765445762788077
"cg09201499" 0.939968528431673 0.943750550480351 0.263599312596128 0.956448551924414 0.951515642298191 0.945746660680183 0.932603412845222
"cg16586807" 0.907463237533054 0.904864889966282 0.221013271789788 0.911733055142071 0.906234531363539 0.909371973003022 0.844934261460645
"cg03860768" 0.862432645103411 0.874416009102249 0.164323050514856 0.852896072956636 0.840660472159944 0.84661303423378 0.686353604862295
"cg02212339" 0.954404033499276 0.952403861941865 0.254243878644884 0.920173298170126 0.926242706657891 0.938258176992582 0.81409136711553
"cg06687504" 0.91245599409392 0.904096476547773 0.223731892622405 0.915375009857279 0.901041930227883 0.901056268533835 0.781640556797568
"cg25683989" 0.870800099185996 0.880262714326209 0.188221350786215 0.885487826009736 0.870281446497557 0.858658450236123 0.697945247939243
"cg13283094" 0.885345969931201 0.893592966105103 0.20864641587424 0.905358899333374 0.892346905085132 0.876445561307806 0.74916225601465
"cg20602300" 0.895976603101479 0.896680204961423 0.221308942900306 0.897921695074392 0.891511993097735 0.89469175593926 0.857288004312626
"cg22826986" 0.846615992862516 0.873202005573052 0.146022021292626 0.822285720723637 0.8196937737062 0.799212771902527 0.609554951695303
"cg14936008" 0.895657272442191 0.889204652528249 0.212488431297679 0.903408417922178 0.891097058732199 0.893086904662427 0.75600871705615
"cg09469986" 0.881759992630626 0.872684513598838 0.179355603076025 0.882475931402142 0.871666112512398 0.834179313000342 0.625254569651658
"cg01868869" 0.900540767837268 0.897174235406978 0.216690722742967 0.896097998482332 0.890595056733917 0.895880429547566 0.767583300321625
"cg16085171" 0.890783638638575 0.882351397220183 0.198861182577673 0.845437398850894 0.877124808130336 0.885178135534568 0.746584606112063
"cg14482811" 0.948731368770214 0.94399620899653 0.261454403589769 0.959034233249924 0.930110740253769 0.883069546722385 0.840156186820242
"cg13356455" 0.881222402729818 0.895767244594642 0.202244666108525 0.902304353158677 0.874667062673846 0.811982871692973 0.741048277793239
"cg05524458" 0.743971145750943 0.857840831161291 0.174309084756303 0.875772818436961 0.873311211481713 0.857042742936756 0.715612528270241
"cg21248060" 0.94739947591058 0.936968386236579 0.215423184780165 0.932645396821043 0.83467662207409 0.708731713733638 0.841042520701055
"cg00760938" 0.863111947405332 0.87045244929846 0.186304934188974 0.875670788922958 0.858935736580464 0.809263913409735 0.697611687665534
"cg22212560" 0.861970146420198 0.665028392689868 0.169831159922671 0.891038626625145 0.895771992971937 0.877792493806116 0.826458021443402
"cg07558704" 0.931779964386611 0.927374458525974 0.273128591415674 0.939918406138875 0.936330194930727 0.930415713549411 0.893139860895442
"cg07145038" 0.87431729780932 0.884231981142027 0.209183689257355 0.88768263552748 0.886079130753027 0.873786301350191 0.665019758330071
"cg11972721" 0.874556698152478 0.862109822836118 0.205613892407455 0.877753220508411 0.860048198172901 0.850522054701664 0.804060004064446
"cg15035590" 0.888697139401805 0.888495086548307 0.229197731178647 0.896803414039486 0.89569552581854 0.885927852189645 0.786970562301614
"cg23948703" 0.854540276489937 0.859205795517314 0.192104469002598 0.863031975647341 0.857751596050504 0.830273602906074 0.730982860324582
"cg01160079" 0.902881967047107 0.906463348721659 0.240552716601097 0.906350610601212 0.897526828164121 0.885216949112528 0.797720384058687
"cg21596498" 0.874671481662389 0.880600054509779 0.195950164524021 0.823366068685098 0.856179332849821 0.843731953764785 0.735630911041628
"cg18250453" 0.896896710880072 0.89335138699484 0.217592308193874 0.886084047326454 0.862166413689981 0.806310512142393 0.847190494927981
"cg26552743" 0.868118490980219 0.867367993115007 0.208958821404477 0.891106666098319 0.878976149337354 0.862764384890022 0.695043759419253
"cg02630207" 0.819116922806958 0.830314744952421 0.192957791246152 0.875622094961434 0.878080462295126 0.850024554652384 0.768226408563329
"cg14557690" 0.834917704699724 0.82820676611424 0.149688008163279 0.830420078990601 0.809817175194946 0.784708416164153 0.579952776313641
"cg22381248" 0.870490352184437 0.840219947577768 0.196161484400083 0.88067927547278 0.857764066287041 0.854939736938996 0.687170789646019
"cg05468843" 0.0756336776031316 0.0588563537173615 0.574158092119264 0.0489981519303711 0.0610443427953672 0.0683086421675145 0.509324694020842
"cg27507284" 0.0638611175526329 0.0655010521519747 0.680141051905705 0.341280816699281 0.290770439267377 0.11171513062326 0.559731352768736
"cg25616055" 0.0415456641727227 0.0863610348667523 0.562397726818714 0.0522105675713797 0.0523715406725663 0.0741854948277005 0.324039015803628
"cg20450123" 0.068063421579754 0.17721651417825 0.650322840506523 0.193201340975237 0.190603358978202 0.0975647920436443 0.428141880823534
"cg09076077" 0.0914490323661278 0.0836094027164895 0.718257016361104 0.474929289735678 0.360502670483947 0.0775378070868678 0.511843864005878
"cg07249939" 0.208236423441408 0.225643791961872 0.699750505046102 0.257160939630945 0.194913978388858 0.0859150538504489 0.459258836349532
"cg27492103" 0.07358674356988 0.403465509659615 0.757357200265113 0.107628486514563 0.183084855290492 0.434977399470376 0.540853967371738
"cg22729539" 0.0444123880389259 0.0574123369167412 0.732473022964318 0.173383154636504 0.400557873726017 0.693650742958 0.0910566400281581
"cg26427498" 0.0476451870820897 0.0624087491018192 0.760664399880554 0.306348218805192 0.388251485361091 0.516634225853755 0.518581173778393
"cg17478979" 0.0551770022779835 0.0678657050933464 0.612994721383889 0.153600271902703 0.145755411936116 0.222547875239618 0.098226385810201
"cg21638533" 0.0648722144398026 0.0687937775443454 0.806156794757931 0.174700848812038 0.442376825983922 0.787808717975304 0.607379505029438
"cg02492279" 0.0393288805624987 0.0433933253012024 0.693388078588924 0.468819420637506 0.440258986322605 0.0583192788246854 0.168778242968607
"cg07859439" 0.0957190369308964 0.147862178227522 0.706492187106253 0.0792990288163708 0.271639846990796 0.566296337589103 0.0916901120736604
"cg08446038" 0.159886925651527 0.139410862107093 0.752338978764791 0.112988807465958 0.33598920687814 0.550883064002366 0.384578607906459
"cg12033075" 0.601378226055155 0.591871886631067 0.849957355225374 0.0533308591104993 0.0892734612680404 0.318996452268747 0.556743426313961
"cg08698943" 0.344322052232334 0.0961651802830232 0.762128977971536 0.164192977303796 0.340948916396652 0.35768504808989 0.497254428824883
"cg20025658" 0.119811304179116 0.247845754909293 0.631067979973908 0.0725315063704137 0.0632106978305771 0.0805125373017083 0.217446314347161
"cg07093324" 0.0680600484404149 0.124867099515077 0.761686403275034 0.191235958589618 0.341301109899374 0.476616720631313 0.604151370300687
"cg26366091" 0.067423367916567 0.0420959338212879 0.659553567946455 0.207434240722445 0.243029483267637 0.142396204323562 0.440118403463945
"cg22286382" 0.0712294180872908 0.2213191101096 0.648898842805646 0.07570276994521 0.0716460764482412 0.116583230944953 0.513845088518251
"cg25983531" 0.0876795307821351 0.105761697120667 0.721971925838708 0.38631186012359 0.272840942575221 0.12895491376608 0.515522954800729
"cg07725527" 0.114906086243675 0.156329114653087 0.660593619404557 0.110203938126087 0.112168332640957 0.114692008540834 0.56032494620015
"cg20236089" 0.210131566328771 0.0790088122916672 0.628729488477836 0.136565630287842 0.104644849085421 0.0647477170059678 0.130350693516235
"cg20541456" 0.0308521815670582 0.0617053409167077 0.666578722994421 0.0473972892169462 0.163455222706246 0.401162472414538 0.360376782386435
"cg03889263" 0.0787389784104176 0.0834947303518172 0.723932793631841 0.0895082658005002 0.256122701896056 0.581579765045182 0.19205519912005
"cg00058449" 0.227236685144203 0.27319269621278 0.775155081128149 0.328345312821657 0.198309186914899 0.0824671994837366 0.612930048419998
"cg03272225" 0.0569709513901702 0.0801480180051994 0.599757178070779 0.0459991496686864 0.0567124149078846 0.0622492734596329 0.298184132479822
"cg15906007" 0.129908261975352 0.296427198557929 0.673804364486825 0.0976601573941133 0.102928327361856 0.091344690066862 0.152986160112043
"cg21278103" 0.0998584110211253 0.13032718752869 0.81100060205168 0.414860881627529 0.420686432978246 0.443097448937243 0.19752560842972
"cg19268695" 0.606321982561316 0.169441213222648 0.751212587699356 0.0839521285060829 0.0883448183996579 0.104264901690782 0.518873407784453
"cg00619207" 0.51231883648989 0.142289485118466 0.731291721296469 0.0915801025424942 0.0962575086171112 0.110904978502999 0.467179995895579
"cg22446709" 0.0356221821812394 0.0531633483348453 0.579318355491937 0.045861673729238 0.0471777955551847 0.0463680414033599 0.0568797271447617
"cg08682625" 0.0626961626392343 0.0747353987319544 0.682451750210477 0.0732583270186028 0.137740542164675 0.306067763695084 0.423287867658117
"cg01054402" 0.0780961501383152 0.247845997202809 0.783258004649534 0.101955503281554 0.25913490730935 0.524567008997241 0.353309493093193
"cg01156249" 0.0509502315858926 0.0647465976004704 0.822878861918315 0.279684189007319 0.344358700345633 0.606942976981208 0.60467894041314
"cg21291385" 0.0929820568697016 0.396124567109916 0.749447960368242 0.0899261558206988 0.100677412926138 0.157645112399665 0.570646956978275
"cg00902153" 0.0955887040309005 0.0596402209656811 0.8028802926762 0.144191506696395 0.314751223465837 0.68248683828536 0.409934262753341
"cg07635227" 0.0308373052782963 0.0346492443859848 0.731828278665097 0.126212454181923 0.206379724502982 0.424299240493181 0.454378919338773
"cg25518868" 0.0501065953121328 0.0565326026340877 0.69817090758064 0.104323507914936 0.147509721648209 0.185811097322125 0.612865142787812
"cg09300089" 0.0503461488959858 0.0601505820728057 0.722492480188732 0.327907047852307 0.164786528883418 0.0737809704896258 0.530872256886888
"cg23792308" 0.0522525351591624 0.231438101001365 0.664963939595437 0.0699126626241915 0.0620119380193465 0.0821210534229167 0.0888965103915445
"cg14317609" 0.0459167382064765 0.0534434842568731 0.614215754751914 0.0612929253176654 0.0601424673540444 0.049572548168374 0.0643337603871248
"cg19269039" 0.426310154962277 0.168892338303992 0.755291899523715 0.065707500901978 0.0755615831080268 0.0955639989998949 0.565865401002051
"cg23357708" 0.0632822420539036 0.0602453745287843 0.704558305790016 0.0999070050504473 0.153703236469001 0.152577638862553 0.345338274636747
"cg08864105" 0.0642695218611344 0.0650574764253788 0.725426244654255 0.145023072890326 0.158643429135364 0.102647680089067 0.423821593110282
"cg08560387" 0.0373482132150928 0.0413981563078275 0.675133408034722 0.0779098417520005 0.0497512024802473 0.0455750823380555 0.290899770650308
"cg24641737" 0.0722268307307998 0.0610438617478141 0.708620432306856 0.0623449220779462 0.066897243819132 0.0660572543903682 0.447559587299038
"cg02606840" 0.0493077896287114 0.0941308195349959 0.753491138686347 0.0446513294734215 0.0447016717953984 0.0548163793910779 0.429688385627487
"cg03429643" 0.0471929931842466 0.0523711587749269 0.756650367124245 0.0502078918028588 0.0540494645477309 0.0570556840438785 0.296096475377802
"cg16452866" 0.964417908296351 0.953977629122002 0.950954723545435 0.165039368721051 0.409265223903843 0.954094236139911 0.760999433133698
"cg03388043" 0.965898766644736 0.955988300826787 0.944050881350023 0.115885099961007 0.269003982839468 0.77108767997409 0.697984224154643
"cg00366435" 0.915429530790293 0.913778471687801 0.90940375587329 0.135344736748146 0.430005604767833 0.882563216969817 0.63236636781021
"cg07679948" 0.964747331662631 0.962633083324893 0.956051285643291 0.211050323713216 0.521998281738063 0.957399544100145 0.816407920975905
"cg07015803" 0.946075529482465 0.937850127722586 0.943441360580094 0.181618854687596 0.414871497540052 0.946351732412101 0.714518258113387
"cg11848483" 0.911169277588672 0.907672982521846 0.891047377438817 0.139123684883721 0.36253310155328 0.905351506508159 0.643914127324469
"cg06915826" 0.867903108911409 0.865771407112316 0.863239225624776 0.131182454929535 0.387242859266667 0.843196704732511 0.678123845493542
"cg07970799" 0.945967564202396 0.9398071107438 0.920431920522947 0.198176476019943 0.605005051919272 0.737576210884384 0.758657612233225
"cg04347414" 0.922247184167377 0.917943818935222 0.901273552522109 0.136734061880754 0.279656354344308 0.88276090327129 0.513493327799445
"cg23357533" 0.881985316531587 0.881911874037776 0.893911198899086 0.194485477269241 0.545686269880659 0.87746201680164 0.755988964433071
"cg18735089" 0.915597129762201 0.905883162224081 0.907861845820754 0.167876119030195 0.383840402689715 0.853711836090857 0.64416057323008
"cg24662823" 0.899836390332782 0.90312428671412 0.886600212951701 0.149461598779004 0.418810294612058 0.730455807606005 0.640511970571081
"cg23896695" 0.847305635302479 0.868763420630773 0.875994289695084 0.127253751368687 0.328302296638874 0.840303409825786 0.544961494453264
"cg13750061" 0.880910127824459 0.875437868398328 0.870327109917496 0.140058585498876 0.33674943857746 0.852239667500228 0.584326129211005
"cg19001909" 0.969018022122664 0.963876352465775 0.96295428770171 0.252115112888524 0.499330586807765 0.938775433618612 0.809455206121354
"cg26347170" 0.942873339214141 0.938189556404384 0.925952251026998 0.178942835205342 0.346199191808726 0.763701659841353 0.805893064721334
"cg07713946" 0.898579413881952 0.893653008317207 0.894425132566773 0.145749559947711 0.321560435506753 0.789973098036362 0.65275128795875
"cg01490728" 0.84500504926712 0.854146393022401 0.84607051542572 0.134460984239635 0.426101827737951 0.849856498085316 0.483845129561122
"cg07110949" 0.961389430695634 0.955167749248604 0.948521185700259 0.238563823604343 0.430638815229021 0.925947118278565 0.846504557269437
"cg05705140" 0.892768565359944 0.894160955185764 0.776076019971998 0.145361730027404 0.439966580326469 0.823869790975153 0.588278433003379
"cg09695307" 0.874267080305899 0.887418952867719 0.829285589775949 0.138797564733927 0.384715337647254 0.815698199685086 0.531269292088895
"cg26166854" 0.880811843078768 0.853266907107869 0.850565098037357 0.131143368001528 0.538633429643036 0.589523754643593 0.620733058169823
"cg11157440" 0.87448883556146 0.877240298981316 0.901675864196967 0.210034346099247 0.796418760030417 0.857675629149261 0.276041415272449
"cg10558740" 0.883605203699732 0.87921200366709 0.886918621146716 0.168575072742326 0.387575179927496 0.855672247646574 0.641719442343263
"cg10240150" 0.863046361909331 0.86421169697646 0.881579834457568 0.155265565363915 0.411338326361509 0.81099268837186 0.569958515952042
"cg11710595" 0.890522616689622 0.88013261855852 0.898014282390848 0.232862906260043 0.725002673679322 0.867614875744849 0.6058997938605
"cg14522718" 0.936719492982115 0.934835552227219 0.920717442986198 0.177101085631631 0.298777810285919 0.757387773908659 0.75437521363293
"cg10837404" 0.912212434535302 0.913350707763907 0.910864356335322 0.269154956152041 0.73564054342587 0.900909313416929 0.789602990157157
"cg12353788" 0.872478269289147 0.871864744346351 0.87823798011571 0.181409844845587 0.490095147008331 0.873924664331441 0.535585081132632
"cg10111816" 0.814058817278895 0.845913738665315 0.85963091722984 0.135529491894625 0.340483476966005 0.811559910493048 0.655790398600139
"cg16775598" 0.882713396657297 0.873943036242696 0.88104556450963 0.175138035949092 0.42147316142671 0.857346272182815 0.600978930707514
"cg00620024" 0.906121540905384 0.900750076998311 0.893592276402527 0.252015387122263 0.681842110194341 0.877440648537306 0.793741131660465
"cg16230121" 0.859865212769044 0.850957953512415 0.855222999364126 0.137479486636153 0.318634251731379 0.790444365573937 0.614498770435558
"cg07133479" 0.838715483487992 0.86216872412247 0.869359077321463 0.22093735986467 0.709773740277779 0.828089083054438 0.707110681720588
"cg24841244" 0.872805179705144 0.872166431616409 0.871934137342828 0.139350556061256 0.305662298874403 0.747058127298437 0.612246637525981
"cg25599673" 0.857733295722057 0.85663279290123 0.858317121195236 0.180577088491591 0.462195281121362 0.861732220890012 0.643902852679746
"cg22230912" 0.809344610921415 0.873007334522936 0.902876241610538 0.158317063121938 0.3735812718094 0.874954471535448 0.456089396306305
"cg04340595" 0.944980348218332 0.929045497264199 0.878544908705215 0.123783637234815 0.231086751489197 0.54664254562848 0.64624026798149
"cg02387618" 0.909723655551842 0.899332065738932 0.892617116292683 0.173586336407248 0.338665237382224 0.805553517692836 0.603165104326041
"cg02072492" 0.901835048823219 0.910747878944756 0.901420180099949 0.266504247551078 0.727663576620439 0.896176905242732 0.679641008117583
"cg18650518" 0.905177721078149 0.900056780893955 0.876681707538065 0.151557385151591 0.296279161955688 0.686038321531372 0.692699079403606
"cg20661080" 0.86947486186985 0.84971904324041 0.862368189375124 0.127143226197963 0.287631809927707 0.723322554841329 0.552160216119704
"cg08639389" 0.891832000949603 0.897676220445575 0.852494173564556 0.187983483610405 0.407230292702396 0.825068924521208 0.678797968228897
"cg07781401" 0.898643471443982 0.901106732418337 0.899973785615987 0.210898613871911 0.406209000835332 0.870631110188397 0.719405898975161
"cg19694519" 0.892959570569067 0.878258039012142 0.875232554515312 0.192986769240133 0.417344856026358 0.829475690931751 0.683142518343218
"cg00122659" 0.823724783243122 0.853055215139208 0.852334406008114 0.13793521628331 0.341857987163281 0.748914253215913 0.565989088084813
"cg17458693" 0.870166686211627 0.87464948347464 0.859644312069579 0.139257181936427 0.316704059348367 0.663418873436288 0.632195342769286
"cg24441810" 0.858667289235941 0.849339710146669 0.762445430091198 0.127665830999131 0.269417895101528 0.805276505211045 0.6078751974944
"cg13992008" 0.844200783749604 0.872483999663644 0.87687552659999 0.156676588509784 0.361606150310465 0.867168999365298 0.320202748849715
"cg08280368" 0.889046053883877 0.876357090797469 0.787066008098037 0.165127115983647 0.369804216380791 0.841737188273065 0.572181736165645
"ch.14.1488981R" 0.114530129123841 0.131177896560785 0.0720315906678309 0.712291384177816 0.623558067314938 0.37295396250848 0.216865047469058
"cg26501007" 0.39015052904547 0.133093466690204 0.156550449010871 0.74112661692809 0.561663281215075 0.122611881401803 0.484000800737144
"cg01231183" 0.093861642368354 0.111032470400916 0.0868118113920642 0.694231305047195 0.55207346708021 0.324923561044122 0.291860423269744
"cg10099758" 0.17029834481338 0.0790387396063264 0.109094272198691 0.636479914109715 0.446643624096291 0.0675982292373074 0.221024819919413
"cg11377213" 0.0575703526805745 0.0592266235842634 0.142841558173562 0.789073149707484 0.744218608873116 0.664998951578889 0.415385032912825
"cg04682193" 0.049277322023493 0.0688602638419422 0.768292997485758 0.805405361237265 0.599750593336655 0.0743022300756478 0.71500186139637
"cg09169413" 0.162669077700239 0.0885324379541908 0.101132681962896 0.753838348319993 0.677981996154442 0.418249375750065 0.43834219999387
"cg09287328" 0.201202836193296 0.104650322531148 0.138784760832346 0.885671871909363 0.878117852185732 0.759141225383644 0.718884654874681
"cg19548859" 0.3768875534871 0.0758198078284608 0.145526684060468 0.799884631661893 0.680589735796797 0.363905330993235 0.618840082818647
"cg14510299" 0.159292327902788 0.0888406629821752 0.0761259153046458 0.697219907487145 0.545555359891088 0.266428787493235 0.377346745849929
"cg04642300" 0.0464455598303347 0.0494536382604194 0.074299968746068 0.613032681160633 0.492627500580977 0.0525706751572484 0.219144931495169
"cg09662852" 0.0546769931178947 0.0624042478666113 0.104005966533647 0.624814994043922 0.478822348509599 0.0705359307402082 0.207205688572675
"cg21252105" 0.0300148486548519 0.0549843812063849 0.732155889101046 0.785813251012714 0.598328019552337 0.0709262931661303 0.571980520400779
"cg18150584" 0.0514179763513155 0.0574728014655469 0.135495365533992 0.786908196289811 0.789591222019369 0.665453859950241 0.22919120293898
"cg12465678" 0.0887707419577918 0.0799577289066367 0.637673603163445 0.798383830625096 0.617836223464685 0.0968561140808125 0.608161749305735
"cg07220903" 0.154175359482728 0.112365397833084 0.616597680912947 0.793504452615321 0.591155813691161 0.0854913082493888 0.435536121711852
"cg18739675" 0.0798624463035089 0.0561339002041353 0.669155872273837 0.787959858628781 0.599783888079152 0.0664300343911529 0.580581686606295
"cg01543184" 0.0758974531545575 0.0900680970590452 0.202545379793713 0.731754125452181 0.668242878882844 0.26823489254933 0.29432847362959
"cg25025181" 0.0527906693219838 0.0409202182650768 0.19253510636026 0.696637586948244 0.615454415542254 0.229367287970456 0.245561911373103
"cg25031824" 0.0632643824982356 0.0815251048421032 0.106527501851439 0.736541165241101 0.649949074429972 0.418157456975948 0.309341569457266
"cg05228359" 0.0398494732174839 0.0445250608106885 0.064933839767244 0.686839728031958 0.587614328687919 0.325243630007433 0.228816541750319
"cg20281375" 0.0561628726492916 0.0654298610082281 0.120482438772745 0.713480692352874 0.61121292461313 0.336719932495243 0.258564823859314
"cg19369955" 0.0655655556519321 0.0693383223268322 0.102493872599596 0.708122080275048 0.57553492804007 0.227767959694614 0.504152517338974
"cg11666770" 0.257707357390182 0.291459404220875 0.294938357568097 0.853266412838169 0.707757721190906 0.296023178840739 0.398436667037611
"cg27058988" 0.0339608021140863 0.0369680980189426 0.0486162642456879 0.63593103185238 0.418271482659743 0.212641613983028 0.192434589786003
"cg21593001" 0.0468699669796626 0.0617652800526565 0.19446068724176 0.692489899303572 0.574810061937339 0.141670327964062 0.252041493903766
"cg16261114" 0.0598782975656504 0.080834038095897 0.206558781006728 0.791503029997061 0.708159688650631 0.476835556033506 0.355266257793621
"cg27027151" 0.171336677021152 0.171849972762337 0.0746752797616433 0.683514731882964 0.352761489603465 0.141595075593684 0.28359995958657
"cg06650256" 0.0834414862678373 0.069953877231214 0.5476304594457 0.844161067200706 0.69864001335601 0.297388827541177 0.572338957012152
"cg26923863" 0.0330336507652848 0.0396609288320257 0.48097591413361 0.744616665129477 0.477037286090174 0.058577346674482 0.614320694068479
"cg21495704" 0.0843791170042881 0.0811866409530704 0.606791196795132 0.808680012475493 0.614189337753594 0.0864007290366522 0.538049561121015
"cg16922167" 0.0782031066719469 0.0973056023886224 0.232203888790443 0.750041621012425 0.60231902837414 0.232675475355945 0.33415552564838
"cg07598385" 0.0259377084774523 0.0380606047754275 0.122302410649797 0.638767232967112 0.434151270806666 0.0437509733931317 0.206091700297572
"cg09885622" 0.270007286155019 0.131067022863251 0.363255653186839 0.817191338280926 0.634145511464758 0.108732737184574 0.54559179726321
"cg25394505" 0.130592406298238 0.0990790553230843 0.171143167186962 0.711103522422879 0.513343610857713 0.0797227741518918 0.342199718189358
"cg02380585" 0.0297632523893164 0.0356612039518881 0.0337612560696333 0.629124985080811 0.473524854455982 0.0346818303606315 0.186755063069132
"cg19628988" 0.0704420517792105 0.0507937812774839 0.243830384868685 0.678068904495414 0.4218847339129 0.057577095490455 0.194475571825683
"cg23582982" 0.0475627072457884 0.0778662209070296 0.240415341402864 0.789376778339108 0.67906804247033 0.331997384665126 0.427795611651426
"cg24457026" 0.0491878523974487 0.0683162505857943 0.145706574859992 0.759636550027635 0.628509352627931 0.224612858308258 0.639299772191471
"cg14181576" 0.0364498849155935 0.0427931813634027 0.0552967630612751 0.65330633159858 0.450257410738908 0.0845628301447267 0.208786157226743
"cg13448978" 0.0297808319003708 0.0390306958898742 0.114022010784838 0.699402694168563 0.531728923673539 0.164747726267668 0.260718133732694
"cg13468685" 0.0703353919622151 0.083139821021891 0.308939098777452 0.778072451148838 0.608151995778248 0.107858107885346 0.494704384243402
"cg11787160" 0.126495304751052 0.138012992269348 0.171983390491022 0.785027251638393 0.620810174839558 0.233735671855935 0.310179498430281
"cg16097858" 0.0679792560029471 0.0772395359561197 0.0808201473388672 0.733134284292732 0.597174500779288 0.178999482291467 0.319256867047734
"cg25978218" 0.0494306379880385 0.0601672879616003 0.203749568774695 0.720029294102768 0.542643056394705 0.0484993922289659 0.344846501286663
"cg25729350" 0.0701099288322416 0.0671465042547142 0.0717545700573273 0.701639930429482 0.486715982389615 0.137839563598124 0.254179779368891
"cg07785552" 0.0589741268488045 0.0701407913460857 0.0775508580894586 0.713977595925504 0.497285748413901 0.10392284001375 0.402510222028955
"cg09037630" 0.0552701233469022 0.0456097563612092 0.050133970316911 0.694970532001077 0.530266185409447 0.0546531757926436 0.313041441509011
"cg20455854" 0.0447821106435043 0.0595222798011988 0.136994966310703 0.725903996422621 0.546621835850461 0.0733569273832487 0.322980992042347
"cg04742550" 0.0278290084468455 0.0341939980299003 0.491653991499167 0.744269402040376 0.293975168101127 0.0409184431030144 0.246654896904554
"cg25939861" 0.858095700773323 0.841349227508651 0.831885701238779 0.670139013394637 0.189010631315728 0.62995923990399 0.608049524445007
"cg00219921" 0.877569021062159 0.885505891492486 0.889668554565511 0.786540864523573 0.31669894042587 0.835195266937208 0.759156984116235
"cg08289375" 0.866894075821124 0.861610006967491 0.825154928461421 0.652260752824969 0.171568451623892 0.1791764259058 0.733662040775571
"cg01801643" 0.809543049502726 0.82014969514252 0.825408182597141 0.56995808220411 0.135096812379069 0.146845097793567 0.701039050562389
"cg22512531" 0.885193423395225 0.883766914699811 0.84361459408355 0.309578149770937 0.145666357697166 0.322876657286442 0.664467294791575
"cg14094409" 0.956952928976322 0.950246381636265 0.792796211719143 0.347152020344662 0.161889091938269 0.229828192070144 0.765695657465854
"cg08418872" 0.907076262775006 0.922385016543585 0.880158918585636 0.561128259850523 0.217019563927837 0.303489525815761 0.768369395025862
"cg23752651" 0.86047708083 0.88872258178926 0.879149993696133 0.613585019731751 0.219811944996043 0.308356340301111 0.799077529446721
"cg04042333" 0.962191393396599 0.951238949639155 0.867365434272229 0.448290754967556 0.181322449279999 0.13183283356834 0.695719609055765
"cg08450017" 0.931964229659546 0.919312809098287 0.872219387110542 0.196750837842839 0.167254286835475 0.380393851076895 0.648546830681901
"cg14506192" 0.890624276176138 0.877711494300948 0.8041265755827 0.533374725715658 0.181965664673129 0.216702560215155 0.742079239647354
"cg00277591" 0.905607627794816 0.898846395197478 0.839741981608584 0.147109587348318 0.120418167628773 0.204028933072264 0.717562983796278
"cg17984638" 0.898601245939056 0.888832432378234 0.830213262514796 0.127679298684785 0.102688045740064 0.158167939081209 0.691457831041367
"cg08691577" 0.885286528779423 0.890029411124935 0.843590211569097 0.885544412941607 0.257735822303551 0.188660702417403 0.800335541039784
"cg09032544" 0.958270884124151 0.932580603144525 0.833823183321373 0.174967169443582 0.147440857306463 0.236751555775788 0.688073345338662
"cg10977115" 0.8968219307714 0.896103309598239 0.86715635207511 0.35142502522717 0.192602499686884 0.373795408491038 0.659995740710002
"cg04394724" 0.902739012767377 0.899389064078505 0.876670594811512 0.783522131245147 0.332131289748774 0.621893694554035 0.849986345079655
"cg20997320" 0.849206074319969 0.84647990624851 0.796408093349911 0.517231617396484 0.181038792533644 0.275645061156187 0.717813681222547
"cg16093065" 0.891544918689184 0.887523759065336 0.853450473571048 0.164748704759146 0.148414413629754 0.242854475736083 0.784114106848295
"cg09453312" 0.879087796565303 0.857566863083568 0.831821324695277 0.129645953375819 0.0990109946063451 0.148573644366621 0.569047541969524
"cg09018107" 0.855599183956331 0.86182476557514 0.836169012537603 0.179242284678163 0.112131815391678 0.153759751928438 0.605857619422486
"cg04780563" 0.861086305691774 0.853382132876046 0.79992420642212 0.178290028483229 0.108329368912426 0.190212169188173 0.562858142998596
"cg12748000" 0.911799815263726 0.908179533639491 0.887036650359729 0.665444469550286 0.276805948995039 0.367370147583938 0.695138138741383
"cg20894640" 0.895208733071089 0.877087471954978 0.830879296584826 0.202358999143527 0.143138036545895 0.208742678344324 0.667909847484383
"cg14255337" 0.868904793319813 0.850146278443102 0.616787598836581 0.73728673999885 0.222770876511045 0.380544607891917 0.663264025772526
"cg03062881" 0.711644165599435 0.789855471563614 0.821572026158413 0.449102878264322 0.148579168261399 0.219044817319622 0.745074582940272
"cg12172478" 0.857306173722454 0.845916355175639 0.818710848531127 0.163736623371039 0.120314384326359 0.178320048123006 0.6830540907787
"cg20981615" 0.831026341851768 0.846135557754285 0.8243651545217 0.143058081678674 0.109994737945399 0.161644742614438 0.674525187340427
"cg20042612" 0.958473897229358 0.952529605224245 0.905850084738266 0.741154201254012 0.315314808547942 0.263506824000803 0.907966328797701
"cg23074881" 0.852948772693474 0.846029470525353 0.783586501834814 0.1332063409204 0.110834214653203 0.203751739326976 0.65273427678225
"cg06419846" 0.95284701452446 0.953941352022549 0.954140401204921 0.889938159174583 0.461186034479401 0.949679376835733 0.822905000044648
"cg20651018" 0.883475790831276 0.850428611248908 0.725002239998173 0.130803198165501 0.117306267003791 0.228928167829816 0.740073570663681
"cg27008565" 0.845367533913249 0.819947160748054 0.789566163013222 0.307448003081022 0.138653335952105 0.183809573005727 0.701783264587002
"cg01557221" 0.865326920799152 0.85001903808989 0.827563012552991 0.587997607373665 0.224151068661029 0.26229837037624 0.745172598307292
"cg00619505" 0.870291688839586 0.853545668769504 0.785127917023263 0.560633612117415 0.202697146617679 0.196463269486895 0.741349530240056
"cg13606287" 0.888428934092657 0.883056360303224 0.830910010039305 0.133434588224856 0.161238842732641 0.344766491543006 0.656912938650629
"cg08109681" 0.865017495454205 0.859636927296194 0.803576049284417 0.149089430880292 0.11628037471001 0.17067769402674 0.595002207390793
"cg15046489" 0.874797198145387 0.867078952765508 0.825993571326619 0.156598446456828 0.131405338377943 0.182983580791569 0.641527864645619
"cg27315109" 0.871538862713943 0.86679842592211 0.834736094558287 0.144990215261067 0.147209116913295 0.293733834931566 0.616207598033359
"cg17477578" 0.867364603475241 0.863300422467726 0.832550113221829 0.146157140655815 0.156867290781447 0.371716927849505 0.564634069363381
"cg05595469" 0.867703124447834 0.839524786575453 0.806268717732096 0.563594723967005 0.23446894552663 0.363307318476914 0.683512377147971
"cg07573020" 0.860113731986853 0.843646538593307 0.813818486538373 0.128149265879432 0.150010540524493 0.321465590748881 0.703769165569221
"cg19457770" 0.901544236281222 0.895095114419265 0.644426068419212 0.199930139207521 0.139153281879749 0.260619283791049 0.678113817126306
"cg14696926" 0.857538014642999 0.841972523761349 0.797913597934454 0.117389446860014 0.0892203558525488 0.133315417094708 0.354348426644965
"cg19667460" 0.843018242018169 0.834262810602736 0.809783260683026 0.155749014893637 0.121119679784642 0.149128294598635 0.669323642753733
"cg09832245" 0.0533956729736092 0.0744472143431657 0.0891596862717503 0.680070751680724 0.6730103063631 0.500278889699116 0.305693780438941
"cg02744249" 0.0252531171254947 0.0294201280356148 0.0540842199874464 0.574671594130226 0.632165504252093 0.548499349780583 0.189990920768244
"cg15373592" 0.0771860473051958 0.073968156037418 0.238279110264639 0.753754694139421 0.734917936670675 0.567028297850723 0.374798067428126
"cg04515608" 0.232806348360837 0.0690108264204352 0.104407628431053 0.74445938025704 0.759820038818356 0.650588129033827 0.546642192916753
"cg10413136" 0.269543639645082 0.165606600962523 0.327847639739335 0.830624316434094 0.864288421808248 0.79655344213899 0.469014092143247
"cg13736811" 0.0657942065728799 0.0755489788835849 0.287441716355323 0.711409369901686 0.740487301243132 0.652680125604936 0.240481591488426
"cg22193912" 0.0296810933821414 0.0365882898016699 0.0803418330233465 0.615039823927216 0.579256459414853 0.12653214373102 0.195146957573577
"cg03677056" 0.0870347187480842 0.0939379442717188 0.167143119201139 0.605992556588473 0.731358664837781 0.792791527467976 0.231473699129002
"cg23950714" 0.093697269331629 0.14440791933383 0.251210842022763 0.71361401063353 0.776405418561391 0.714104000939898 0.355864022379467
"cg01178099" 0.091388878328228 0.0783680126425342 0.406842260402671 0.669531770474839 0.784503979539178 0.76016301229295 0.289320226525693
"cg00201133" 0.0645287340339768 0.0758184996705422 0.37957805160433 0.754336344150148 0.777895786004214 0.703043623865881 0.252444443221964
"cg12774429" 0.0691827687072169 0.073425570658059 0.12452641379691 0.702972266059434 0.709315840605496 0.572119911996764 0.379316160788173
"cg01925950" 0.0907294029683841 0.0573900656418608 0.125306678577099 0.728094484251667 0.734376582611442 0.645755543231937 0.478898522293306
"cg16824282" 0.0732582945917384 0.110151320543092 0.158762277528318 0.776269119630557 0.752734903084274 0.616391428721282 0.464842914343576
"cg00901982" 0.0552787945157986 0.0600317865714226 0.480496599836158 0.680473865382916 0.789731098805324 0.756495819962244 0.245120976765417
"cg13984746" 0.0573913814831581 0.0719934078675183 0.276138200208665 0.774268638476463 0.780481120529842 0.673256313811643 0.529665639296596
"cg06707899" 0.186263056284542 0.13920182841387 0.148464242925411 0.739529399299592 0.78476496574569 0.737274598817307 0.360531773152091
"cg00107970" 0.253895082326878 0.195173340281448 0.220755556519646 0.859888101944785 0.885146612242135 0.827623428446853 0.700751007226589
"cg22145559" 0.0622553233625057 0.0775363424090209 0.124654272356847 0.70751155881859 0.731755968817254 0.683211095966883 0.337459591429184
"cg07799277" 0.0680936180608753 0.0764257148835886 0.147146026222416 0.598560139733421 0.674181709562034 0.484305363719311 0.205422421236482
"cg06422467" 0.0909731377436891 0.0808574491069535 0.222472699159973 0.773071440174317 0.76246444704484 0.623601533638945 0.389789039807829
"cg01774027" 0.134367156030365 0.087410667508243 0.168420642375893 0.679275533821514 0.768703687327118 0.743632085380238 0.441494525963153
"cg10376161" 0.067946384756071 0.0672137676886404 0.128226895852916 0.767689506302694 0.765849645043044 0.731565633003204 0.513279564155906
"cg21697512" 0.149442851029335 0.122559561799973 0.311962317719996 0.808651173667984 0.827343896778812 0.778677533624513 0.317962909153008
"cg05418915" 0.324038889332185 0.078287218111822 0.127678418750092 0.769467367398968 0.822350916725785 0.730647756199041 0.657603367799949
"cg07834069" 0.0613093467538324 0.071489599371007 0.235517463412793 0.816635856860354 0.792038924659393 0.639327846492952 0.647494542239414
"cg21281463" 0.0797872024061107 0.0615469549263261 0.258754373969591 0.7698188097372 0.790897105190277 0.708637204098847 0.481913904023607
"cg08772789" 0.0917997270622378 0.0888866350648611 0.133009712734728 0.780516518925882 0.782575625179809 0.684723157445331 0.593878218682876
"cg24401262" 0.0370389610545682 0.0457441705132687 0.0813609173047885 0.724956965986027 0.706622361266791 0.53647945242891 0.399288635443396
"cg15382933" 0.10003078590211 0.107799273283776 0.212470102174606 0.78229862275377 0.817880358571779 0.778087709284444 0.539333274050187
"cg13854219" 0.0700243850098931 0.0527290041553411 0.181317396959623 0.715350599448283 0.726417091996942 0.532158773476154 0.32985094048055
"cg00409104" 0.0658723666808766 0.0841650034769761 0.152407740888145 0.721284340488127 0.768731856888211 0.733153679054495 0.408478325607802
"cg09888840" 0.0830315420743875 0.0758024174915822 0.127788254227233 0.748596609258261 0.768112020191852 0.727222983509668 0.38032670343858
"cg01088404" 0.0566022138624529 0.0619685668724897 0.174583718035628 0.423706338183404 0.695190540996747 0.707285673854259 0.227505897014556
"cg08215318" 0.0533283509282173 0.0876759339042289 0.180439217234196 0.529188987257083 0.725980689760254 0.692429190915189 0.309633246104501
"cg22152931" 0.0841417515707773 0.0819349915630105 0.160806389796621 0.816969169906443 0.818128132691665 0.74808154115383 0.672911474212985
"cg19782686" 0.185282044897048 0.0832835499386241 0.0976627799512449 0.746403213957611 0.815403840871813 0.776726762642343 0.664574693404907
"cg09145126" 0.0571935234925995 0.0669208374605788 0.11030104137277 0.657907149088948 0.717674483897962 0.587042356355201 0.272713238230214
"cg15945333" 0.0593032094952851 0.0719032320642596 0.166199009200333 0.730283335219191 0.770975361153983 0.736055374338874 0.233221571013203
"cg08545593" 0.05914916489577 0.0678804721346711 0.208755779503801 0.783029604184286 0.821446012008348 0.789941529501479 0.552023718699416
"cg24448340" 0.0550060478404186 0.0621977381540977 0.181277509157729 0.795959143718142 0.816356103455601 0.74123812489116 0.642509714845719
"cg18907610" 0.108196873438495 0.0898845641543657 0.162840051492312 0.785854153314031 0.80911313441646 0.751597112324928 0.346445948974214
"cg15935770" 0.071042502969869 0.0600795366518435 0.193761422412737 0.798070558595106 0.822201884189386 0.734793935523428 0.576544521426898
"cg20049422" 0.114633880264922 0.0647919930027477 0.145166844369431 0.728858858013128 0.814547684016 0.805175987795773 0.408499314420206
"cg23671196" 0.0573151712912378 0.0684879588713199 0.13765539566721 0.755974603706709 0.791279710306359 0.696605302041588 0.261293974020426
"cg15982099" 0.0447738420378614 0.062895826624923 0.144045742433809 0.782034081482804 0.811731479445189 0.737628563212268 0.274845236500955
"cg23249922" 0.177422501646716 0.0533811054122072 0.117079771595665 0.866220342698703 0.900585375934948 0.806446876586745 0.709913751387408
"cg12811871" 0.977495909373181 0.966053514946933 0.842507093293538 0.970205113160962 0.650179199331809 0.17489033240165 0.858697286238542
"cg25383568" 0.958825839512452 0.947693346151971 0.864827425354658 0.953136331282706 0.637267752111756 0.187933091832226 0.909622135167046
"cg27582527" 0.855252902749313 0.85244358289672 0.787314507099011 0.862592077012534 0.55716863885892 0.0906297910335455 0.638252640564629
"cg27274718" 0.882307592977895 0.873792414864579 0.818910488332261 0.887726622262702 0.612831666314388 0.1454293982642 0.786508569005324
"cg15956469" 0.94675561348608 0.938906457801001 0.89050830512453 0.946050146069605 0.674328112405373 0.216044212933698 0.899754772170671
"cg13917614" 0.942421553184491 0.916855548700126 0.789987746190187 0.925307037717625 0.581431657107926 0.171111342341097 0.86477433860576
"cg23015664" 0.931191702395673 0.931913741620545 0.87795012186623 0.934645148795365 0.730175730553792 0.225482789191027 0.908524390025838
"cg07307830" 0.893435923144912 0.883577071106558 0.851259433425876 0.882965306806456 0.620055770021711 0.162264739198755 0.710623991173073
"cg27309871" 0.893475703682391 0.892025583970921 0.847543029990411 0.896520209974823 0.658634360641913 0.178276471595701 0.778502151404555
"cg02384859" 0.908228480022777 0.900711554234181 0.839724499809735 0.900206611558217 0.635776844314052 0.176720178840623 0.733632232880442
"cg13613174" 0.841951812082322 0.875274475297935 0.81387363844901 0.894628685433414 0.589815253389975 0.154321477570082 0.823410315425226
"cg05656688" 0.870930483012609 0.907309649321598 0.811458616988884 0.881442094105049 0.535168715059723 0.153895725652645 0.817144176912387
"cg04736625" 0.858921464895511 0.851419545173352 0.814146337357832 0.863312967857102 0.608731164479861 0.146187406826776 0.779699640770703
"cg06202778" 0.860942102972581 0.831114583913369 0.837540505638328 0.875839078577438 0.629569609638303 0.147433260640158 0.695384381655935
"cg02150910" 0.871340948016068 0.873695666323398 0.847342204029017 0.886422724692221 0.647960188759589 0.170656054766849 0.710976940415012
"cg21333217" 0.966357375040082 0.958726640603462 0.914142816958084 0.963051362024995 0.722947511555368 0.261855792106713 0.939833548610261
"cg24408769" 0.806650153948987 0.788534446702014 0.840317056704691 0.908967579187877 0.626979905615718 0.157277400943338 0.901649123843139
"cg26012482" 0.855998979609545 0.865247716101762 0.819785873917987 0.800092195374977 0.569540460091496 0.134287189514942 0.700693006498705
"cg06040872" 0.839075275172085 0.88826586447581 0.836930812831285 0.900565071831779 0.631293838277334 0.176161664668297 0.789660192318915
"cg19563355" 0.870550769492515 0.867003717871698 0.843386524934441 0.875219696739106 0.620174811110938 0.175598452013916 0.841873254478168
"cg21634628" 0.890557299106158 0.882896449642251 0.812130775541935 0.842957839045881 0.611754922024224 0.163333928739422 0.744109323226449
"cg16340422" 0.941620735935014 0.942996229127275 0.908158119162126 0.946135349909111 0.699504714664475 0.227900946090958 0.6160995794803
"cg24430034" 0.979238458519858 0.973173060960698 0.899762015779807 0.970683146615631 0.670691043459615 0.266511414910753 0.957572405929787
"cg03538296" 0.847624289968651 0.846527954683037 0.772970023349207 0.855706232853077 0.51328632553939 0.12535924207597 0.686313450481883
"cg01940139" 0.894496974332889 0.890664025595472 0.857824636546113 0.887631646749629 0.67120835992769 0.196732107023517 0.741614351118946
"cg26275360" 0.872144102742686 0.865866434341983 0.832395145540218 0.872378907294744 0.651421457088306 0.17604709432932 0.728397097016063
"cg21474838" 0.8911421489343 0.888307899692083 0.858105594839106 0.879878431256948 0.67226784138174 0.197240515439859 0.768149591059086
"cg23474890" 0.927071221663228 0.92956519613747 0.871646718133834 0.825954528324517 0.501633878375011 0.182216455440936 0.83910296840539
"cg22488278" 0.892724951032462 0.887984175809471 0.81151361180086 0.887510857394924 0.627337393005351 0.187655507813868 0.815340018407609
"cg00594040" 0.870440263657873 0.873575713157876 0.813637196366137 0.861972387894822 0.604751034145875 0.150994290742867 0.52752907546636
"cg00805874" 0.951980753387868 0.942315595740198 0.814084596567845 0.948307807324151 0.564938795127466 0.218637249031046 0.915880175610557
"cg21828319" 0.883983983124912 0.87484866349136 0.788844594372973 0.892042611940467 0.650752915416263 0.187688430027157 0.85955814004466
"cg12531611" 0.899818769419621 0.888541338479036 0.850096046786999 0.889969206202235 0.658967589110507 0.193697522087234 0.698765099348159
"cg20987610" 0.890550835809028 0.797881587579405 0.849379412920754 0.883466501326842 0.686899541675819 0.176555845857738 0.710083474562606
"cg05593759" 0.884222453248941 0.880765915997859 0.836823074094889 0.885454487536333 0.633468028483597 0.184847319671596 0.704218094295463
"cg20657709" 0.878879504759247 0.866866959349465 0.826913817445438 0.874613201375142 0.634377705249164 0.179551391366911 0.730537597525164
"cg26227465" 0.873591985837475 0.850595429107787 0.830318381333617 0.85941218540297 0.588578358100152 0.163146734377332 0.675077188615513
"cg13449535" 0.853176827536048 0.844633510307937 0.836221974464936 0.861387476790456 0.614076042351359 0.160073134506129 0.61693285108903
"cg04784635" 0.890747126930844 0.892117678682993 0.846327463279534 0.848661738566313 0.605571766441756 0.176196213448177 0.627017135879737
"cg05653887" 0.880507323647189 0.870174846995848 0.81478425063259 0.879536633399654 0.624111120433258 0.1750311441488 0.657814967133478
"cg19696012" 0.892394952803065 0.890141969151879 0.850905307622691 0.892304890952315 0.65948438966439 0.206412679970748 0.785609879120179
"cg26209730" 0.934485828744779 0.925474801164509 0.84110730440924 0.93625227871582 0.605934313402582 0.227884542091341 0.898561521081058
"cg18672716" 0.854673725108192 0.855930631558408 0.827174383697015 0.884007792252967 0.608249307408966 0.177681178402212 0.757362403027834
"cg11100450" 0.894896870794606 0.891228675903874 0.837339609803184 0.888601081717266 0.589231434844403 0.192648360411288 0.766843705757202
"cg10628126" 0.89851382046637 0.846652577017817 0.857248738979493 0.895087422864596 0.668950874133261 0.202626394062359 0.776834410134554
"cg02663352" 0.905198216071883 0.896822882950376 0.839648135466704 0.890846772940494 0.674401427120342 0.222445970247665 0.875305622230981
"cg20959189" 0.880529198573881 0.878284071715301 0.846142358644776 0.829529554700475 0.595047258024904 0.183478674816659 0.773648067432489
"cg04527989" 0.89231168234746 0.883431127045365 0.83791835832501 0.885429242308679 0.642822563014941 0.208183584003155 0.834808255951272
"cg08985282" 0.881063020266967 0.873577579417623 0.785469955597365 0.859743211173849 0.578384927850031 0.177504385397323 0.8096859090573
"cg14301562" 0.82846300964142 0.862953025655059 0.827456055704041 0.870696787897964 0.633328479164382 0.175438788032102 0.662324671527318
"cg26475911" 0.2124688536994 0.120811342109994 0.44415305693449 0.136267138238268 0.531476028628461 0.704110390172664 0.241759655181518
"cg17654050" 0.204875713501824 0.212575881146583 0.238639871580218 0.484108504378217 0.495670356814681 0.746329214201632 0.228506667690471
"cg13318771" 0.082401396997568 0.0531459597587362 0.133391091980827 0.0936019978161729 0.288085826690149 0.558815351065318 0.0771794354916102
"cg27122888" 0.0618750760377152 0.0653079885110403 0.112560818674716 0.0691148263033594 0.266773185811966 0.552250382688196 0.144066146604168
"cg11481582" 0.0496205924168905 0.0522230695017678 0.0910369451318459 0.352900861108049 0.488816277310106 0.635133039464377 0.16998701451633
"cg11147278" 0.0572165615040479 0.0553732000425557 0.251583265820195 0.354090975952182 0.578874836830856 0.699915949830081 0.394480887628368
"cg02381279" 0.0788100875518576 0.0785076140784955 0.127055277668197 0.230179176498444 0.459332501217977 0.630227427685898 0.169026254908311
"cg24315421" 0.0592641900989924 0.0706053920986557 0.48255748864691 0.332160072210704 0.615171127028856 0.742633284567664 0.248945053145211
"cg04887172" 0.0739580710050631 0.0973519240935498 0.164253220896047 0.332169826707992 0.505676381186152 0.669790523478659 0.191475261683513
"cg25887844" 0.116908437513252 0.181400594649724 0.456896877079063 0.211843607686553 0.412640030148194 0.720365124649078 0.297012635713186
"cg15356966" 0.0627421579927739 0.0708825640683152 0.120744221020397 0.236678283927583 0.314732601280932 0.600774559176508 0.13472514684795
"cg10491452" 0.0524076323547848 0.0582143179955519 0.0915299520320107 0.124294941425199 0.337451191777111 0.57205356358014 0.0937980756212774
"cg14649507" 0.0910445757610671 0.0820688322155558 0.150489998428364 0.426260423787848 0.507913557437572 0.702518363592495 0.399988481157126
"cg26823762" 0.0481355112165721 0.0541745652841884 0.0929899904699544 0.1326884834564 0.405304667768643 0.584880941118558 0.0866725230661113
"cg17087974" 0.0667431055526409 0.0767270392361093 0.139697298038554 0.390466855932751 0.624976638292655 0.703095936546563 0.308523444985184
"cg07675477" 0.161289353155483 0.175350144732182 0.235900743828472 0.208664705846856 0.459545161442132 0.688533519753263 0.196455463099114
"cg09747445" 0.526019050208462 0.506546387981499 0.224889815806523 0.196246525497098 0.329828466463011 0.800769106838635 0.260889535364884
"cg03780927" 0.14128642107871 0.142982516831766 0.282377518175759 0.166228925762287 0.306361258442487 0.647445116718303 0.120804275409891
"cg03548857" 0.0469134246505656 0.0491750744025434 0.137815521420811 0.124009680942983 0.300572889912845 0.57388887475822 0.0774056608967876
"cg19736900" 0.084012195298835 0.092439906034154 0.137970811747636 0.397700701266374 0.587905310387697 0.701409772050151 0.227124139949857
"cg26348226" 0.0916963110953666 0.0735035675514112 0.12009398454294 0.266172812105662 0.51044899481839 0.653700225827284 0.164427381077866
"cg09958402" 0.0508286821901332 0.0443308377057655 0.0819027533016627 0.267501701756833 0.502375783982192 0.64168670567244 0.196161059466411
"cg22589728" 0.203509484553152 0.176677471397125 0.171440487429179 0.16854209678 0.338438088599867 0.666085060182343 0.180712630607825
"cg09101151" 0.154220536242386 0.135778484763983 0.117125441530814 0.202416092677547 0.379536789150936 0.671553544878471 0.386583092838998
"cg07687131" 0.0644708473848705 0.0711200122289443 0.116209659599408 0.436943193363616 0.574257492212858 0.702514627393675 0.169083518206847
"cg00084338" 0.118850591190051 0.140129172075874 0.19326508049737 0.105439701979437 0.469961702453618 0.666209687323048 0.114136960336915
"cg01447281" 0.0527517598776855 0.0592102692201833 0.132544351376644 0.0562094582163639 0.2656533679808 0.580545068585115 0.0829709878254048
"cg26971042" 0.135441888810024 0.124168215522913 0.0947668776887974 0.0697072330995445 0.220584803421888 0.602127291498497 0.0870422336497903
"cg11822932" 0.0472699788000789 0.0533189838810422 0.160769754267098 0.41185686920294 0.411207240143326 0.685860777552879 0.149858892283214
"cg04790874" 0.127098833932845 0.132562438647671 0.109717302389896 0.387971004928231 0.364746908901612 0.704286560018435 0.249785318569198
"cg03837680" 0.0427878498026234 0.0522056669074558 0.122647957367663 0.104839809655104 0.339420911471916 0.621549811164552 0.278550194128365
"cg22897715" 0.0386674796823677 0.0444385647291795 0.124698478396592 0.20235884210919 0.356285795157778 0.634179706179647 0.0851976151077333
"cg21232161" 0.0831801018537026 0.200977005983182 0.16698301770059 0.24017910620274 0.465995076656615 0.736388827542122 0.433011859358522
"cg00423035" 0.0587779202572143 0.0709971670635863 0.143325510493764 0.279398796825011 0.622829192201234 0.714608212840948 0.187238606887008
"cg25817701" 0.552830194816009 0.426373445470589 0.124177259434054 0.180934165449549 0.34971764226014 0.83498625996899 0.556548283779707
"cg27218978" 0.0742698595176003 0.22256384347799 0.199555399367076 0.310886701262461 0.556504448827739 0.779705164856882 0.4569434032475
"cg09001226" 0.0827900952963896 0.0832995135724482 0.250126794237927 0.273589766622301 0.403721590708944 0.742862754636388 0.576467735294791
"cg11173131" 0.0444361072868526 0.0511540043911646 0.112960964740749 0.205284642147363 0.437026302889777 0.685677013621775 0.16446525592321
"cg06117093" 0.0870437565276865 0.0650553379178738 0.18639020480347 0.140017492399073 0.440538077588459 0.728858170350731 0.551626099158357
"cg01700462" 0.0473362116977273 0.0573658636103141 0.131949456976548 0.262136347892795 0.494798231967018 0.715580464878332 0.192502385007365
"cg13404688" 0.0903233585858423 0.0662769508558628 0.160454671666478 0.297222464899518 0.61516332438511 0.77186011483809 0.342149604473769
"cg12273325" 0.127207921111331 0.0519833411939185 0.104955775674888 0.0894039960810232 0.348814552515146 0.672052772145736 0.172356764644085
"cg18881723" 0.0864355938514001 0.0653208334161479 0.116057565459068 0.0519195147760723 0.341514254974269 0.669106115918176 0.142038245657713
"cg11358405" 0.0340920089116683 0.0435961774859423 0.115842489010859 0.147312648185317 0.415621723373296 0.691232291178035 0.149618707475055
"cg17766305" 0.0831811863795709 0.0531292156357037 0.113246483542512 0.0769520998384258 0.393798062797638 0.80620326294988 0.131872516960164
"cg25105522" 0.871562382982339 0.919096441378604 0.929225264344554 0.882290331341812 0.892350803596227 0.90263206035562 0.246420844647479
"cg15974642" 0.892795677729675 0.906080957887725 0.905665879873074 0.913386885752476 0.907227089028198 0.904879836593738 0.287900409280533
"cg06768361" 0.911064631962966 0.895165730605884 0.956250829595531 0.960233608776596 0.957306968065822 0.933109609070444 0.335795837497921
"cg18554116" 0.911889014407821 0.918193808692482 0.918555679760983 0.925282362925912 0.923459875485786 0.918365705184159 0.321742536619723
"cg02349468" 0.960604169450694 0.973202395463973 0.974792341075583 0.980038422715045 0.952790093241881 0.972066869729014 0.374295634415837
"cg20151221" 0.925022695121715 0.927809332992996 0.92991794899133 0.916265274680496 0.919324607669415 0.913450392117559 0.340153375487464
"cg14438221" 0.869373584413128 0.872913113674138 0.87976191396127 0.866082297810467 0.867352214794517 0.873905065845349 0.293781067923782
"cg14160419" 0.882212562928219 0.742295883979144 0.929509881362613 0.932419955214209 0.940244217399827 0.916651391041874 0.306630595903209
"cg22353369" 0.889818406920568 0.897028050455663 0.905948115826574 0.881019595688052 0.895427302085189 0.912468795111334 0.329792564061544
"cg18168751" 0.974252595006192 0.977401989195085 0.978795094891364 0.979188281161474 0.980243813537236 0.978970622846182 0.418353744206698
"cg17927096" 0.881688164796518 0.870538307938763 0.907631300382982 0.904714965389664 0.901083817795529 0.899397877656821 0.336962819138295
"cg14203426" 0.953511713610902 0.965966338355534 0.974456802420693 0.979118845516554 0.976617825504491 0.971208203036334 0.41492494438363
"cg04315923" 0.918108845766012 0.949583651793448 0.9536020038206 0.968567967044755 0.962896573778746 0.957449666543862 0.397615888396231
"cg12099546" 0.890514729368793 0.884212268605468 0.896347110473121 0.894616272625155 0.896642304053947 0.898753519986061 0.339256035828397
"cg17463698" 0.789731531573032 0.800011754060689 0.817162377734469 0.812786848810233 0.816454868675218 0.809027828599404 0.258327775624124
"cg10594510" 0.944739868959346 0.959525181813187 0.960828115003623 0.96142478930235 0.94595135480112 0.918082999724505 0.402903316656104
"cg10018933" 0.876930327936047 0.876726427631589 0.891856089445237 0.885399246880721 0.88342816058269 0.888824547885773 0.337327717037594
"cg01589587" 0.837856343622682 0.858098033910932 0.889709429357328 0.892614355369929 0.892835420692971 0.87435150917458 0.335547210699339
"cg26159832" 0.783654717241973 0.812969102080932 0.869416947757645 0.868641874241003 0.870026904082196 0.851705318965035 0.304523366757489
"cg22029856" 0.889635931088312 0.897561927841192 0.897480360082612 0.902452536541455 0.900415152491972 0.894397618196587 0.359508341973751
"cg00344445" 0.475861036037482 0.808392921363485 0.937214191029557 0.952936474214705 0.951740856178141 0.924074054546572 0.308861506245788
"cg04643690" 0.871998870216176 0.891839616256093 0.905060571937199 0.910267327142188 0.909945321804304 0.904755171943733 0.362813167875338
"cg18354905" 0.863718269271536 0.869895130744488 0.900907527664232 0.899343377661494 0.895516268992696 0.887221461572699 0.350636046346773
"cg12973904" 0.877061142955138 0.881751862992656 0.900116592022013 0.894040455296777 0.884923793705585 0.88114284311904 0.351836644172286
"cg09846625" 0.891356876650607 0.8989241040841 0.904469035623819 0.901973108704335 0.897329692416964 0.896438275309082 0.364156746726053
"cg20555305" 0.925907800831684 0.927209722672595 0.943477822897091 0.944941842582573 0.94361027987845 0.938599218497912 0.404088655393556
"cg04026747" 0.899407664032016 0.898705214973378 0.910071863883509 0.909799257660914 0.903960515711572 0.900450270760465 0.371069511718277
"cg02814691" 0.890110918520984 0.896760889047351 0.897945253664242 0.900327328999612 0.900832981765936 0.890151115600492 0.364344018551752
"cg22379472" 0.897009262456041 0.914089731218986 0.918940712828094 0.915299122997216 0.903349599584366 0.904441153984278 0.378015207471504
"cg01888395" 0.620273969455546 0.478997600995159 0.830631403836407 0.820823759094136 0.824002787483413 0.8185792960884 0.191158964575012
"cg04228042" 0.894216331335453 0.899290779600725 0.90759960218012 0.90762160794698 0.907575700482766 0.896652926219877 0.373605210627814
"cg14267862" 0.817450978244428 0.843673768594369 0.869215009269886 0.87051512953326 0.862408295570826 0.841457321731855 0.32262761419763
"cg17528559" 0.8983079551896 0.903980184412055 0.895879039273975 0.899780928962103 0.902114533566345 0.902506127532749 0.372236636843483
"cg07604565" 0.827872743332403 0.864176920044694 0.88568320156063 0.869835158068509 0.887488429656124 0.870567703082426 0.340297157046335
"cg04120520" 0.850964703237816 0.885575448859909 0.894386738305306 0.899424600634823 0.88734516120759 0.890319202186618 0.358119086737084
"cg11926444" 0.945357442677742 0.948979378618654 0.951905105624867 0.950465861148718 0.953150807603426 0.950744658915162 0.423024178193096
"cg07149267" 0.904269599364258 0.904919261437144 0.909718093943236 0.910901038637279 0.907375396905144 0.905290438874036 0.380647642093007
"cg12077754" 0.801789298173074 0.883550550894322 0.893908831512634 0.892853936942251 0.891426261876057 0.88749315595023 0.350407092582376
"cg08330031" 0.841955121374172 0.869069824011873 0.887078923108318 0.876088463649844 0.877293191640749 0.879779710234913 0.346350054353861
"cg26504110" 0.96914819996808 0.970717809851573 0.976909623020239 0.979091494359479 0.976520583587946 0.975214194795208 0.448773598120289
"cg11759194" 0.872568227045209 0.896218994931593 0.899101294672973 0.895723995971392 0.895683180221906 0.887059685394536 0.36593856960262
"cg05012676" 0.943558432731282 0.950213906498658 0.955638609531961 0.958208212064671 0.957158697345153 0.95071772098803 0.42753639124863
"cg17687789" 0.890958312783918 0.89007340806146 0.904944124034163 0.907994480389086 0.907354406029048 0.900470305562196 0.375219619512588
"cg08770358" 0.895423739047995 0.917726969769979 0.919559394269745 0.92195501467923 0.921202260742208 0.91451916323435 0.390789228372308
"cg09899564" 0.858003992666814 0.873202375002164 0.876399643032848 0.873507252899209 0.878128778400172 0.867149577488987 0.347029083454443
"cg02989940" 0.878272247026202 0.869596803060027 0.868538949553598 0.799426933095463 0.854602267068702 0.83040206626794 0.326146954146761
"cg14166189" 0.883465435433896 0.876303697122021 0.879497508359708 0.882056523219996 0.869683034477287 0.844601402507804 0.349661536248296
"cg26078436" 0.812217669264554 0.819171600894127 0.840116944578359 0.840481317312997 0.843148698482279 0.833212629130704 0.309127988258096
"cg20343063" 0.84918103337951 0.856611095064809 0.866238072094207 0.858160308926779 0.8696186910648 0.861099407280941 0.338154908915999
"cg05925503" 0.872590573522994 0.872212067147304 0.900194896752266 0.900066593616321 0.897390611718405 0.887523213368615 0.366154148055194
"cg03638781" 0.0954629213572391 0.0844046729689418 0.0801822336674238 0.0636809283750231 0.0582027751415569 0.0561721135462004 0.387219632980426
"cg11803771" 0.0710665299229555 0.0838860488835109 0.183116299833658 0.452917298919137 0.259718913213956 0.0717130498482737 0.500684801366443
"cg19537719" 0.178388122575975 0.183075461719636 0.194130412695571 0.212970978188796 0.190437806757014 0.170593730281261 0.502870682397954
"cg11410920" 0.211089144810533 0.0593548311443082 0.0740584154984202 0.462360188692659 0.401594776943294 0.265151316194859 0.551140897845868
"cg00393985" 0.219425461462965 0.0629913929805082 0.065073357185011 0.100937835644549 0.0936958867231819 0.126750150971768 0.423135591780525
"cg15459165" 0.564846057292716 0.311571080689526 0.0927064493627355 0.107109749655409 0.0998326377031016 0.158536734628098 0.543178538766082
"cg25700533" 0.251359336173175 0.184684356731875 0.0959009667607276 0.369607764471721 0.284628043584945 0.492874643095109 0.597356107075327
"cg17607231" 0.35031027403948 0.149864892080137 0.136623833173654 0.362525597900439 0.401219457785735 0.184148334178634 0.583337943887173
"cg03422583" 0.0352752023678575 0.0355347974679735 0.0462932748731549 0.0572049927716988 0.0850665488869268 0.215870313638302 0.404827405268562
"cg13962347" 0.107916650887018 0.0554502897734029 0.0389468822711621 0.0383450331672526 0.0357862480252136 0.0413953710111394 0.38130448168297
"cg13695076" 0.118025976060183 0.0901061589432656 0.278749169851954 0.420679691887705 0.163358455083606 0.100329059095944 0.527925528246043
"cg08767044" 0.0377760748760856 0.0425018926567569 0.0501212621194907 0.297382191862107 0.260997592314256 0.208287442344098 0.481048444181067
"cg27540367" 0.0555853592208596 0.0568082955009497 0.373787792424595 0.130495596222971 0.0671286715587798 0.0946420187400078 0.46604360365389
"cg20660269" 0.0412364196378873 0.175859937653434 0.0396155602653316 0.0375037304546445 0.0456049171781204 0.0661236326499304 0.410045931004022
"cg22168796" 0.0191274454710191 0.0187202558225069 0.0175538231019873 0.0167095757882545 0.018564265353267 0.0176393879847429 0.360102620521603
"cg04960065" 0.0509109113584746 0.0441511339348815 0.0490895504627514 0.157087428884581 0.195144398559742 0.0951774800709343 0.440529060298275
"cg09977703" 0.137286611706117 0.174037357733403 0.273032665867849 0.038161501537317 0.030616206727885 0.0428697387425857 0.465838176472553
"cg05596756" 0.108187238865241 0.0470282977929355 0.101648474929852 0.0375713534235704 0.0430654660603195 0.0617351910280382 0.410954645950667
"cg09742465" 0.0532566797644465 0.0489441902406879 0.0491925951305537 0.237758395846502 0.138788642853714 0.0496541352456873 0.442195648961465
"cg04466898" 0.0570500790204409 0.0556052239230496 0.0550532016327812 0.0591361567946579 0.0576004578051482 0.0547108750044732 0.403582431114152
"cg00092400" 0.0729160867924852 0.0495265059860036 0.248740520302081 0.0507604698243685 0.0573745661520235 0.0836662459585263 0.441001350493155
"cg03466198" 0.0258519592373362 0.0330249533598236 0.286565129692019 0.236330743397084 0.211262202930772 0.170954253725613 0.510940172070787
"cg06637812" 0.104381777250102 0.0979401532998701 0.118740020526222 0.0794227899652894 0.128272390772594 0.271419171426521 0.487967056355379
"cg02508743" 0.284471407959129 0.259063307338852 0.0856315907611291 0.318469941043655 0.284072527395849 0.0903211473887998 0.580654474643497
"cg08574423" 0.120534067196001 0.0516389858519539 0.0341928141453974 0.0271068676160837 0.0547028107978226 0.113345906353573 0.425115673765257
"cg13639901" 0.118596779690101 0.092616890831736 0.120486825398134 0.0931696346512252 0.0800968158661819 0.0886076423649866 0.461247829779672
"cg11958644" 0.0422339172915573 0.0367689002857178 0.0513720145721161 0.0823969508170931 0.154231622359215 0.206474701419592 0.458428728857332
"cg05614346" 0.0570326693657982 0.0540846072239216 0.0856878754435269 0.0538618375835036 0.0652756611712193 0.0681426100572583 0.436078971215356
"cg00360761" 0.175947703612632 0.175404905376167 0.20551024523409 0.312768335907621 0.243435206387567 0.0751167919283256 0.575416644537161
"cg13415831" 0.0402707885011685 0.0463504788102832 0.300532498531777 0.0938215592600732 0.089495271346373 0.0474474309814136 0.480280684538305
"cg18081760" 0.0559218011001511 0.0855864263399648 0.55743616207342 0.203930364228985 0.0802137343211439 0.129528347846192 0.567768922036676
"cg20472746" 0.181158661118608 0.0757910352172768 0.181733139408131 0.0573929238976439 0.0594586798717281 0.0775523329502212 0.489064882069869
"cg04987734" 0.210173923243838 0.134083280194204 0.0629132739369815 0.0591018556012547 0.0962196545318821 0.178472251163115 0.511556213680954
"cg08098128" 0.0380263768594089 0.0540399901333077 0.0724646026071469 0.0394660038214349 0.0439678555379116 0.0717537103474489 0.448938537086259
"cg15694422" 0.098634639019408 0.0811501435287055 0.222247102308954 0.405284444373244 0.347083977641066 0.625726341582629 0.683436501137908
"cg07884764" 0.134505477409547 0.176849881870736 0.0742257490291626 0.103426617573885 0.066195161333442 0.0656772490993947 0.505334716184107
"cg03636488" 0.172833947096978 0.118422432753121 0.0743333157187642 0.0789709732366316 0.0971369720004866 0.130820674311619 0.510673116528108
"cg13408344" 0.366489784410068 0.218842304098285 0.137982820145095 0.0862089044184886 0.0840073880268406 0.127100241966143 0.571027716663685
"cg23966363" 0.0550890627859509 0.072186158556605 0.0963695136534219 0.0848295915342982 0.0458740454276799 0.0491147943836155 0.472271103198472
"cg12634208" 0.109100637751312 0.11374418713533 0.200992812586835 0.396732574533577 0.329635422140881 0.220829292985852 0.629668515719478
"cg13810673" 0.0791778281544883 0.0470945851059634 0.361804061919137 0.0446569798273658 0.0408527087538596 0.0439570255097199 0.511392863621589
"cg20979153" 0.0588351469754661 0.0476276926883691 0.533145901412858 0.0686007710379219 0.0649923275531484 0.0793803615547047 0.553276829734159
"cg10825530" 0.347061971257081 0.181966866188041 0.552036449523269 0.141503551747793 0.120022948808705 0.11738812818153 0.65638242750995
"cg02003183" 0.0815431054456191 0.0523036030117799 0.0322364324289654 0.0288041309973125 0.0401662738587014 0.0644704614727662 0.463598345327714
"cg08317738" 0.0862569849455721 0.086957334588724 0.0827560558737862 0.155157953997984 0.168591212609513 0.0862522582601323 0.527832254613553
"cg25598890" 0.0422538237570628 0.0393886046547563 0.0532060087244308 0.175503059752732 0.0501493995581217 0.0412330569174496 0.487199291580939
"cg06832898" 0.0582154537860324 0.160403989300154 0.0974925758447256 0.150395059674353 0.385470471738009 0.560588968648344 0.650218437827948
"cg15752436" 0.142061128509427 0.0651381951105381 0.052796065697901 0.047878112724695 0.0500124059263034 0.0545521619353063 0.489590567708976
"cg26789453" 0.0657388152994073 0.0694728505868902 0.0736886183680042 0.180006025830434 0.276672585297094 0.221967426348767 0.572445550945569
"cg10768932" 0.0585244749600693 0.392567452634034 0.0595319371706339 0.073890693802542 0.0546563169973684 0.0726804334105985 0.574733479131132
