"CD4" "NK" "nRBC" "B" "MO" "CD8" "GR"
"cg00366435" 0.0904876363806408 0.879389198137897 0.745172739153924 0.914149413052505 0.913441387105396 0.266084673557685 0.917852976344556
"cg07679948" 0.167259843094222 0.955327967370789 0.954894993454788 0.95795485101762 0.958812855964887 0.348460349779344 0.962361634682744
"cg16452866" 0.147480912344564 0.947373982610779 0.905696463323278 0.951846612192492 0.947485536353498 0.222166673379113 0.956722734578934
"cg03388043" 0.084744526769615 0.756758443097914 0.890966929553677 0.939189356086262 0.937524426918833 0.0991351124833423 0.95002089763959
"cg11848483" 0.0973524730761903 0.897833271508035 0.753127380711959 0.886601304548668 0.902479971808548 0.176810520037614 0.912705260610097
"cg01874152" 0.114569635415301 0.830790916757291 0.608775374875508 0.856780508829707 0.886519073101781 0.483510477863193 0.87747826193357
"cg26852712" 0.181296360533661 0.894133525332109 0.932755209393983 0.912100410228116 0.920099004914785 0.568026240432392 0.929392274547953
"cg19001909" 0.170311619844654 0.92037836337905 0.860069264476636 0.957012683983237 0.951344990312301 0.241539035709191 0.959552303462597
"cg14522718" 0.103711875314262 0.740745111986157 0.93845430547419 0.92697458449521 0.926974599500408 0.103231118486634 0.925619538595732
"cg05705140" 0.116967369239377 0.837245186323925 0.676390455084219 0.790418666072307 0.898928646209635 0.380646960039426 0.894594572231554
"cg18735089" 0.120145433326286 0.843991061794 0.728015056336054 0.905997423831122 0.903243485305348 0.160329380504291 0.914496078620441
"cg08338281" 0.110711864846356 0.837611797382001 0.885977103350825 0.862051619081395 0.890488717472358 0.152307744446899 0.900272449608977
"cg07970799" 0.173262710062841 0.760496564815919 0.83306686980417 0.920800457835537 0.93104819751538 0.548274175376887 0.939503831275714
"cg13750061" 0.0980385190944359 0.848748441375712 0.659555331643387 0.869577133817417 0.872640187618868 0.126074266594834 0.874773900243386
"cg07015803" 0.177940700641785 0.934218506693147 0.835216364013149 0.938291415578599 0.931565589643212 0.252384291513724 0.935602278554824
"cg01490728" 0.0984326477959653 0.845951291761726 0.52220586155138 0.848330276569525 0.846400040959327 0.266587517204015 0.842365639951339
"cg23896695" 0.0957440880414657 0.831970703783824 0.626284003782523 0.878469002223499 0.867939082226635 0.133501274299401 0.848713089418494
"cg24841244" 0.0915152909294884 0.759273835673452 0.693243712307966 0.884607120145032 0.88090808011936 0.122752772930334 0.881196717892826
"cg06915826" 0.108800778703141 0.832780582607697 0.760550726124482 0.86043998080015 0.860214774838064 0.213336115744068 0.861871533435581
"cg23357533" 0.161610225005246 0.87727368427556 0.87119550792106 0.891468978791751 0.878254330301588 0.407247901630353 0.879952240366166
"cg16775598" 0.128127016170962 0.85370955552177 0.663269671275008 0.883183296234368 0.869806822318563 0.234306903659679 0.884382973867227
"cg10558740" 0.130435535214767 0.852628711815935 0.717638532008317 0.896300150860159 0.882222624729088 0.181844447041546 0.886029770928978
"cg09695307" 0.102678113892467 0.804774215920813 0.592044106629407 0.820935112333223 0.882896238296766 0.207098120150848 0.871550482667007
"cg10837404" 0.222526545106357 0.898262263026592 0.890472343557974 0.913232321230229 0.909969740679949 0.649316893455059 0.913390363533346
"cg04340595" 0.0866632863336498 0.572091968976208 0.834372932213881 0.900520188369008 0.923986072410174 0.118599811369979 0.939689995354157
"cg11710595" 0.197047774771122 0.867629276817853 0.62511457258854 0.895692674028208 0.88073481174267 0.666591337958225 0.893142337832403
"cg05931551" 0.211943902779075 0.875737070938177 0.810483919015425 0.881061078166002 0.877698823410995 0.761014541103178 0.883327741510901
"cg26166854" 0.116189439128077 0.61508350031077 0.725596420842614 0.86402901384652 0.856045153949677 0.531208296628673 0.888521957597206
"cg24662823" 0.128803313642081 0.729362276926402 0.713653677734893 0.887137393644663 0.89389803737626 0.31875652251577 0.892845442608779
"cg22230912" 0.109998330237915 0.854757279415807 0.509742737555992 0.897872482411621 0.853852371993397 0.160170939021521 0.822586282783919
"cg07110949" 0.212929997066762 0.921223828463828 0.961808563684858 0.946383549901898 0.953267115302991 0.264666286378422 0.958171059646481
"cg10111816" 0.101158468916453 0.809997325001453 0.758199829623879 0.868579175398036 0.845224970736646 0.149998193267185 0.825305791539484
"cg18650518" 0.103724632780607 0.684117337281467 0.802095767560057 0.881991918185111 0.892871051543221 0.136033931868765 0.899755058590916
"cg24441810" 0.0925918634669973 0.806606279990092 0.77676554703483 0.778113448188696 0.855281904851325 0.106182960246121 0.870476696683199
"cg07133479" 0.178134025513165 0.827174539585214 0.750445397061184 0.872539529068807 0.854953940457839 0.636829923006182 0.845134704354681
"cg26400113" 0.10016389091153 0.812922692318535 0.556408441664914 0.844853240553698 0.847002747222613 0.144180908249309 0.850981631867075
"cg02387618" 0.137730084661253 0.792485586009416 0.700201571103896 0.900317237408227 0.895634183713168 0.157737040532126 0.911122910702371
"cg20661080" 0.0888232565858201 0.714660132517255 0.644072115124866 0.873477004774639 0.850565521412311 0.104492574417608 0.871190278761897
"cg07545925" 0.0794772400213439 0.683514015687778 0.582945626298725 0.835849875497684 0.870194892353041 0.100857384299587 0.872960931743347
"cg10240150" 0.118762636186041 0.785881257772149 0.61642326321148 0.866184191238751 0.850299738033532 0.250708944940744 0.84620266612772
"cg04180114" 0.118789228797719 0.835848142155107 0.784805025446488 0.826093844762489 0.83480797679275 0.172148394754884 0.867381317547746
"cg24008435" 0.188805089811772 0.867628406782374 0.833802256349682 0.888786316972255 0.881805286764086 0.450639258858687 0.88111966644666
"cg21254135" 0.127363168952663 0.8184257130858 0.571152339021384 0.852625815266707 0.851306251178884 0.279585899548658 0.848421557634503
"cg25486399" 0.146881558671992 0.832986115016387 0.314229013000094 0.871865626713831 0.863951329163561 0.414506003082189 0.850482823515346
"cg09526469" 0.122010542799043 0.815125553003418 0.152118581204667 0.749696167682142 0.86392502617001 0.42596734813087 0.877860850523907
"cg04347414" 0.149408316567417 0.849031694088261 0.688593538718832 0.875245797365359 0.887954190920554 0.177902857372336 0.899857287883402
"cg08639389" 0.146206586789884 0.819972195503873 0.749138254613126 0.850162674683627 0.893890150861862 0.228416582704666 0.88999120873361
"cg22765299" 0.0963543752042756 0.751915678630996 0.729451719785172 0.819577909024951 0.858400727803965 0.126135403280129 0.851858774110279
"cg12353788" 0.150913332224056 0.853078587445414 0.62483651170328 0.862337869117292 0.849962966295086 0.34587071721961 0.854794917713523
"cg16193207" 0.118441305024948 0.806572239951902 0.775392535368415 0.847960015916469 0.853295388643027 0.151688335850207 0.850598503831985
"cg09662852" 0.67110590543627 0.0806880931808394 0.0563440723827943 0.126221818661279 0.0760012224979801 0.672447506540401 0.0673118704991984
"cg16602097" 0.763006416856581 0.417331455220055 0.293336338964767 0.0988398003601749 0.0765188467037433 0.746851174554553 0.0880796707252064
"cg06760238" 0.774148074439557 0.0936170899218463 0.477540708406209 0.512643993977459 0.0811150448404724 0.728578108474675 0.0853308858930506
"cg20806175" 0.825032495780113 0.116538804865944 0.608184158747674 0.79553658890135 0.084839860740469 0.649563992479895 0.067981638263956
"cg07834069" 0.874085033202081 0.680001813887357 0.588689739315001 0.239017092409317 0.081677875426229 0.886638411734015 0.0694958758225371
"cg04682193" 0.853285658937676 0.104221226440899 0.737323113181374 0.823094034018296 0.0849444837790287 0.817425259001337 0.0584780913569475
"cg11666770" 0.878542976113819 0.30682252485847 0.19124078099121 0.300878765046391 0.303910752780306 0.828122708911089 0.285174902190141
"cg08284263" 0.686980574648294 0.139115792387655 0.534427703018737 0.114589556954592 0.0778940760814184 0.53349930407087 0.080029006022702
"cg25394505" 0.798257743684984 0.160931768275512 0.229215808276791 0.274517234903013 0.178571654130999 0.786940899246848 0.231914136726119
"cg20281375" 0.753282621242799 0.353876171613848 0.109103206589051 0.128828339840943 0.0818005462589988 0.749783136977566 0.0682238817088853
"cg01231183" 0.763128764203611 0.358268721178981 0.124847621384885 0.0915642625807648 0.120481271684776 0.732135786581265 0.112226785050497
"cg01022219" 0.892519374375601 0.315292214353563 0.149104243287231 0.707346038443309 0.131815088182879 0.870512032598372 0.108937666318719
"cg11377213" 0.840690855255943 0.693760712635305 0.287644039787396 0.140555645204224 0.0688071682868316 0.784219618528527 0.0734693022890839
"cg09169413" 0.802811330509125 0.413287764188219 0.32940275720649 0.0965831343485926 0.091861202091615 0.830562789652257 0.175758428763534
"cg19369955" 0.734671922417947 0.245198879181132 0.437961294639628 0.114353783015824 0.0744197562869327 0.723909006853441 0.0731140865806003
"cg16261114" 0.820877248523969 0.49542746662171 0.187356228495542 0.225069539149346 0.0941335192092644 0.814178710165139 0.0749708420837146
"cg26501007" 0.800750036011102 0.132039222191465 0.429243494910365 0.141603255674152 0.132747332283275 0.777237514405106 0.401900876975036
"cg18739675" 0.837210374971656 0.0899157109344391 0.506072538681449 0.727357926102552 0.0737110009132494 0.813810377897248 0.0840786001984361
"cg18150584" 0.846265682857062 0.698080481868762 0.0488847111601281 0.123017072929645 0.0697474104150193 0.870065023948201 0.0635919341170756
"cg07837085" 0.80532478117424 0.144095684858912 0.411347938792844 0.525668510558347 0.094981262898692 0.74633303938833 0.0792345128459105
"cg27058988" 0.672330226375066 0.221745287854655 0.0606378086525653 0.0482416431070611 0.0437375161956286 0.525634760976046 0.038533698426309
"cg21252105" 0.851020128055265 0.102674792242697 0.543694761003528 0.799251594599859 0.0768360709518484 0.800201234192145 0.0510912586856042
"cg09287328" 0.939200281079895 0.783531703095775 0.632019188409629 0.126211924179507 0.111972081039684 0.939715292744615 0.229558518078829
"cg01543184" 0.775323678720048 0.269018406799776 0.0753803881424857 0.226332697495598 0.0870207208553901 0.824886640700262 0.0754395790055851
"cg23249922" 0.937295320546115 0.860167972696688 0.614023102109811 0.100086341226929 0.0626312838552281 0.955948901804798 0.200778525828743
"cg25031824" 0.787169282774692 0.426104614411497 0.0686444218137474 0.104956712985737 0.0934172225213481 0.786660063743528 0.0801173536991323
"cg26402417" 0.812140418074362 0.541233388752727 0.0851424119097856 0.0985530813576806 0.0647255760368956 0.82185043075756 0.0743597560683814
"cg05228359" 0.738909130202302 0.335013065218569 0.0806572126071894 0.0627745484506457 0.0513919962994637 0.728997861926127 0.0464745340672138
"cg16922167" 0.77837724003987 0.241461283126617 0.107612208209964 0.260274958560215 0.108009859953816 0.721799956206086 0.0953554210694667
"cg06650256" 0.889409762511369 0.324916669422856 0.497159257665579 0.591433296341573 0.0807074977193071 0.884023930692575 0.0998299274363621
"cg12465678" 0.861199706131072 0.127524695919805 0.562054508068376 0.667755359650414 0.0939187075834871 0.836524037191983 0.0980258247280886
"cg27027151" 0.731501069027389 0.148422980884353 0.187340433840337 0.0748061851477679 0.180385486971059 0.466508212206872 0.18328973157428
"cg21593001" 0.715366461315311 0.132894877945439 0.0475226854523772 0.16010051157616 0.0592388182734961 0.698403566866607 0.046441421694564
"cg23582982" 0.829130625532536 0.348159942142749 0.302291257181532 0.260927884533458 0.0857013317722388 0.824834228132894 0.0565377471615189
"cg07598385" 0.692162722695704 0.0521218217499326 0.0393590527588252 0.147648669762837 0.0571237181486441 0.579491435759339 0.0406626019895638
"cg09885622" 0.852744605507088 0.122145381782601 0.476913667140828 0.324909324675486 0.135748085904166 0.821457490947187 0.271587859608024
"cg16097858" 0.777344943198377 0.210248883652849 0.131668801761793 0.109391273935151 0.108235471049451 0.778635064985067 0.104595181739927
"cg21495704" 0.883986768289566 0.11027446665175 0.450184502348066 0.683135787478711 0.0863799508202971 0.870031355112581 0.0988299476982279
"cg26923863" 0.822026429607305 0.0736760720766055 0.640494301519156 0.544661453512058 0.0519792201894292 0.701281059863024 0.0412095179990265
"cg02380585" 0.700234238847769 0.042288284076989 0.0268719770083195 0.0382063834052807 0.0418535272219504 0.712078366366177 0.0369478445368343
"cg13468685" 0.816210187886157 0.118026978580438 0.402808340431258 0.322047215360957 0.0852713879187306 0.827296891291728 0.0750543953517785
"cg25978218" 0.773753584813619 0.0669449778692166 0.222371607090852 0.235985684640777 0.0788286292697245 0.783961288954647 0.0652583933656377
"cg19628988" 0.767548652772695 0.0692728044212668 0.0790467792027322 0.276912119344678 0.0637087218465423 0.696996679522474 0.0829179540499571
"cg09037630" 0.74545303901118 0.0736192781027772 0.217901625690406 0.0672527234471271 0.0684795117669864 0.749004587858505 0.08180565605766
"cg07785552" 0.753854461316424 0.12787496539 0.330206997869218 0.0847355087742164 0.0833848626786585 0.645134311901516 0.0718479859382049
"cg11787160" 0.851064050205417 0.260521188036433 0.0995156846866725 0.178481078753602 0.156403877318674 0.837215101856704 0.144984805348048
"cg20455854" 0.750171394174797 0.0839745830254415 0.0453851320287046 0.137193936188872 0.0740147203762492 0.652248632170524 0.0583212304442759
"cg13448978" 0.790285175022924 0.205254383561816 0.0338154756545709 0.160707839496166 0.0562868046595019 0.758809430534117 0.0474961727084156
"cg25729350" 0.756352573487864 0.141020638567316 0.0936016447539622 0.0711933495944133 0.0696909040545729 0.669374676145136 0.0679904505519777
"cg04742550" 0.803467609499756 0.0401350399412432 0.126385822581938 0.55830237703826 0.0396260243047851 0.440630696903836 0.0345917982652444
"cg12811871" 0.95913361691416 0.157908321883791 0.84189030876678 0.85616059780548 0.968518287300196 0.86918669367634 0.974407529878945
"cg27582527" 0.860090205304876 0.0756868772734067 0.565103704892213 0.815748557402285 0.860360497070191 0.79542043229454 0.862638483274146
"cg25383568" 0.935207836253405 0.172541093128676 0.936989277980393 0.881351143690688 0.940125573896936 0.859038877398747 0.944256295271851
"cg13617280" 0.921299676324507 0.158009195182618 0.802710448003717 0.866531518990382 0.910794084207593 0.896743665353574 0.88472637084414
"cg03538296" 0.863454437815843 0.105897273056824 0.68619111294617 0.811505435824459 0.861719328619974 0.755505245143337 0.866203072132794
"cg27274718" 0.878202652517869 0.135348320417239 0.76906095588176 0.845137977914268 0.871650450026171 0.831359239395451 0.881557196036702
"cg00805874" 0.92433021734947 0.180227336107786 0.978340229430313 0.857489194002236 0.944841279005316 0.771339241438365 0.960005320429224
"cg05875239" 0.876997222598253 0.144034234811228 0.872222452667368 0.832231353913577 0.892210709644301 0.825532654707313 0.894424556731185
"cg07307830" 0.875816776874608 0.135434179922005 0.668822149522406 0.863692466316753 0.882881642890907 0.791964331566397 0.888219787085572
"cg22749642" 0.901489207369296 0.170323232121503 0.870188730805451 0.877636613306361 0.899680527909038 0.867023342916598 0.893187662509767
"cg06202778" 0.881407316337898 0.129769110700782 0.608280029175863 0.858599632435723 0.829071417164328 0.832719259677633 0.863630955134268
"cg05656688" 0.881188477337092 0.145227140540501 0.79854038949563 0.849411410695909 0.915948951171182 0.73796536677129 0.879630779779963
"cg02384859" 0.889568880522701 0.160000579111221 0.693422741979531 0.85642241683133 0.901736156561227 0.836171801413433 0.902068305167516
"cg21634628" 0.823761142742333 0.129499872990619 0.698261434072665 0.82045710826553 0.883148667581722 0.802421293888156 0.890833357970651
"cg26012482" 0.794644335533232 0.113216232085781 0.661052991703126 0.842105448385227 0.861352420835366 0.762756075966653 0.857378408373414
"cg06040872" 0.891742816100053 0.161461790536052 0.736814985327952 0.857318356955849 0.884231376740848 0.836134790882346 0.870366511435237
"cg20657709" 0.875653816489881 0.156755017034638 0.666574057754225 0.845193834351811 0.87618897060119 0.849971532199882 0.880335360902529
"cg13917614" 0.8948369341792 0.17294591874815 0.894186852482007 0.820185889302118 0.912404445993445 0.789389548510332 0.924590119730126
"cg13613174" 0.885146136890428 0.151439103154242 0.830812284543028 0.846433302928754 0.875628519665757 0.830967956883426 0.824800678397329
"cg06022561" 0.866461149676861 0.128888210737731 0.208581932721576 0.849172577892248 0.874386518932214 0.818004963228682 0.838154294967501
"cg15757195" 0.865851450355368 0.154154983591154 0.657602266348857 0.848692810920865 0.870612390017849 0.832244641932933 0.882296979159576
"cg27309871" 0.890560229889062 0.173353173920867 0.74600417747242 0.863256464538956 0.894502321191158 0.839121589259921 0.89077553592646
"cg13995453" 0.873768903666419 0.150003770765229 0.672558127927636 0.85425109957705 0.874302618375625 0.788670447067252 0.868137465926594
"cg04784635" 0.838534359899167 0.153754752922032 0.529692637021944 0.865189968137616 0.890152477118258 0.797679299491433 0.884738690610177
"cg01940139" 0.884422820992144 0.179788316870129 0.714242129742604 0.873324818588541 0.896969679547396 0.844913151379062 0.889915172148254
"cg24408769" 0.911256911373314 0.149844456957604 0.941170443203677 0.871333939422927 0.788380065640637 0.840374747380589 0.805885234199309
"cg21474838" 0.877772698208672 0.180564196618986 0.740628026343349 0.875487817268688 0.88847035108162 0.848674295743285 0.89451856307883
"cg20987610" 0.896160304462812 0.16421074903331 0.660618412587655 0.869199648375756 0.802380029376682 0.872472603741632 0.895945003591742
"cg02150910" 0.871508212038851 0.156317111001742 0.667224963003654 0.847535251882085 0.871205698018613 0.814232578442714 0.857741483045097
"cg26227465" 0.847740908006865 0.137878258428894 0.595405857384598 0.84329943968153 0.853578085447567 0.746793447490592 0.868060948540504
"cg26275360" 0.873117620304697 0.164079624369668 0.717292989139361 0.845209353620258 0.87000273850547 0.830597642025481 0.872778435302396
"cg21828319" 0.883177538586611 0.168478406063243 0.851448303488617 0.800399424398311 0.877546247087114 0.842937230704543 0.889541042405603
"cg05593759" 0.869914095532827 0.162586601289566 0.656851406415325 0.846186478740622 0.877673406122815 0.808218502047767 0.882043909116058
"cg11335172" 0.911309483293809 0.202385801815577 0.644794353831709 0.892432377131922 0.91518356769249 0.878257690746061 0.901825055704138
"cg11978441" 0.80128631261638 0.131026526713764 0.699618516459716 0.836554682044355 0.860736184627362 0.717676482555993 0.867544660197897
"cg22488278" 0.882809387171052 0.178436528629096 0.802764177769949 0.83555569778804 0.891974171820666 0.834490447819099 0.893689654245958
"cg00719568" 0.864739934991731 0.13071254760165 0.170184326581724 0.790192873004098 0.86143221483688 0.817557880202594 0.86761440684742
"cg21333217" 0.954436950675132 0.255686042537485 0.942920569733692 0.927589437699567 0.959842942989333 0.898790913288284 0.962865984020879
"cg24578857" 0.907980541295852 0.227654657657258 0.851603041086849 0.913694794836199 0.951739113171183 0.833999783067649 0.94950564362797
"cg26934362" 0.792732540838455 0.115273147177464 0.51013311530552 0.796219507330758 0.854987718952095 0.722421527054913 0.859293754492995
"cg18672716" 0.877599123574069 0.161150371567419 0.709012678935787 0.845906256670254 0.858787609160928 0.812060004995608 0.85356015674745
"cg06815003" 0.891831744217832 0.187867426371647 0.656385513630821 0.847470977736445 0.888937808725631 0.872867531908116 0.894285376792178
"cg10796068" 0.869550810759042 0.175451534065069 0.789950801023197 0.857061620169362 0.871398290853798 0.829333976598553 0.869248716117279
"cg23474890" 0.766127175461644 0.147367528301685 0.864879431538493 0.861151288916967 0.913269744400395 0.59265340113859 0.91305598714738
"cg14301562" 0.865966507787183 0.157514615052984 0.57767531223093 0.84909394200355 0.866790861184297 0.823139559720869 0.827989517896479
"cg13449535" 0.855787915579103 0.153242095552962 0.533216537721837 0.847747148809123 0.848863938911563 0.806841048852509 0.850672207729338
"cg15956469" 0.93356398697539 0.240775396923873 0.921194515487981 0.896994230643646 0.934830146145346 0.890947241572812 0.936241523553837
"cg11650164" 0.884530901818032 0.167408517863401 0.293933025283105 0.851926008846891 0.87622102842959 0.829292712693659 0.873435667294336
"cg01806427" 0.848003308398833 0.126968963344998 0.688418967194271 0.860055024820451 0.708764274764965 0.805660063555563 0.834217058969296
"cg05653887" 0.870057547158532 0.167688537429547 0.57684512335951 0.831431048261732 0.864811534774106 0.815514844916293 0.873322945006824
"cg24315421" 0.362753323694234 0.756045763481849 0.212058683035574 0.49542218583362 0.0809316884845073 0.585100529257494 0.0729099366524608
"cg10491452" 0.156911900939002 0.584352272367855 0.0423210071319801 0.0926141866244541 0.0658898049553291 0.276269624059189 0.0650846870623489
"cg09704136" 0.741576204508182 0.76304527438767 0.0857818598073833 0.100418994227362 0.0710213152286426 0.73717888563672 0.0689983536187599
"cg03780927" 0.18883629818488 0.663076409394521 0.0636697874665502 0.313041860124622 0.152093082079885 0.177113198787559 0.164289535548613
"cg09747445" 0.196622345761147 0.803864114311066 0.246094809378705 0.201078887054876 0.499955238453328 0.168208114791688 0.523071282668656
"cg18786123" 0.207096490925982 0.639467079170797 0.0784734722219283 0.181103826566547 0.0722211061369229 0.442050624945717 0.071593553681179
"cg01088404" 0.447709453251226 0.71891680123108 0.10711290967099 0.17934046669575 0.0703758892128862 0.694125050513811 0.0691805856856691
"cg26823762" 0.160264169965087 0.59602509648455 0.036544678871129 0.0915490818287643 0.0610456775050087 0.362165511104058 0.0606039079322429
"cg11147278" 0.409997093013259 0.723283006533257 0.393549406293586 0.271215442163546 0.0658451631563035 0.559211717258833 0.0714266237608582
"cg27122888" 0.0868112715010303 0.573295867430811 0.140273930294262 0.115077833372445 0.0757621474631745 0.168622352705104 0.0730089103168613
"cg25887844" 0.231639523864512 0.74355265704808 0.283531221732296 0.492969438680993 0.200372071126079 0.319901302763428 0.123255675428843
"cg11948905" 0.395012572019415 0.721647506426799 0.484575314770676 0.287406364222576 0.069393539622487 0.49855545670145 0.0505963971146001
"cg19736900" 0.453378579264655 0.729763694342542 0.151588028752613 0.145187550659431 0.117861189088402 0.581446088138348 0.111888068064876
"cg07675477" 0.257858533877534 0.71015415700409 0.1078343354872 0.23046481095789 0.179888118651651 0.37947245912568 0.175771203291618
"cg00629585" 0.160115892264245 0.62810766133315 0.094064748722482 0.145718118646801 0.116049271927563 0.211958584407237 0.112708557067039
"cg11481582" 0.388552526715941 0.667516080897529 0.0630238311649785 0.0795263115692399 0.0554450494837948 0.475279951715459 0.0586601031442055
"cg09958402" 0.340334548003692 0.672227695571307 0.136815990246546 0.0846091455037676 0.0586666528986386 0.522468517023058 0.071051455889207
"cg20049422" 0.805139828158229 0.839083849957271 0.286983010791007 0.12810704786973 0.071314823638082 0.856640132205096 0.140870980552674
"cg01447281" 0.0818234865182828 0.589891186768006 0.0747057169045658 0.136413566183136 0.0780011514472766 0.155700246234712 0.077298679366798
"cg15356966" 0.256994320268364 0.621879595824661 0.0663015558640311 0.109976687732103 0.0713075181927692 0.20456818373224 0.0703925447737647
"cg07687131" 0.491148067212509 0.718842737951704 0.0484752785463185 0.111878812586405 0.0752758353552462 0.578164179359027 0.0731666971593455
"cg24728803" 0.469996005117346 0.738783885382851 0.0562628324932447 0.154293345127138 0.10642819116957 0.600055829904241 0.0944357573132576
"cg05608790" 0.3053546478029 0.748554730610304 0.133452229938077 0.148974768951452 0.146763670362709 0.578323645296209 0.246826127209855
"cg17087974" 0.43080391872684 0.731574768219467 0.260053276470919 0.124453451053171 0.0855707199626331 0.630089659697225 0.0767187359935296
"cg25045219" 0.0996934924018145 0.752961815335984 0.192270348592154 0.434875066011912 0.115356909803248 0.634699480156324 0.153431190692291
"cg26348226" 0.276263284801818 0.668473043605955 0.101001709964304 0.0978879354159089 0.0697277823755559 0.450192173655294 0.0926692799259847
"cg22589728" 0.18159657289795 0.682995510640556 0.15490031135782 0.159920065228959 0.17586569938918 0.212899853782596 0.209845525029828
"cg09101151" 0.229627899603591 0.689351410853309 0.442424756897885 0.119688763564662 0.148171641587527 0.30922949408166 0.150168121299147
"cg22442430" 0.116665581418982 0.702426636665078 0.53110663414651 0.169258108450412 0.160476459342476 0.15561126888089 0.310460071767631
"cg25817701" 0.223529960089578 0.854410821984157 0.609061890930581 0.0900755867774615 0.469131119560952 0.217690256485677 0.596573870352297
"cg14649507" 0.501365590929654 0.761728647800473 0.367944349325206 0.1387509986518 0.0935533827151584 0.507690295014527 0.122487429883652
"cg04887172" 0.356833297553577 0.694652591220309 0.0370622013152805 0.121811878520491 0.0811920059175006 0.401107908234169 0.0768728316674534
"cg03677056" 0.632508091472568 0.806659835689444 0.0700495114461039 0.163446691318981 0.102446689581169 0.701728705784355 0.0971412723275155
"cg22897715" 0.226586359748487 0.638923771962176 0.0337122578859505 0.114827078232566 0.0481359193372577 0.262189313854496 0.0441246061823296
"cg21638533" 0.212017959914303 0.828274931541812 0.71860666862293 0.851929481644187 0.0794356647710424 0.326295406525063 0.0715876934950793
"cg00084338" 0.112946669524506 0.694758384203546 0.0485171438609198 0.188538233498699 0.141210978513035 0.422557582611442 0.126775128505355
"cg26971042" 0.0698090610047426 0.615731730182328 0.0644145519821545 0.0752968315099969 0.114926849977227 0.0824238682033151 0.13046282580575
"cg21232161" 0.279246285515206 0.755580045285555 0.450284959139094 0.155606125142389 0.214783210891567 0.381603336979644 0.0929355491991858
"cg27218978" 0.357832972764901 0.811679141030185 0.478527708252845 0.203903510337827 0.25696139519166 0.513963426508427 0.0989677663894073
"cg03837680" 0.13789665158977 0.651766540834553 0.282723009290097 0.109913514250352 0.0554802189921444 0.232074918599098 0.0463579721781848
"cg11173131" 0.248172531708476 0.700860370180748 0.103535562228306 0.101011272477284 0.057312883740253 0.37895386929985 0.0511643040760277
"cg12273325" 0.113249448373246 0.676053080105729 0.157952291051063 0.0994622204332419 0.0595400547632581 0.223083955576396 0.139326759069713
"cg09001226" 0.225841930307941 0.71749323141373 0.608446976079437 0.197904946026342 0.0669712437605461 0.181073774112909 0.0659322969966543
"cg13404688" 0.34787660592029 0.804982288119201 0.33019787636526 0.174446719241065 0.0910351121564458 0.596085210177235 0.12687477166906
"cg18881723" 0.0660910595033434 0.676609831103122 0.136069998576479 0.102267252892466 0.0690674835292062 0.205066026133343 0.0913837752979576
"cg04179740" 0.0775457540668451 0.695580794388847 0.447963745528035 0.204267887434475 0.0698214120379132 0.110049822255369 0.0709446418851003
"cg06117093" 0.185469549504103 0.771469792202186 0.62903708232255 0.204990234591887 0.0786974098442865 0.396585217433226 0.0869034469510923
"cg07381806" 0.125243393062022 0.755869464889517 0.51692062982758 0.102955168880888 0.0957138657381729 0.179000390221021 0.267014683600638
"cg11358405" 0.188004005404332 0.724279439559385 0.0939020846094392 0.095113008723 0.0425482881039495 0.318585347885861 0.0381744338051498
"cg17766305" 0.101325225939428 0.820041588764218 0.118148530584047 0.100575256360253 0.0595357108333041 0.242142371082345 0.0943301777813347
"cg25105522" 0.876057344413308 0.880893524067184 0.0882059639340019 0.928274589680489 0.913535567502033 0.876866803688508 0.904441230017078
"cg18168751" 0.974749118325558 0.976946416751615 0.178625843720926 0.975581652597531 0.97161525831903 0.971081248968739 0.970240171369794
"cg06768361" 0.942092389972149 0.903787363077329 0.116852329613265 0.938722286115033 0.865151348242049 0.927316859580911 0.904687454400236
"cg17052552" 0.892268621139045 0.884791405903148 0.115838061593849 0.899408721489047 0.903743798281096 0.886387130864362 0.898267149696594
"cg14203426" 0.958528696315762 0.948208241030826 0.166911522910501 0.957668727410158 0.940371638850565 0.940723276695979 0.928366860788477
"cg15974642" 0.897482773420628 0.892524807409073 0.121190446150045 0.897219462581686 0.891022163067778 0.891210495061993 0.884779068449287
"cg26811065" 0.891315558028674 0.838521472526394 0.0999036995067338 0.887008093769282 0.862283346613251 0.881181201199502 0.845303481022525
"cg22353369" 0.865234033773045 0.896238139672629 0.126317046574766 0.898182110780483 0.887528320581602 0.875781587210446 0.881135935193763
"cg11926444" 0.950315149259674 0.946512343316485 0.195752769810323 0.947428846915127 0.946420260521486 0.949554985179183 0.940700179488692
"cg20151221" 0.91753311338328 0.912641809999517 0.17424892881924 0.932857258419846 0.929026498510218 0.913816378135085 0.931047857183586
"cg26504110" 0.973977594296807 0.972612898733887 0.223500006302231 0.973272975297416 0.966729345689875 0.970440374359577 0.96728826919026
"cg12099546" 0.896342128635666 0.900353165777702 0.149061501059561 0.89589969743067 0.887159248246645 0.904551111201888 0.8945179131079
"cg26876834" 0.893432430462245 0.905152332836778 0.153453423401186 0.906976874163151 0.890423314223812 0.892133424468829 0.890901046638564
"cg11759194" 0.889805648278781 0.887438523583344 0.143660860268 0.889250304339717 0.890397490342106 0.884518668788506 0.877681399299507
"cg17687789" 0.914968163675719 0.909158412639552 0.164739640908989 0.912385949580281 0.897412193785837 0.918883230586873 0.898843952825117
"cg13995599" 0.963303802822221 0.960081743684823 0.2201535032861 0.961446289699977 0.960650350991939 0.962159504346622 0.961220983755556
"cg21768884" 0.949386658717418 0.947430986294835 0.203388919361048 0.945243434497255 0.94371540951724 0.942091848901129 0.938362926100797
"cg00344445" 0.955339995952299 0.930963138685861 0.102295689618287 0.945332034142678 0.812141283419281 0.949963921871649 0.506869029005245
"cg04120520" 0.885004158573328 0.875710416772175 0.133429823754286 0.882215355014961 0.869177247321873 0.876554041614444 0.851126105421328
"cg09710521" 0.894092269479594 0.901084912660235 0.161802538974831 0.908997492517261 0.897257443349341 0.900871333184866 0.895444612970742
"cg10594510" 0.965352660156425 0.915254978491225 0.215012974676237 0.96201718539904 0.961751028277285 0.960707810440446 0.953138428112757
"cg12973904" 0.88656048007043 0.87101607297943 0.144831791017612 0.898552057768833 0.875046288647694 0.878409906518404 0.879610311599882
"cg04643690" 0.907741837520183 0.897223445998253 0.15994848638574 0.904961710895305 0.887421502090533 0.904867815381628 0.871926809997688
"cg17528559" 0.895990756289935 0.890030545792486 0.159210075502205 0.892671667013924 0.895416896586862 0.885965117935456 0.892317220281382
"cg25471557" 0.907390878409266 0.903088991641816 0.167540435595785 0.900227223355221 0.893672172117829 0.902218469317518 0.889821973836387
"cg25580656" 0.962634848119973 0.91467101605306 0.22087962793302 0.96153397108853 0.959657699951243 0.958143977717788 0.959338229765664
"cg09547025" 0.911969552650011 0.898332755394563 0.163493126462613 0.915174362297599 0.877248703535418 0.911994148675595 0.856435681942042
"cg01589587" 0.883322059730278 0.862177065371665 0.138101900371463 0.892712397020303 0.852456528771829 0.895140585024934 0.836672722957326
"cg26103369" 0.906456272279786 0.89576714781967 0.160648087108507 0.869838514594501 0.894245960341726 0.904666088020103 0.875123170418353
"cg08221288" 0.896620120034356 0.900085233366369 0.169055274798257 0.904559409224669 0.898548494320482 0.893476613229748 0.895528883697923
"cg16666745" 0.904604921611483 0.899719790426175 0.176166296372201 0.912464545108959 0.904734265253289 0.909604503421422 0.903397736419578
"cg14160419" 0.925780725630156 0.916562574699466 0.153719668820764 0.926145029665394 0.750496726449996 0.932015568247843 0.876382965789449
"cg08330031" 0.879588633930048 0.873141347421608 0.144002823001704 0.879336759947573 0.868116998089087 0.883467358111055 0.84945918028928
"cg16277229" 0.879214211038601 0.898319964516867 0.172422926240874 0.907140954297683 0.902117665872865 0.900712316539783 0.899383591395082
"cg03445653" 0.903486709134834 0.875213713669425 0.175728289128936 0.912323327324938 0.898493662034789 0.901749351044499 0.91003296348432
"cg24134897" 0.929473254549474 0.931617903458546 0.204058441656575 0.937657328892594 0.919109412413327 0.930921614301966 0.918981045918848
"cg00529757" 0.892204856436712 0.887407394760017 0.164810163924163 0.890810534736597 0.888741840781031 0.893772188607142 0.87860014828044
"cg22897659" 0.913416872306096 0.912726385946936 0.187711883789372 0.917204341942947 0.907666348375793 0.904804481826025 0.906609227240902
"cg09766355" 0.869494838190363 0.828721693998207 0.121740945335264 0.830791506680533 0.828332639307892 0.879362277308448 0.849116991793504
"cg14018024" 0.893161651606154 0.893923684081938 0.147219226018075 0.897721630385022 0.829912857280988 0.880282008888335 0.832464929718697
"cg07232003" 0.917280564962704 0.911267857166509 0.192139667782798 0.921185047661692 0.911659893919685 0.919512923828099 0.910073432271038
"cg13904968" 0.884931755356358 0.87735172158309 0.157029394506343 0.88448465641856 0.877567222077827 0.885980048497196 0.870264803702055
"cg24847366" 0.958965153042187 0.953991398199395 0.21523652633247 0.951229000527033 0.922309392481372 0.954179873274671 0.89272536320268
"cg02814691" 0.888500296456021 0.881568210289459 0.164819840572891 0.88898293869004 0.884108996049116 0.890261575628057 0.888607705761331
"cg03767333" 0.869366185269488 0.835548858541363 0.137983399640406 0.878905348314307 0.857757799089341 0.873994502663882 0.845112461264057
"cg12140749" 0.898151668663753 0.903789729205555 0.179466520578347 0.897335455723547 0.90149926134972 0.900768753325456 0.896845429097414
"cg24390871" 0.897563751266754 0.889556907978851 0.175633838378113 0.901301133906445 0.895410554220963 0.900754475397365 0.888898022995825
"cg23678058" 0.900607476734689 0.845889104470634 0.164833040307227 0.901859384372059 0.887419237668327 0.89633581998251 0.881894635440432
"cg08036487" 0.900999019194222 0.885630574445641 0.154840689270565 0.900412103286495 0.852212731882259 0.901791010165327 0.813247740722786
"cg26159832" 0.869072817042074 0.848676246668303 0.120886891215344 0.868976613298416 0.80959748321426 0.876783234868146 0.78083354950212
"cg10185478" 0.115517774750222 0.325600426616231 0.520654705645342 0.129300584089533 0.0853443397434886 0.152051612468187 0.0906401601205205
"cg16505233" 0.0540782194572078 0.0848942323101463 0.438450139354332 0.055976425454384 0.0570258180264616 0.0660033179212624 0.0813753631586348
"cg15507690" 0.0343637814520273 0.0454499164724669 0.451893099856915 0.254963977106747 0.0507071685863072 0.0402099236941947 0.0514319748696671
"cg09203501" 0.200164400397819 0.184403720531823 0.548324035015013 0.126605816267757 0.120046531175815 0.194735322244777 0.240937348740005
"cg07474957" 0.0325364601617869 0.0331474825860812 0.411333727474136 0.0364314187706629 0.0368780887384654 0.0397238069234374 0.0369819038535788
"cg09729012" 0.183581711652049 0.185253241652074 0.558547377901963 0.187899244974048 0.200433209218035 0.193068889454307 0.143982768237818
"cg19918549" 0.0566490557058888 0.0565321142011968 0.469008915760678 0.0553744715045499 0.0896368586958056 0.0671968051834761 0.187046898937501
"cg20660269" 0.0329540481541513 0.0937029150930299 0.464229354355422 0.0437802659764424 0.193384104015573 0.041256098877327 0.0438779964736271
"cg03638781" 0.0871558160018693 0.077611753274645 0.478395756227177 0.100946309499087 0.0985108174663802 0.0934737387395006 0.109322620589662
"cg02508743" 0.330040780639562 0.115898564798371 0.633420617032827 0.0955862005782238 0.276334437463723 0.36038989026506 0.323505856634042
"cg09742465" 0.26165375577757 0.0605368685069949 0.502223314075971 0.0610813881326464 0.0632287419503119 0.200824432920175 0.0623861005639818
"cg17707057" 0.0748275877274433 0.0822609873517706 0.487226126966229 0.179302412861918 0.0845909752207143 0.0788837822045698 0.0625511343122438
"cg13962347" 0.0492057034648148 0.0506287854366802 0.462584061352402 0.0556368098249901 0.0683339943935436 0.0616958384011219 0.121930978785405
"cg22184990" 0.0851368552913173 0.0567110628346021 0.469791355959697 0.0914558239777794 0.0634991674663683 0.0896105537777723 0.0623744163760052
"cg00360761" 0.377965062627538 0.101034746371492 0.638984323079581 0.260312136148508 0.210419531321577 0.356591122678767 0.181803926669542
"cg05614346" 0.0594069610742603 0.0903491841120503 0.494026757711432 0.105880448616466 0.078643979516876 0.0684103313739052 0.0672241350177627
"cg08574423" 0.0397432188906382 0.129883747837589 0.497927707959315 0.043897284299141 0.0698846240524525 0.058379768604 0.136458074296175
"cg24138325" 0.234238740787512 0.440819328518428 0.652205925770024 0.0930209144815302 0.306011288441835 0.173572058372213 0.108923859221991
"cg00092400" 0.0613219014705572 0.0980417179257973 0.532146004369559 0.28634903000385 0.0589366777971761 0.0695016030767786 0.086342950169425
"cg27540367" 0.143725248412201 0.122751258959134 0.565761339642006 0.378392973374455 0.068756526875093 0.0901848867692972 0.0632668990861383
"cg03094728" 0.187183869572008 0.136267702275976 0.61270541284496 0.334369810871392 0.162077794627041 0.189780809722144 0.148807509080936
"cg09977703" 0.0375427509733519 0.0494293007426278 0.545324786790409 0.269615754661655 0.176050542608294 0.0389732094439215 0.137621378942547
"cg04466898" 0.072332910597799 0.0627045751268143 0.497646575956245 0.0680935610687723 0.0686615125247324 0.0837631922597448 0.0705518936734943
"cg27485596" 0.0925194970451703 0.149296126700129 0.655910725437969 0.218711061934895 0.320319481075025 0.111608838650898 0.413703283415738
"cg05596756" 0.043930754300549 0.0745624720851768 0.509836755383452 0.125743705317713 0.0533469923818512 0.0528031610592979 0.126370488903149
"cg13152952" 0.0703535266285552 0.0459270264323123 0.488848118270235 0.0415897666768067 0.0404564608666597 0.0578383607015983 0.0398909884655316
"cg12634208" 0.432373582887802 0.241079397299572 0.694759623058158 0.224344811601287 0.136078850845257 0.395330112070392 0.127994657409913
"cg04987734" 0.0703918077724966 0.183174654481008 0.59721074348901 0.0623844807369455 0.147733562590662 0.0907153016706095 0.24239741454699
"cg13639901" 0.106303592230629 0.0992308874722538 0.572985765369962 0.135745685005542 0.103386857248739 0.105071942421525 0.13010727581153
"cg04960065" 0.167880819852574 0.115359846452386 0.565202140909327 0.0538271256408148 0.0516442273726426 0.246947091714898 0.0541293899552574
"cg13415831" 0.105153655029038 0.0615230283233638 0.578154876414081 0.315613219156619 0.0579507794544696 0.121521975046031 0.0507617289370302
"cg11958644" 0.0971816360448288 0.23293543877885 0.567872924085458 0.054814391895987 0.0483563010607628 0.14502162197352 0.0489143314695495
"cg06637812" 0.0916221850477384 0.297293918350238 0.615224324299003 0.12099035735248 0.112978534241799 0.097218862068571 0.121449891111081
"cg20472746" 0.0739736902615647 0.0991405068946175 0.601536357639408 0.220057213678822 0.0987847429286051 0.0874820653997501 0.18502108980643
"cg08098128" 0.0525583925418357 0.083114124521467 0.543707033046419 0.0875770274421647 0.0670679333502433 0.0556925792217332 0.0488578550152689
"cg07884764" 0.11123963597287 0.07922141366148 0.603448449185659 0.0817868668304907 0.190799239784904 0.0941759730928638 0.146340627918454
"cg13408344" 0.108575274538863 0.13816829125072 0.684379752367523 0.156792746614846 0.241423752721971 0.118997742161391 0.400967910211691
"cg23966363" 0.114603558806945 0.0778102902210337 0.6010465518353 0.123278649495618 0.0944830952152319 0.0909224091021319 0.0845565262188365
"cg03422583" 0.0728388383883871 0.217919206421651 0.593365118100902 0.0535775119562861 0.0490896161685249 0.0697904255155754 0.0473116436390099
"cg25598890" 0.203829223744978 0.0526939717644957 0.590102930490378 0.0706346089957711 0.0523194184627439 0.0848423396692232 0.0585760390839196
"cg10825530" 0.164523784102451 0.122006849419273 0.782374319623144 0.606567023608418 0.197418764603877 0.169921657139719 0.374224025739772
"cg03636488" 0.0892039186168396 0.15454173748946 0.634358310385465 0.0803523990431786 0.125935411330962 0.105315727983893 0.177810149553604
"cg08317738" 0.152931958773783 0.099375663384755 0.630571791837296 0.0913357670577297 0.0928932849152414 0.218117960890872 0.0987570364154135
"cg15752436" 0.0513880820288659 0.0559192826397802 0.594455388578324 0.0559923130777362 0.0706970165081783 0.0541478774556504 0.155226045288703
"cg15153141" 0.306320668852314 0.0920531515865492 0.643669437641632 0.0549742873123975 0.0566815767326551 0.192493582585115 0.0873481719541334
"cg13810673" 0.0555270774254226 0.0534005806037405 0.650620628288222 0.383480873904554 0.0566871922195965 0.0649315638662636 0.0902674145153611
"cg10768932" 0.053387489183267 0.0767052966271151 0.676700038719804 0.0570098347272195 0.411608701727422 0.059720614026677 0.0597180274258118
"cg02003183" 0.0495502572633189 0.0876029071702594 0.649988594174315 0.0421310024948057 0.0747047787564231 0.0673302492986803 0.130165065529022
"cg20979153" 0.0868715082453439 0.11260464062971 0.749709756526968 0.600881110188295 0.051477432954823 0.0898851874547889 0.0645888762477773
"cg01722297" 0.110832075493767 0.196589478516652 0.788458203045191 0.321195049489073 0.121558015819757 0.122067657552862 0.117862938170657
"cg17768768" 0.954188652969708 0.950036669309247 0.865277227961497 0.136813149126148 0.948236835877162 0.951601338262662 0.95036879103216
"cg01598421" 0.945429387066906 0.935753940336209 0.744672856315511 0.134272906260969 0.948069060905075 0.936787285290146 0.950016105874621
"cg27106643" 0.894053784242622 0.910687417124652 0.809653448388837 0.113208448938471 0.925121964820927 0.902589089189607 0.929691663676273
"cg25131632" 0.947681542761794 0.939942019395768 0.741460301638663 0.150128580323658 0.946114113372973 0.944158164393639 0.940214702561975
"cg13738327" 0.964229740181546 0.942654207040646 0.842690007652488 0.170614180651077 0.960735771954554 0.963281701389015 0.963691601231336
"cg19276014" 0.967559967229722 0.962759950277329 0.897569368593696 0.18431840412655 0.964567874691467 0.96246619400146 0.963054958836429
"cg05484949" 0.964082345282301 0.959884850394035 0.869252329060432 0.17991873140983 0.953987082162146 0.959245667009794 0.956844195803946
"cg11661493" 0.883907673271952 0.88119628510052 0.859570452207254 0.123771377124267 0.871260667926205 0.885394405600532 0.874684809969041
"cg15348679" 0.944343873343856 0.954240630945489 0.723736475931819 0.172626106830539 0.890939692420923 0.972066180821166 0.913411800254588
"cg01024458" 0.871053002373038 0.86371896589845 0.776594963768567 0.133294430218403 0.90736141809014 0.88820823378279 0.913313106903662
"cg03131366" 0.903059052173488 0.874147533042209 0.775924484229441 0.135653189341288 0.877057594767924 0.897416875323871 0.886750620832384
"cg26318872" 0.89639132079118 0.896082595194969 0.800015900464052 0.144032886076229 0.888058871938653 0.897482175272151 0.8856053132214
"cg02212339" 0.929075460644796 0.942210304454875 0.759702332873727 0.191668737504325 0.948660208007543 0.935245983690822 0.951003367537768
"cg14066207" 0.848088485726274 0.909173340521841 0.735416280711479 0.152761161038182 0.935463562784983 0.849952186215356 0.937750196973186
"cg17995557" 0.86799680038911 0.811305619770202 0.827624896870938 0.114998866192923 0.871877092172071 0.867293093609055 0.869798519650371
"cg16411445" 0.967403228955223 0.953310949090646 0.793657373058143 0.21728608354541 0.961001936466919 0.959187192675485 0.963966200245601
"cg15235922" 0.897684931574137 0.884512721106165 0.654430145048361 0.131918703623847 0.851332271299872 0.893018435160975 0.831857504552224
"cg14482811" 0.951204360534415 0.876313003278852 0.807865817989505 0.192584939315499 0.93466900848568 0.944735719230294 0.929827520623455
"cg13283094" 0.902193230763149 0.881465383120635 0.672025471121693 0.157464819110008 0.893387609794424 0.902587374607057 0.887845308711313
"cg09201499" 0.948004081262785 0.942239008416813 0.92312921133975 0.212598192371912 0.933463051995778 0.941327705017031 0.935050947141107
"cg07145038" 0.886522397840142 0.876645176332874 0.567926159732493 0.147723689400622 0.887357198879942 0.897123890335544 0.87577685316942
"cg14936008" 0.904313795228208 0.894374871135266 0.70353031125407 0.165577246977028 0.887697196372983 0.908545435260601 0.896009286538228
"cg05524458" 0.891954819673794 0.876924772435677 0.656173120685613 0.124973083827606 0.865646849352885 0.903006029434096 0.76113233799219
"cg07435215" 0.87838860747984 0.857301674973871 0.740071600810179 0.130402581708955 0.860721529088339 0.878616931983236 0.811820819151727
"cg01868869" 0.898896072888621 0.896785453904254 0.693862659716451 0.172395380614555 0.89783417635352 0.903849356508183 0.89639340079478
"cg26552743" 0.895350861571968 0.86694032394215 0.615741911397535 0.150040231164961 0.867161603522033 0.903028296679489 0.869446288970646
"cg15532942" 0.877653554551335 0.837270505062022 0.642447424490198 0.140624227376479 0.87489361839793 0.87956185145137 0.872489431914069
"cg17679619" 0.878481509453243 0.867172221034475 0.687901133496034 0.143815114904684 0.868637322120279 0.879944443649322 0.852561245313554
"cg03860768" 0.859420246329891 0.850627994014752 0.593648354426363 0.130293641053401 0.868205349958443 0.846642937434484 0.858068383787762
"cg09469986" 0.870888640727622 0.837648152535372 0.519555522571849 0.135544472092141 0.868291134747477 0.874489484139361 0.881064103853627
"cg15241519" 0.925462238294431 0.843154129859652 0.78370585297501 0.175594068904337 0.877935733993998 0.932239942116589 0.932235952711819
"cg25683989" 0.877664017880192 0.849596837550833 0.62296418578277 0.143098665035593 0.874247086480364 0.879599119561502 0.869180249345232
"cg16586807" 0.905615013985682 0.905928166549869 0.807779089855824 0.183780454549007 0.900465997809881 0.90049214887526 0.90130134872022
"cg12583572" 0.897529724618567 0.902250360727593 0.913829900996343 0.187255762153969 0.905466273032183 0.895039236936156 0.910044965609967
"cg22212560" 0.905175173960673 0.883716441474731 0.818202163376462 0.118724998477406 0.659066851238337 0.905304696307747 0.857372307213376
"cg22826986" 0.827358722278311 0.804090278432153 0.50921176731877 0.111633869300776 0.870161045181321 0.831433807373454 0.842452419850616
"cg21248060" 0.925413221850431 0.714273630474455 0.810727850222636 0.16041455151428 0.930250262739661 0.883177829417051 0.937325406931542
"cg12604490" 0.872347006373879 0.828122492774185 0.630780700654297 0.136636557705592 0.853860271043494 0.885239083759947 0.846996411606688
"cg20602300" 0.884206408873481 0.883922900094406 0.855348833059249 0.172216971214839 0.886563234171257 0.87718462020357 0.881569252673606
"cg16085171" 0.831363400291636 0.886172072632875 0.698245528444504 0.156606419432569 0.878451871801143 0.872576836651695 0.885932031611798
"cg00760938" 0.872655585478928 0.8162779666734 0.610751622081685 0.138093238656076 0.866941043447041 0.878242181745161 0.856061974184216
"cg13482010" 0.864977558405835 0.796943159806155 0.434071040117733 0.119678290078997 0.840425030557193 0.865171633517066 0.847773976716225
"cg13356455" 0.900202279866257 0.817535544441006 0.661305089267908 0.159554523592078 0.893443936770912 0.894013760060794 0.875227039736508
"cg23948703" 0.861739992161994 0.833757341594262 0.65531069303664 0.144871464525082 0.863640771868755 0.868590647165993 0.863040490825338
"cg07558704" 0.939599738521547 0.937321278016313 0.891596886835913 0.231047573759346 0.937131076657508 0.939533122854045 0.934228330871664
"cg11774624" 0.923627248835203 0.900162542520772 0.908079343089717 0.212479107536009 0.927279315058076 0.906759103611978 0.923921364563648
"cg21596498" 0.807319647928724 0.845392727913231 0.671923989308701 0.143614790237239 0.880052883375674 0.85216412114751 0.8702255641728
"cg15035590" 0.898607880777458 0.887355930399467 0.75185217152337 0.186421111311495 0.894878318220989 0.900489319150234 0.888095524952237
"cg05187549" 0.868344618316825 0.843923403586095 0.688513701605697 0.153836514566378 0.862571748940961 0.873161189224884 0.861571297608351
"cg19931733" 0.871074704452966 0.859055532072647 0.844089367221949 0.151931452910272 0.823742749649107 0.867877994240358 0.846003218611777
"cg16301004" 0.360494538082949 0.49341185782375 0.646691320179532 0.825069469734785 0.107789581191521 0.519262802260633 0.0778197364876468
"cg25983531" 0.428087755210437 0.186422755922429 0.528900845370533 0.772038708364429 0.150332893881788 0.391923818383183 0.148875391737091
"cg13991834" 0.178150165084273 0.488761824176245 0.0514883490700072 0.730984665982365 0.075594481970985 0.274884947429741 0.0677994374294381
"cg27492103" 0.107359578682224 0.471368508645149 0.685068992661107 0.800949768490269 0.439742305862175 0.11366030603874 0.0916205128083519
"cg03889263" 0.0933982626608054 0.577721707877095 0.203835354002743 0.725081679533802 0.0768391265995139 0.125769967270604 0.0784482839939239
"cg03272225" 0.083331542491843 0.104178120849675 0.299722774420287 0.635953388438368 0.131845790177375 0.0866408154021313 0.110968662018112
"cg07859439" 0.0848447052629932 0.584081223594052 0.069730261672815 0.752102037117394 0.153286555163305 0.168554607867244 0.101716461587641
"cg07249939" 0.275940680034014 0.090641373028428 0.513974771631526 0.750851440703513 0.245846846023198 0.256969773897655 0.227072577982648
"cg00874051" 0.557391038354967 0.382565965529449 0.53999574447427 0.835215641400319 0.115672791489648 0.473207262137993 0.0618240553280444
"cg19268695" 0.100519780989533 0.115591110468405 0.601838351717925 0.776878100174405 0.18960614728257 0.117451502567473 0.626160511062404
"cg17478979" 0.208070201933479 0.241230338674654 0.0418998530519911 0.678429399268455 0.0800133682354751 0.173778371210632 0.0733437432629638
"cg26366091" 0.235138986618938 0.165229921211773 0.482014633392869 0.69100866259814 0.0541410301550642 0.312860592594965 0.061075330016221
"cg08698943" 0.179502058212315 0.368225808734911 0.549010114638346 0.806859900652422 0.109074829315284 0.3707658072717 0.344876136215751
"cg20541456" 0.060962062069195 0.420803287756265 0.414386940788243 0.687198274157144 0.0724531989311979 0.0980942603720786 0.0362790608415991
"cg03798942" 0.0895438642285995 0.0831984105186094 0.318942351809246 0.749766754020141 0.56259478112296 0.171837744723482 0.114918574443455
"cg17950348" 0.620038881765973 0.0700853180964471 0.556839827335168 0.786773716886615 0.0818439472849643 0.557465036595807 0.0600723307881315
"cg20025658" 0.0684264415990496 0.0881451418849733 0.234682983968822 0.672419841465864 0.272812716287819 0.075734593278366 0.125822157876104
"cg09076077" 0.496735883738458 0.0899702473274498 0.52141816278354 0.772657374874349 0.0953534918053418 0.50068602434027 0.100700387861741
"cg02879423" 0.124356216711398 0.134545882986448 0.581201105402697 0.82390898397614 0.759778538001477 0.15890618337142 0.108991394475029
"cg20380468" 0.0756570132335093 0.456913330637066 0.615841300855625 0.826677857569322 0.438034273271971 0.107692132039007 0.189236049230259
"cg20450123" 0.208327964568837 0.120760965186876 0.5132727915899 0.711652493787535 0.19736739904651 0.23824188271604 0.0734389086685844
"cg22286382" 0.0885955858784393 0.136889759313582 0.618130609902221 0.696574488001724 0.250319657500923 0.108162420222742 0.0915885003168138
"cg23433370" 0.590596835563119 0.125960737156268 0.739153900213078 0.792246562333888 0.0762312787351779 0.482007549499197 0.0396906223645351
"cg07093324" 0.206116491218559 0.488027695580319 0.713993917173547 0.803481585279121 0.136807381339678 0.304548205743861 0.0872664681650728
"cg07091500" 0.134592003303875 0.51658717046035 0.247228568006656 0.770602931316161 0.109297070877949 0.213833942858619 0.116704436770682
"cg02492279" 0.531901739777642 0.077365836810293 0.0588669498270041 0.776130071326214 0.0594026833314394 0.652157545529587 0.0547994797044007
"cg21278103" 0.416472184496291 0.438333731545678 0.10011134564383 0.837173255553524 0.122748006189544 0.432685717777939 0.0888334287002882
"cg08682625" 0.103539632162158 0.33808392216841 0.541924803752535 0.735650919602194 0.100348272660975 0.156234108967411 0.0949060582581035
"cg09849688" 0.267590290770375 0.213945198669847 0.483601639207655 0.737334860003421 0.0761464999920303 0.232390774318813 0.0770505613976537
"cg01054402" 0.110803340462866 0.559642343683505 0.386542047538338 0.821091198099632 0.248841184094732 0.182390658548688 0.0697636735114388
"cg00619207" 0.085437766286824 0.106253674720373 0.539590225502406 0.777179478455884 0.154240124883981 0.0920094113254568 0.515301675661394
"cg22446709" 0.0538266745209247 0.0571886215675105 0.0288919297870415 0.624860505591221 0.0555745868500305 0.0711128543233528 0.0437411230017929
"cg15906007" 0.0879063403449781 0.0842588302297964 0.119652413538984 0.724339297717215 0.295853987868036 0.114018759877316 0.1328775566811
"cg00058449" 0.369767010571179 0.0747953742484529 0.655781899956328 0.84740730645317 0.30491802836599 0.312636479841628 0.26216679382424
"cg00902153" 0.174687667728724 0.72037760697173 0.452118159709183 0.850667712800591 0.0697684891274171 0.190186303752448 0.0893059607519163
"cg25518868" 0.123993757010743 0.20643863869029 0.74002210433742 0.73383652646189 0.0666539895556214 0.188705896889323 0.0608247491903691
"cg21291385" 0.0771295712862016 0.165554912178648 0.679427459760596 0.79001427145669 0.406913056592698 0.0978839576917529 0.104076864650341
"cg09300089" 0.367596132090634 0.100505888329614 0.597627220761353 0.773909436339578 0.0769845984512575 0.237342553847821 0.067924920344095
"cg19269039" 0.0658944608479375 0.106266134015076 0.662439203930488 0.798355887720375 0.180729746423179 0.0895531249688832 0.423471892018182
"cg01156249" 0.274833377985167 0.630525062882755 0.704025507234539 0.872862394788874 0.0659892599638517 0.204239906672625 0.0533044274251403
"cg07635227" 0.154010493771732 0.467830569808992 0.534525984813479 0.791739453494758 0.0434197563571134 0.130134867795328 0.0368230700951129
"cg14317609" 0.0786363735687032 0.0568469090906064 0.0420908297884071 0.688969515826139 0.0600007171170255 0.080850634207659 0.0600974675082254
"cg25336765" 0.284838214326758 0.147422591768341 0.540162052744059 0.817010183939063 0.0895447743782081 0.322185037225202 0.0929242775822138
"cg23357708" 0.114075665350279 0.160062567757156 0.402567462167836 0.762227422899512 0.0707257096930204 0.188370293851413 0.0677978905558301
"cg08864105" 0.189767977995146 0.153573595543616 0.489096773232652 0.79391818351722 0.0832817900358232 0.232291801950502 0.0862587427429914
"cg08560387" 0.105871219276304 0.0518019834383845 0.322061915586972 0.753786002505025 0.0484646840661829 0.0650972154819454 0.0430062546082321
"cg17266282" 0.100798027394034 0.181718277735126 0.80993990394754 0.871798852240599 0.116841035640909 0.1104702296695 0.118339195096745
"cg02606840" 0.049083801502674 0.0688301695447189 0.541174919037721 0.820060328504798 0.118011934322088 0.059149982981351 0.0572740492081401
"cg03429643" 0.060020780120827 0.0706543347800798 0.376475055259413 0.809392526769153 0.0648129848807441 0.0769074534538802 0.0582399548034358
"cg26872907" 0.928696336697338 0.894537997962856 0.846489775803196 0.912874100334899 0.0902313065745493 0.933358783817248 0.928202203899536
"cg23244761" 0.960631705329417 0.928584536423123 0.906526202137943 0.942450907710058 0.149205918070491 0.962089845824555 0.959651137926238
"cg10480329" 0.905634545592771 0.887687728242228 0.903992507410407 0.895355479306149 0.127465991736904 0.912348020076692 0.849330984290442
"cg12655112" 0.933100914818052 0.91330235260213 0.728356948738549 0.886098142871618 0.122939669005918 0.945912247135281 0.779371484944534
"cg05923857" 0.844689845244802 0.904845408427779 0.866880240456264 0.894766514856363 0.123973749673545 0.914574692122808 0.848669807745985
"cg20559385" 0.865220004308197 0.850601896185528 0.667715737257892 0.864269007033849 0.0993134828767074 0.871304453869864 0.824987447494629
"cg24788483" 0.888267564528456 0.916799837098861 0.835661703095539 0.900975736615609 0.170973454229341 0.94039200509535 0.89919818783041
"cg20610950" 0.897618821731873 0.879418463362807 0.875083380371638 0.888727519785702 0.106327055242287 0.900348528928272 0.603715140204874
"cg18990407" 0.922472350755498 0.903691320774959 0.802072762943518 0.913485495350636 0.165543568031435 0.917097983941353 0.799378270957726
"cg16429499" 0.886153542574774 0.845773653120762 0.658009971410066 0.600304507352051 0.0932044520779125 0.909434364654697 0.869852919687784
"cg08908131" 0.861809521883555 0.815389830063262 0.583536004941813 0.854929427026494 0.117012661763202 0.872969393708372 0.829148202641112
"cg01476222" 0.892643623947455 0.834496144566129 0.858387569906307 0.822382872264144 0.139331212304593 0.899073572924985 0.850965784979525
"cg23146741" 0.864084422928096 0.826448085129323 0.734328344445947 0.84966776955467 0.114618659215194 0.858347526313894 0.770028372584014
"cg24954967" 0.881026651848124 0.838699114250531 0.582844476716224 0.76291594890343 0.101102809327352 0.8864350187781 0.758973180836174
"cg09322573" 0.875292412005672 0.841011338462226 0.625247167036063 0.859231311352716 0.11045961312079 0.884589299119085 0.692911915332982
"cg16636767" 0.887762364533244 0.865282336866701 0.84327278750596 0.873387218037408 0.165971536524462 0.882494218365324 0.865678730150162
"cg00288598" 0.865859628493645 0.921333228690047 0.93339048741564 0.934175616405922 0.171822478239358 0.935827415968813 0.728459727241614
"cg02244028" 0.870966824597937 0.852426366764286 0.661117947818811 0.868908740715022 0.143817163478364 0.879618202282908 0.802492258965608
"cg12422199" 0.850783154983233 0.781944715629872 0.783405285850103 0.768628579163467 0.111265603946646 0.835284957465196 0.84606056570584
"cg22675702" 0.836172133162648 0.820749083090678 0.843991220235519 0.836126598941762 0.132577300954095 0.845295988095974 0.814472872204496
"cg19835973" 0.899816715040763 0.873300446461386 0.798033020314785 0.90636818130414 0.203099892491109 0.916056577352483 0.90751858360911
"cg10278149" 0.867319033701089 0.852525818547573 0.579172326850345 0.788710711401118 0.111689666417942 0.875391353878601 0.686831004410873
"cg22259797" 0.876775800439674 0.896864021476886 0.891013720309529 0.909477813110753 0.102436075183708 0.912358660402641 0.394248565216657
"cg26538782" 0.864222845853936 0.850798867315059 0.707341546108399 0.864255402671675 0.15762506583678 0.854949398119276 0.830864876058503
"cg10499974" 0.884961437941121 0.8667790055787 0.593940103143221 0.859294970001211 0.0967682235601802 0.904574895718276 0.488063560068996
"cg24037651" 0.83632605742946 0.785645356365692 0.675851386056956 0.821933525351199 0.127706860858751 0.848932682144584 0.829447505253334
"cg18066690" 0.898687513565757 0.884884828744838 0.785303324540144 0.898015367387057 0.201458277029784 0.898179448114166 0.892217375625629
"cg27366072" 0.877357400563272 0.849604889163582 0.722318168746224 0.83733487104155 0.138629622953013 0.880429308627783 0.726918697647357
"cg09220326" 0.885614844196956 0.85877615450893 0.740948359456215 0.874173488633262 0.13977181036299 0.885865425449042 0.65578149089187
"cg18835472" 0.839575332520355 0.821612349229547 0.73933472011588 0.823226186728006 0.116176687026871 0.859080336956274 0.685486163284099
"cg10624395" 0.900870647819648 0.877290587080413 0.767599296654743 0.900996438886999 0.209100073566691 0.903878713177832 0.903150311049739
"cg03339817" 0.965839805224108 0.947029326236358 0.680727407183113 0.941958511194226 0.264877143881825 0.971396756319153 0.962739023909123
"cg02780988" 0.839512452299604 0.806601437766553 0.562781680766524 0.836438248231591 0.139575939668137 0.847980279128353 0.832973394129272
"cg14109551" 0.880887655546878 0.862067764974416 0.558468315432523 0.878832517359375 0.153794518246706 0.890187931928273 0.730120600886108
"cg18770149" 0.869870919246373 0.830151443837988 0.606082716818216 0.86164234566299 0.165005105658737 0.878164970091409 0.844615371366486
"cg04468741" 0.817570639195466 0.843635158895862 0.808056544403897 0.859746342754943 0.152698033304572 0.861325683217165 0.797022647076001
"cg16736889" 0.829317064973854 0.814028650359633 0.743302453921533 0.757220268676205 0.135646254555471 0.842595818039023 0.84796583904091
"cg11186858" 0.95269738828573 0.912642622812834 0.926841423970712 0.932289092662299 0.178078403254998 0.960492256565919 0.552183013765895
"cg00101629" 0.881897564927082 0.868490276758415 0.677680807969455 0.878071188948364 0.177686824814838 0.888907377012182 0.800343821678066
"cg26690127" 0.840236061978624 0.870139072958846 0.679448432827716 0.792958269759711 0.139009166840365 0.892503214890241 0.724394966469458
"cg05669832" 0.848822208834964 0.880134478023933 0.8010880744143 0.800841931371445 0.178308023540832 0.888945800869238 0.856747823212844
"cg07002540" 0.838119657529237 0.78905172465363 0.594635392981115 0.867628353788069 0.128510995295543 0.870860517216324 0.709852731855118
"cg00091349" 0.889635970596976 0.8524163799826 0.573955492855755 0.855409999260603 0.0937659883883917 0.893135250531061 0.424057317143218
"cg23144445" 0.873820957640231 0.851776050656044 0.637349342471809 0.864330689767325 0.105228266087194 0.868828966510854 0.469453621786622
"cg10558233" 0.784795129453111 0.804643581021988 0.680952067773577 0.830779556380422 0.13253329431328 0.819261669091746 0.789371843769985
"cg08442088" 0.833091006814499 0.796916410413188 0.812418952150478 0.826420514461661 0.12028889304523 0.775212372193944 0.703126051210001
"cg06297318" 0.836798833544842 0.833474935346318 0.675852147516317 0.843817610884727 0.158016486348199 0.844936869186695 0.797126151700324
"cg23261319" 0.818434011285171 0.842924762025194 0.775337973619013 0.862589489921402 0.117168942435442 0.874779077280876 0.548350178716117
"cg24365417" 0.842120750854806 0.775944133490288 0.348764716371824 0.839792583259556 0.129799341660289 0.857027412866838 0.761463421418358
"cg07846061" 0.841536321925116 0.81032991133771 0.621663090407447 0.838106762939298 0.116308788788902 0.854971650781258 0.612982746839086
"cg23213217" 0.129626573222515 0.484840605291117 0.697196207960313 0.621366165771536 0.804004040877596 0.150661816755501 0.170439361816699
"cg07786657" 0.0818689389876956 0.170108832654609 0.80205782178129 0.862268753449875 0.927501509032902 0.0823634235701686 0.950302961684617
"cg17161520" 0.0894979505983047 0.195199459676269 0.580917831967205 0.0874940964307006 0.749317166223958 0.0932462141494116 0.824674035271253
"cg20611272" 0.148963087342146 0.180870072990515 0.637957612419818 0.511369453483356 0.864927439977183 0.172798390878607 0.873475817913047
"cg07748255" 0.0787647193532618 0.122969212859075 0.925720932665329 0.898080444619139 0.92869755880226 0.0915702103034499 0.942325963506908
"cg00517080" 0.487819816180937 0.179801449329506 0.715791610257881 0.0767668770840353 0.861033532732468 0.335871632822133 0.838781775105511
"cg08622666" 0.388161586386419 0.147927004499836 0.622430744551172 0.163593498807971 0.830084314590149 0.182617745228179 0.844385510369933
"cg12476487" 0.182091789345766 0.130956852673907 0.669208545493176 0.652526812829849 0.886771902637045 0.0989327432015643 0.901240954307573
"cg20055861" 0.176275529191157 0.37627249536474 0.579616291520616 0.094725547850927 0.827744640322335 0.174704046327822 0.846048211756114
"cg15188939" 0.324176534399282 0.27415688045296 0.624664626409138 0.158481150374252 0.851598508199199 0.174324444293913 0.870515070801133
"cg27027055" 0.115418542635861 0.215794129812563 0.681501056135044 0.486039459994036 0.855330738108019 0.109111898282835 0.856273985083229
"cg17587997" 0.456917631516458 0.124808466223513 0.628262076212321 0.153779152444494 0.867162441911448 0.340551272582902 0.878057622315013
"cg10639435" 0.149859553991189 0.134554024886322 0.55990506293007 0.619440139690466 0.812798504507897 0.179149445944564 0.543819685916322
"cg14437551" 0.0580749701894169 0.0795886959020816 0.40718537937701 0.0602925602271295 0.690650184637579 0.0604912074633625 0.734630803667884
"cg14364797" 0.106193008935507 0.0827578699788277 0.822774141978155 0.658486752435381 0.739357911928928 0.0776858262273722 0.267942811081113
"cg02737268" 0.070602550160774 0.606968383928321 0.876216226453194 0.0849199052033679 0.877200043176922 0.0678421657094607 0.914794255277777
"cg05052463" 0.218542704867467 0.27110739463472 0.750988813368485 0.0968725533257258 0.814902543767222 0.120956865216649 0.825826714241004
"cg14057303" 0.094135188967454 0.127298535913152 0.175410173484088 0.47907319627436 0.807320515432663 0.0841301303210406 0.810332173708424
"cg21999229" 0.0862078356162631 0.135900486351989 0.527733618865482 0.087868564651428 0.727688706191328 0.0782679547473882 0.748630994325686
"cg26348243" 0.118879528959687 0.533669432442955 0.764604296223174 0.241361089154811 0.911871191569085 0.125691668425529 0.933099272893395
"cg17078393" 0.145136678704197 0.356904700224836 0.668347785037704 0.14368711102395 0.83991152772431 0.146578534443672 0.849822689235565
"cg19510565" 0.0867983313580958 0.114145462828835 0.583498897817415 0.266891749457524 0.773209035120812 0.0703615933259331 0.791990724569797
"cg21577598" 0.0615140227186311 0.186053065131833 0.655251379274187 0.281896380672113 0.797082468223447 0.0645480942155713 0.814284408532662
"cg07706695" 0.0703662405716355 0.123959320005277 0.562053862120464 0.267284527034245 0.778887851032247 0.0658145190351326 0.807997171081949
"cg03916225" 0.0995106214950746 0.125861695797335 0.459751780833854 0.330627106666946 0.795412548649269 0.0989482496873126 0.788316261809432
"cg16219283" 0.120035098013885 0.193066905492022 0.71906583873257 0.136310605283843 0.790308879855636 0.0938672930933404 0.810575488980403
"cg03961551" 0.108884483013095 0.134557117658298 0.443134831041635 0.319575165188658 0.807796005707324 0.0980075617300466 0.814192261486475
"cg26217402" 0.191607751828992 0.348784918407165 0.389812442074751 0.196160629777271 0.871522313408192 0.193015950205859 0.856927107194738
"cg12603453" 0.0947218428624217 0.105294126384164 0.848303047871637 0.842540665208466 0.829300906278733 0.0915181039780766 0.385304281733664
"cg12609063" 0.092056902496287 0.108174123564662 0.488433772886991 0.446035821259622 0.800384796311942 0.0999820895535383 0.663992854968885
"cg01849093" 0.226848977019974 0.151209242636545 0.418188220475852 0.243357653196865 0.844948088638693 0.201704001128976 0.821920103872608
"cg14165142" 0.0949811098787327 0.250965909808271 0.1782990360051 0.260762617933251 0.82739170678262 0.0866784097472999 0.837913617671759
"cg21201401" 0.0821088446261813 0.109481042634196 0.141178462578256 0.290967111647547 0.810531470860118 0.0732273486409779 0.898289449584206
"cg21359303" 0.0920796674743618 0.195084261953404 0.908923383392585 0.430048571000167 0.890928379124163 0.0873117926913164 0.904325573558397
"cg20805133" 0.0771533416079806 0.307340073261523 0.73705875835511 0.238334069176842 0.872926644690219 0.0763804733606362 0.91391797954429
"cg13554018" 0.12205939312216 0.107752710466144 0.549425641846673 0.0819491430850789 0.77290441208044 0.100393932444389 0.778639544611206
"cg06208288" 0.160370559456535 0.112932988360869 0.67323934436714 0.525459947866997 0.904525812310653 0.118064759717838 0.908356912613486
"cg11316887" 0.138739326369133 0.128637245910414 0.529153836947723 0.116735065464476 0.808480668407936 0.111320322194524 0.867760791333759
"cg04722215" 0.123667991264716 0.146967881180516 0.674164632668273 0.372989114218565 0.849770056857793 0.111433078731871 0.787842549353125
"cg08169020" 0.0631005658589358 0.129728885147194 0.820700377381164 0.401784594339027 0.86190422519734 0.0555258739030895 0.891628121314586
"cg21830221" 0.116961555102846 0.135860101345597 0.479774101904565 0.0976278237586185 0.792530714171744 0.116836619783747 0.808022549179901
"cg14597739" 0.115751321672991 0.170490051458982 0.619659440599701 0.121620644927796 0.820758247820508 0.122441378660725 0.849143417552703
"cg18148314" 0.100159593636626 0.114431331008564 0.507479398892323 0.300507587664198 0.831790004817436 0.0929255428681627 0.844241001084913
"cg17169196" 0.0966647940642881 0.172873802302736 0.680152872553384 0.0998784863867069 0.812658016851789 0.0769218653154829 0.837113222319064
"cg19097880" 0.0793293067968392 0.103773228710468 0.202912883952709 0.0885787715476797 0.755531167167492 0.0791254291852436 0.732775565145313
"cg14441276" 0.0854042708200179 0.128986193410555 0.455587306637902 0.0822411135931349 0.78603951322938 0.085010537038731 0.793465510190147
"cg20513976" 0.0433775673386066 0.0789205587384713 0.128521029459714 0.339644620350531 0.858838419082524 0.038436777139258 0.933800123102974
"cg00446123" 0.0587676317196623 0.0906640019035178 0.147083640846336 0.303186106029727 0.858805103662455 0.0458615728417217 0.932411901838076
"cg03795574" 0.0806299784944152 0.360892075950495 0.677652966686837 0.0970447650836936 0.740346715467461 0.104412257630356 0.0959966633976728
"cg00219921" 0.785074973880744 0.831181084865091 0.766245837868658 0.884750839071866 0.878632079614231 0.202153079167476 0.877105490930688
"cg25939861" 0.654846837893193 0.608689669396909 0.583582964463772 0.848208200425069 0.839083328384775 0.117915583256617 0.857830100316291
"cg12655059" 0.283595819217002 0.836515170395773 0.66690284338743 0.845452914935912 0.857944996550493 0.140976381050219 0.859510196909972
"cg25535316" 0.615435739160089 0.766015830372875 0.715068227683431 0.872005105705394 0.86834228832288 0.189441321636974 0.84386941862031
"cg18483549" 0.558189390756481 0.875271493779038 0.789274696714409 0.818375784636236 0.884447464704841 0.211245147783812 0.884098259464361
"cg02598071" 0.408443483822879 0.851161741377152 0.769204416934031 0.885386809351398 0.857288911556795 0.192153613215818 0.864224203887039
"cg11531557" 0.778422257949543 0.830375338880484 0.739359759834436 0.88201099970996 0.881025284150521 0.263620239510925 0.882964417124908
"cg02324835" 0.530784381154491 0.747136143494776 0.816537836503503 0.864736827577858 0.848800750255139 0.199052220245365 0.867635334609769
"cg25226014" 0.101168263368057 0.58239800238529 0.853705405301251 0.86461171870923 0.896844709588627 0.107860016528508 0.902676742439009
"cg26033526" 0.216523881768138 0.652737719727782 0.659857108278509 0.776251082472855 0.852786443631653 0.108129270693671 0.879478651515485
"cg08450017" 0.236823747447026 0.465419428727359 0.828491940372473 0.901382000005295 0.935069039762035 0.131684640524293 0.945335641562436
"cg09245989" 0.13834364955303 0.726153678228874 0.8493610355896 0.858332498479007 0.832474070229351 0.124148240249923 0.84462976892812
"cg18174654" 0.789106441804155 0.866112867565629 0.486644262921077 0.883497092853829 0.847793085622561 0.272518233707023 0.861457404016251
"cg06164961" 0.0961059705055627 0.649145506714767 0.609608010253054 0.875349122855649 0.877431570317605 0.120411981759836 0.890655060013432
"cg04403423" 0.212951262519016 0.72766814988871 0.845734092625165 0.80782364028885 0.847384549770278 0.141278469439762 0.84990726396249
"cg26921093" 0.153339422422963 0.749964796948898 0.734502644444972 0.886289173800318 0.891289101325724 0.166502958285564 0.890778169324376
"cg08777095" 0.212988039202741 0.617542007257349 0.685269086802485 0.833637902818028 0.839089129999074 0.115046790386724 0.829216606087031
"cg26720010" 0.156232460241869 0.801132296370218 0.758183176074976 0.873347232739331 0.852541252163655 0.161438792704334 0.853823413507077
"cg15392364" 0.0825197059270658 0.562235158112619 0.575683778131985 0.835120793933391 0.867926906366072 0.0927861166624139 0.869205043608605
"cg24402372" 0.147033121509259 0.744137893592782 0.672934374859849 0.844821431824803 0.836906787895936 0.138222879435769 0.850064365135666
"cg04394724" 0.783002573456505 0.622836256634332 0.927512050964823 0.870198424938011 0.884543361985886 0.254710979260242 0.886259189885282
"cg03002526" 0.13109277099421 0.802298821991022 0.778633469813267 0.872975517177251 0.842636528735724 0.159408967167024 0.846251224847696
"cg24955743" 0.467333529439494 0.725923769015961 0.896247874676062 0.891801448771415 0.888727255600984 0.227699188201347 0.894193168543709
"cg07781401" 0.183817787030398 0.863316367160763 0.815638319904571 0.885402808178181 0.887432360961851 0.202492659171395 0.883262355214116
"cg19993258" 0.201134649832796 0.782761363279666 0.71753026065602 0.829476611054528 0.858044551374787 0.165442637183194 0.862295528504156
"cg25350872" 0.920398060673867 0.862560927554098 0.715004897445786 0.928328512094908 0.92299600706831 0.351818098386 0.920931523531007
"cg21340621" 0.589651707877698 0.338511309325489 0.136873333250259 0.259813817447378 0.0767117706584851 0.746421203064324 0.0959047931808011
"cg22742001" 0.84891921532063 0.714844462809028 0.392999155036073 0.148233601739601 0.0793499746341816 0.855648213750584 0.0709536581211351
"cg01990910" 0.835550224037541 0.451241892769802 0.0767160170677158 0.455295333452014 0.134903370362565 0.869354606996793 0.135670822142225
"cg23671196" 0.804243047986005 0.726673867540356 0.0847140708797882 0.120828633590489 0.076636830440626 0.836449839766196 0.0613619624664897
"cg22539431" 0.844264426089339 0.665585958141799 0.591029429898253 0.220075251076483 0.0755803790397259 0.865504931285318 0.0694293262625368
"cg02086195" 0.646909030449216 0.136692880963424 0.315650154810614 0.331946165589004 0.105713297096761 0.766089187578895 0.212797262281991
"cg13854219" 0.767217613068495 0.55595834547702 0.155897104646704 0.188145825325612 0.062424104067211 0.812437874735079 0.0888164901444555
"cg20048655" 0.645266013801121 0.620572414174986 0.351308950028926 0.105655197233196 0.114318183697064 0.805199156483053 0.078118886931333
"cg04905719" 0.626572033070591 0.0754556008431311 0.0285210062300223 0.0758258409521471 0.057813943888648 0.655615418117559 0.0560773051169065
"cg16207263" 0.545802831775822 0.0975494932502025 0.0368493072511804 0.0894017351307282 0.0742347988981504 0.657747576956623 0.0699127553983461
"cg07799277" 0.628997091981791 0.487884499727232 0.0440623512141447 0.151646515823362 0.0859824717416231 0.772034934851164 0.0803905911349952
"cg23018755" 0.635943473982568 0.212101060042831 0.127082588776404 0.163487830735304 0.101887537071597 0.727239819972173 0.0835035827308024
"cg04642300" 0.648428963359842 0.0712612372803483 0.0622896079567828 0.101101278828127 0.0696866366235254 0.676315432191382 0.0659713781462862
"cg00034336" 0.616396295165375 0.0296038061078196 0.025526137165852 0.040556956665107 0.0366604255731741 0.637367574364884 0.0327063130617395
"cg09349128" 0.526013697186542 0.152009086225381 0.162694829902759 0.10010157706327 0.0815016645154793 0.698866451630639 0.17393379060273
"cg27097542" 0.782712009608002 0.359287568862395 0.209234863037283 0.286456850602113 0.086219449140595 0.807838836242596 0.0677452959423222
"cg15381475" 0.606570062708495 0.298962044322915 0.12756036667081 0.0550829973317275 0.0386328869312113 0.703961965304157 0.0302526584686754
"cg20545410" 0.7865603245362 0.312187677960077 0.474110893609889 0.102526102392176 0.112986391045765 0.827540940398268 0.317627291496317
"cg26681770" 0.62705384689069 0.0777717508282238 0.0401852026119632 0.0492778609268611 0.0549658842419632 0.666387233236795 0.0552549603828494
"cg24401262" 0.772163165169128 0.561841109099965 0.293541614081375 0.0730706572989062 0.0548736713968005 0.804878665746775 0.0447829856274671
"cg01233897" 0.70810910915216 0.262793999084153 0.0570914412636693 0.0806402584517772 0.0839407705029878 0.740156458257876 0.0876239861739187
"cg09914404" 0.661960565502233 0.152648667536269 0.124760719655025 0.244549928186703 0.0944501987756858 0.745920328322548 0.080329650283629
"cg09370867" 0.769586296047867 0.302621276120135 0.0840417118856211 0.245272375856497 0.157637674792572 0.827101636798653 0.155797894837988
"cg25025181" 0.746648771151863 0.254532801829955 0.10579400030943 0.266417809055942 0.0628466376593104 0.78331957646747 0.0770723535683655
"cg17329534" 0.146085878245681 0.390528541939593 0.18533002481183 0.6706818852672 0.0935692504067461 0.801569941923968 0.089792013014764
"cg25711558" 0.622917273149589 0.197799735954273 0.064857224114215 0.057198940453507 0.0554143824743438 0.718288271841198 0.0493460383266573
"cg16563370" 0.665983143777995 0.119203546282042 0.0862075952657212 0.15362701350856 0.116536470772029 0.752943923647388 0.0929919539058446
"cg24902461" 0.655758404739742 0.438729436996042 0.232155037528026 0.101909506112203 0.0749362256378949 0.803764206253791 0.071387052451425
"cg22193912" 0.649732744972332 0.142151513391001 0.0296309188801796 0.0995103628623266 0.040319681122542 0.750928220892159 0.0361530757092711
"cg05398700" 0.944051141822429 0.94762523290921 0.887162960969703 0.939371086005375 0.879414476343951 0.952198712146238 0.0964199356940999
"cg22381196" 0.91068838692041 0.905639109058787 0.800428702364295 0.911036384617778 0.664136955498495 0.920587964506197 0.0484508715957913
"cg16802439" 0.940837090075829 0.941234666658873 0.736477101229067 0.94468859189896 0.734976909242262 0.967213996349724 0.105179317529394
"cg25739938" 0.889889286562516 0.891990270652807 0.714673860431542 0.891319576348811 0.85694172438479 0.895433533970916 0.0934924115572125
"cg06270401" 0.879611561957514 0.869746508931457 0.502300957451734 0.886913670669982 0.813155025640828 0.895342960999721 0.0700220553959382
"cg15878616" 0.965056442828109 0.959381981692169 0.865830732720979 0.959054007283922 0.533375710562724 0.965950172718939 0.0788342354083776
"cg13468144" 0.886575109780027 0.866952202560039 0.77470135892397 0.891716467735136 0.883645158037237 0.896272619339472 0.0997209578393162
"cg25600606" 0.900011125188016 0.899016331390759 0.751217770759814 0.902799898989139 0.848324738384294 0.905413191084471 0.108266087895138
"cg23819411" 0.909963296267106 0.907750946637912 0.693826556437896 0.914174615982882 0.747518937944192 0.923488710142084 0.0921880842847189
"cg19037107" 0.891361791243257 0.885171256477868 0.767474452062688 0.895278702944583 0.84095799274575 0.903182909940285 0.10471977139902
"cg04858164" 0.900762543409772 0.893313844131015 0.793409388773138 0.901497572691004 0.846172965702197 0.904652829157451 0.113301083636456
"cg12483340" 0.874439947490028 0.879016554016959 0.683653902136564 0.874240654609484 0.745216947242159 0.886872487544056 0.0748791569648964
"cg00705730" 0.866457296553924 0.865422583708358 0.606710332554431 0.874824317618332 0.828974098324544 0.860993385585852 0.0845015715166591
"cg05936004" 0.892285227181193 0.866333132992469 0.711212517389254 0.899410256337455 0.796370403565466 0.903105663326115 0.0978339826725681
"cg00439981" 0.901218857011232 0.902633973472152 0.791936332538262 0.901780750359336 0.605484938408999 0.909035723751388 0.06840064180583
"cg01692842" 0.869924807303922 0.851787013260729 0.620614150237076 0.884689994094904 0.807406467317856 0.879238516808323 0.0850402213369114
"cg03340036" 0.880802950089302 0.881163584933148 0.775775267750248 0.887753782362276 0.769432051172782 0.893133470282496 0.0968230387749627
"cg21685770" 0.895908669834571 0.892296366261919 0.496414841599665 0.890884462571544 0.659024614034334 0.894947053297498 0.0700196355373333
"cg07790752" 0.882267951974871 0.860837864083847 0.491469076350266 0.89228944657692 0.73490384350276 0.891871266992219 0.0785549006857346
"cg11313468" 0.858500061382131 0.840562576496157 0.777614460137637 0.869649340169511 0.731617166480451 0.854394187780555 0.0705095164687891
"cg10611016" 0.899831681073788 0.898712046227691 0.691993270106892 0.901558149273241 0.669125208490103 0.906303670474315 0.0889868199212912
"cg08154963" 0.856310552779588 0.849001968632823 0.623550203461863 0.862723174959554 0.781934129431573 0.864942079134432 0.0803577371055158
"cg15658793" 0.902142613208251 0.883006841379169 0.62553228958054 0.912348134113924 0.688857260309421 0.915418678513385 0.0929493357496946
"cg25605731" 0.947127808555536 0.944630175681151 0.857544222642099 0.949360829822292 0.483390027444739 0.954121381757024 0.089804508359365
"cg08253808" 0.870395812638735 0.865600969295056 0.734833345909825 0.862142810496946 0.703530606858202 0.893161623279967 0.0795857216598337
"cg07409471" 0.895515714876771 0.881374519772191 0.74050521849567 0.902584802661599 0.744819471383123 0.911495880223304 0.109607066993227
"cg01699630" 0.872757377901347 0.867096440566479 0.71248416302388 0.876517655371862 0.859935604875694 0.888910010362476 0.122159400422286
"cg17852482" 0.855713575220346 0.838996321968821 0.66045957110003 0.854512366477585 0.793839402218675 0.869500936718136 0.0907366624859042
"cg04609694" 0.866527495031414 0.865670892322697 0.735230255213131 0.867595726532112 0.790366126881288 0.864907861884326 0.102659522583485
"cg13785123" 0.950923837883589 0.954878677964785 0.867159250610725 0.955066102569965 0.835264225885689 0.952479779529911 0.182628322127412
"cg05627557" 0.839741350098878 0.846776211695655 0.552517456696709 0.843105583454009 0.647778307005226 0.874474365378953 0.0530321280017554
"cg01040749" 0.871934426434621 0.872212029126621 0.704186142804469 0.870712482641485 0.740845841244029 0.870672465888911 0.0974434895019973
"cg23338668" 0.868792097028536 0.874574796614177 0.663460183350685 0.880101335442452 0.838378577905524 0.884627160564964 0.12250414785627
"cg00660167" 0.946696099746078 0.945706312114464 0.834898482604535 0.948739754580909 0.806191553961379 0.951755285228667 0.173654067117906
"cg13595556" 0.890764304217947 0.789220702779166 0.630122935337492 0.886027981256449 0.642523745244924 0.895365826767681 0.0641543548466464
"cg09342997" 0.860374929749735 0.865019462342377 0.779401720048 0.866868975697111 0.749814418446747 0.869569148602291 0.100166924649598
"cg19055828" 0.875899346512953 0.872023978783775 0.734928713738569 0.869470438602416 0.622625067304245 0.871473504908841 0.0754966975101628
"cg24737761" 0.877136149823677 0.846768374580921 0.63041559295671 0.872951088469118 0.802874429596474 0.88871672429308 0.112795555695848
"cg19867914" 0.88423943357909 0.834859624144922 0.662693839089515 0.885767502573854 0.64569736309779 0.893153304503534 0.0801264675235648
"cg11596902" 0.868885733268016 0.865603133969005 0.637727105340752 0.88592833178638 0.68236924458495 0.884460797716644 0.0915794742223968
"cg10487428" 0.866612965138647 0.850905750555385 0.615627331832929 0.872649202847396 0.740939820266139 0.881649415138138 0.098353818799297
"cg09418321" 0.852763868641837 0.803993451297741 0.410296509070876 0.862131093916642 0.768088937627532 0.862373792017213 0.0864031866769424
"cg03637218" 0.842025439686862 0.83680737440098 0.539462168848743 0.852976061041075 0.830875740388315 0.825426321827267 0.103985771236849
"cg25693317" 0.870438878639841 0.857943566033287 0.685278755137137 0.874146293585195 0.786482683012033 0.876711574969778 0.120358276171287
"cg13618969" 0.876421885092743 0.877728880111846 0.640112464989095 0.871322861388828 0.853155985959667 0.88687940320796 0.141749672045345
"cg13633625" 0.883492464471404 0.883476349499207 0.603596116552753 0.883328312324633 0.631041059924233 0.891381010370927 0.0973268822553557
"cg24827600" 0.871092511051078 0.867844554558131 0.657833533664995 0.871654304843402 0.527610111739597 0.887453977928284 0.0673936355313394
"cg09535475" 0.863464344105283 0.852960578193638 0.559736532620344 0.861930152828449 0.667885717709674 0.872581898621069 0.0890617999209866
"cg04855678" 0.900423271457339 0.784474029522504 0.699853336621906 0.883961894880184 0.546266876250161 0.905769051575571 0.0684706956021799
"cg03766264" 0.867687992706786 0.880558980117793 0.794106643990651 0.875737125306768 0.856605259742724 0.884161298362022 0.154209761242459
"cg09221159" 0.0793965997573217 0.116971936555059 0.445069110562837 0.226137120020642 0.445308689257355 0.0745893436612809 0.705346315198309
"cg14480046" 0.135124784186248 0.481752819543716 0.863775062312828 0.235360655617192 0.845233335414296 0.143294127103826 0.91514344598759
"cg03889044" 0.114252502948471 0.419563905300317 0.617199630760451 0.354751921294906 0.459729088175693 0.135582504092337 0.826844090307071
"cg15474337" 0.262947044484045 0.133722053933841 0.324895285385684 0.0697540226441065 0.0790533610084425 0.2781610944337 0.658410669194647
"cg18920397" 0.0889479806480542 0.129045210106316 0.541625221676265 0.240835504525548 0.633372901191499 0.0748579752436566 0.768386518799983
"cg25140783" 0.127541689985031 0.143685550499744 0.708820180733008 0.48863366077013 0.813418269090168 0.124667134227432 0.880582139474272
"cg01735277" 0.074246228114349 0.122188220101488 0.72234719291549 0.287572996473278 0.685746922069049 0.0701525489070244 0.791444427591975
"cg26360197" 0.0740090759307482 0.110100536727214 0.152961456634777 0.273588619374126 0.686905791120533 0.0791540212741342 0.769764496449527
"cg23280720" 0.0641180222524389 0.368126274238216 0.620973733690548 0.275056849785003 0.594914847966546 0.0745237389856752 0.820723344201093
"cg12810837" 0.0795807350828909 0.130473431932339 0.487939534510216 0.0841360363298324 0.676228971531696 0.0823814144561987 0.748360035173999
"cg26106166" 0.161539684948372 0.126118440627978 0.151486505969302 0.212414887482114 0.689292053278659 0.140327328715393 0.794782510134157
"cg25133951" 0.246463436876109 0.0970932462640224 0.509055806002084 0.0837917835256523 0.489111317739133 0.137075472086511 0.7521486401765
"cg02368508" 0.43113617831845 0.221559349850686 0.460094226857838 0.0722086864978911 0.309296069201751 0.477683655244177 0.816525798224084
"cg07613391" 0.0947205883550442 0.144372165943174 0.437664046339315 0.263124172798052 0.681188087385483 0.10205292758016 0.810805338487863
"cg24310395" 0.0756042248652306 0.0914023326647268 0.229332497647699 0.353875401522054 0.660273478091678 0.0731504986610208 0.800510257528054
"cg17479280" 0.630205948171343 0.13809902809846 0.889032066871037 0.103472361913949 0.566609207738505 0.544607254231545 0.930434329415625
"cg19190593" 0.223638152331122 0.470084997704689 0.602567342757806 0.0775280357533144 0.115853496210036 0.430725981779774 0.798887520851928
"cg17843665" 0.237397135059674 0.205921093846229 0.321547671791301 0.0852761854523692 0.0869848473082849 0.492087000483889 0.743385044231167
"cg27051683" 0.119115297059445 0.465307645936817 0.709440136854599 0.406161029663671 0.473283525492846 0.142052022823827 0.900122855337371
"cg07018090" 0.580147443629148 0.358445501211798 0.756356308031078 0.0678136491523231 0.218008119826214 0.55700748664368 0.897876213936052
"cg00795812" 0.11123186848615 0.396045811640581 0.492717810859988 0.257153063334732 0.242434236628994 0.131555644826735 0.799343563880041
"cg00754552" 0.397986586690744 0.243075673851867 0.548451562465639 0.107106643826173 0.126289902567967 0.410444938252711 0.807961796986859
"cg02212836" 0.10422902080921 0.229042113663064 0.698346465255693 0.102869596118795 0.17142493019724 0.113209623010136 0.730997058526515
"cg03526142" 0.0704199183000594 0.0878262585380765 0.234298230691954 0.372631792575333 0.726923391888489 0.0719394441338968 0.856522277785169
"cg11354682" 0.510825144519705 0.112876461234473 0.748956755050516 0.0760257021726751 0.129099353030226 0.566764468936199 0.841870205001608
"cg10699171" 0.0948808091523561 0.120133746107248 0.582337490269238 0.181475535877856 0.550332758642788 0.0997491124621298 0.830926288355052
"cg15535471" 0.116109944262662 0.0872854628465448 0.229836449274022 0.375324772810049 0.44701360646298 0.184267296637216 0.843451759681753
"cg23954655" 0.0813424456547428 0.145601924098915 0.638146626014181 0.0860695116062266 0.146462215771876 0.0858152601196894 0.770748137096923
"cg09993145" 0.0657172191878642 0.0670561752371633 0.449439650798971 0.149822268621929 0.0834708647757434 0.064803105997488 0.757151685242633
