"CD4" "NK" "nRBC" "B" "MO" "CD8" "GR"
"cg07679948" 0.141823862967921 0.952908075537948 0.954894993454788 0.961225599547786 0.972788011325428 0.372656390251214 0.972618841531373
"cg16452866" 0.123170805416053 0.945209542406881 0.905696463323278 0.95428612173433 0.961250785357405 0.1870357931553 0.971986041699748
"cg03388043" 0.0787423500364967 0.78912236465751 0.890966929553677 0.943065285032178 0.963479001914656 0.0789560446699961 0.96758208908362
"cg00366435" 0.11158921785559 0.872894559796 0.745172739153924 0.905515980912481 0.923374716861237 0.498091756146746 0.920960264354018
"cg26852712" 0.135406883712558 0.898094742996246 0.932755209393983 0.848383942649254 0.93542608048556 0.436634050120794 0.945535305056175
"cg07015803" 0.140949849690956 0.933980462374473 0.835216364013149 0.943633377517697 0.949877348364138 0.194402267508235 0.952984723234861
"cg11848483" 0.114603846941649 0.889345313921547 0.753127380711959 0.891658746009791 0.91630298847992 0.259222520932962 0.919256992693815
"cg01874152" 0.106227612016788 0.849407969651163 0.608775374875508 0.84602844425629 0.917300882993616 0.425469137944754 0.899308700785129
"cg06915826" 0.096401757978067 0.841154230155156 0.760550726124482 0.868767037407587 0.878328904369596 0.2748291690646 0.873118476770105
"cg08338281" 0.098290404154034 0.842084717860326 0.885977103350825 0.823267914949685 0.908539918161832 0.118898074549842 0.91417739368693
"cg04347414" 0.163408908611203 0.869664603947256 0.688593538718832 0.897982671335369 0.932955226355028 0.367763616459949 0.936745611041041
"cg13750061" 0.110390598454971 0.85317660370481 0.659555331643387 0.86372227193208 0.86669126706723 0.12622189895829 0.88335807256288
"cg24841244" 0.0990440290366702 0.772718976738513 0.693243712307966 0.880098390603453 0.886295536105097 0.105468937366918 0.881349999799204
"cg10240150" 0.110428129902493 0.801059380511133 0.61642326321148 0.870052979674454 0.872491536144319 0.301620214669802 0.853759959555891
"cg05705140" 0.114168918506728 0.815663486135334 0.676390455084219 0.792623718166606 0.90570934431368 0.26002753157198 0.895553504127384
"cg19001909" 0.22043421495544 0.929055375015639 0.860069264476636 0.961546263431721 0.966091202435526 0.296442689810676 0.969962817779469
"cg24441810" 0.0906249869052074 0.796331077634576 0.77676554703483 0.777052699761543 0.867736390659087 0.0963444319769154 0.877791685496449
"cg07545925" 0.0821013312771416 0.724622768335819 0.582945626298725 0.838709722883156 0.877565097760853 0.0847138296180337 0.875765112974766
"cg10111816" 0.097898823356948 0.796039268545256 0.758199829623879 0.843195260623762 0.854094562784951 0.121239613056215 0.828771192493338
"cg14522718" 0.168837135533725 0.751329345077789 0.93845430547419 0.913673900367251 0.942448128707038 0.303539085445237 0.930972252684388
"cg04340595" 0.109678683939638 0.549668685256421 0.834372932213881 0.874998805344042 0.94466623139174 0.226634498357494 0.948567351505875
"cg18735089" 0.163626749748684 0.81951917846073 0.728015056336054 0.891124525972513 0.912843903289516 0.277511629795011 0.918803998144595
"cg07970799" 0.18234927486972 0.747305424732863 0.83306686980417 0.916708424273301 0.940066536207228 0.42834013515084 0.942750608651452
"cg06164961" 0.095937293199637 0.664472451485372 0.609608010253054 0.8726633555885 0.891989145905619 0.109395630474618 0.896466104911221
"cg23357533" 0.189115899863496 0.871574708476171 0.87119550792106 0.89244781641731 0.887793882058278 0.464636293525323 0.880486008114686
"cg24612198" 0.137742204738502 0.778842996822106 0.620695378956792 0.897096834807567 0.90776201579193 0.139867084160047 0.910287029868352
"cg12353788" 0.148918291546021 0.848503876841923 0.62483651170328 0.870957394502355 0.878626525558784 0.307243185564381 0.864479135400108
"cg04180114" 0.127900282173509 0.831138818817473 0.784805025446488 0.82557299068616 0.84117400421251 0.222321864755999 0.867969506259278
"cg22230912" 0.141015999211164 0.847525043600684 0.509742737555992 0.898106947066192 0.87801565868459 0.288552978109678 0.82416408424111
"cg23723835" 0.127495647516712 0.824537797289874 0.728688138973273 0.716596235707861 0.881015956264706 0.344936103767298 0.871222363747915
"cg18758433" 0.128004012073012 0.700612514890063 0.79159963977236 0.870248904717187 0.861221820035135 0.284734191698144 0.902229176723118
"cg24662823" 0.157038403050574 0.707743779062969 0.713653677734893 0.889358410991844 0.91112125350417 0.442716363378198 0.902209035251972
"cg11210357" 0.118406557017473 0.762382125989188 0.814382361610786 0.817720963794699 0.86708634129383 0.150894393067841 0.865545307693815
"cg09016797" 0.163809380460302 0.856594074894295 0.686691879401301 0.873583513042358 0.87597309838501 0.324978388985498 0.866057844350386
"cg00620024" 0.204088249248881 0.874200527613426 0.879854148999546 0.886211257754987 0.908822021605519 0.428237630919979 0.903397018732289
"cg07930673" 0.118365849544524 0.730823184273824 0.673678580246758 0.859769578560773 0.87710535742247 0.141653367420862 0.880301438227133
"cg26166854" 0.112248154452444 0.60903105396297 0.725596420842614 0.856515213528332 0.86695531936294 0.349939496733549 0.895787006611811
"cg05070273" 0.21321351410371 0.896171238816335 0.742273756201893 0.899995958389101 0.905810835043023 0.506045057206803 0.901303809671485
"cg16775598" 0.167030097832686 0.850365583550445 0.663269671275008 0.880575359014059 0.877739866504593 0.288322681238609 0.884922752577628
"cg16230121" 0.141142581879146 0.786025275719538 0.685421314946994 0.852429865883015 0.861672136667301 0.299907961451535 0.865124147072104
"cg14477767" 0.206179459917231 0.839618058512457 0.554389002128394 0.873912067111541 0.889912604242179 0.743191120458655 0.889041382622483
"cg25226014" 0.105153987441569 0.565430328969138 0.853705405301251 0.856961569297951 0.897766904347005 0.179344244663038 0.898318562826739
"cg04712122" 0.138660623262005 0.83004271562472 0.722178690497839 0.855011222907641 0.845704657116206 0.188814363344571 0.842179372898755
"cg18650518" 0.14663338600156 0.68391172348699 0.802095767560057 0.87537191481273 0.898860987315127 0.284001107242518 0.904709438069535
"cg26400113" 0.124406515891246 0.788586196248611 0.556408441664914 0.807520494493961 0.844540832830577 0.283331399766421 0.843680425077681
"cg15564619" 0.0891130556903366 0.887373134900235 0.492709471939467 0.904265931660687 0.586157466020545 0.34115586459329 0.742348707408485
"cg10837404" 0.25839181036927 0.897260908815943 0.890472343557974 0.910733924356192 0.91569032177907 0.715288154806513 0.917338476675083
"cg22765299" 0.108579653437711 0.731929126564187 0.729451719785172 0.720866727994257 0.864527509543757 0.275886963673299 0.847047289767797
"cg25599673" 0.189559812806451 0.863633541954782 0.684529106209143 0.855503578353136 0.870569149511263 0.487042181763017 0.867981903655115
"cg27519392" 0.158246577339701 0.81991813211897 0.662863419189145 0.846964726829488 0.862139315314765 0.32612327238989 0.859758603918343
"cg01990910" 0.848352098884424 0.410967598053865 0.0767160170677158 0.491519351083963 0.094727758939541 0.908623098502154 0.0882190913361246
"cg25140190" 0.828577390282774 0.227802736536982 0.0879174608425119 0.613916273596022 0.0975386603091844 0.86133668284827 0.0949412540997951
"cg23379806" 0.732939180604409 0.346738151177523 0.163141959182159 0.0835512814660478 0.056281104037979 0.787216249638625 0.0552547821036212
"cg04682193" 0.837092407311701 0.0902629696563552 0.737323113181374 0.792429422116736 0.0701833242278766 0.740843498968209 0.0453552009065859
"cg01233897" 0.696258151133858 0.250761601998622 0.0570914412636693 0.07848466033244 0.0688544161690808 0.620402071804314 0.070766746840399
"cg25729350" 0.646418560531721 0.123004787468156 0.0936016447539622 0.0767307352291925 0.0554657271120651 0.432071492723341 0.062122801694666
"cg09370867" 0.751124982173593 0.253138244534489 0.0840417118856211 0.175179440270564 0.0928328863623463 0.835009675054705 0.104741956944409
"cg16563370" 0.721046103255737 0.128799631299241 0.0862075952657212 0.170132826390561 0.104651639704196 0.799395430542732 0.0946197299341683
"cg16261114" 0.823958427137057 0.481397034331517 0.187356228495542 0.284202506973419 0.0851230616482184 0.834463447635697 0.06172291806506
"cg05228359" 0.704543099014645 0.311754893273405 0.0806572126071894 0.0651097292693998 0.0388116738963536 0.655348645362851 0.0355731022706592
"cg22742001" 0.862797982444324 0.719127266386214 0.392999155036073 0.151800752792695 0.0613617119304328 0.902628244510386 0.0523916520576598
"cg09287328" 0.930838662958558 0.77549798572109 0.632019188409629 0.142669530997449 0.0979467965741795 0.937303905306777 0.221578974415812
"cg25978218" 0.684659874858357 0.0590475878128503 0.222371607090852 0.237755720912184 0.0676865654342565 0.519208711361593 0.0503198901224566
"cg06760238" 0.781864523460357 0.0968889292994229 0.477540708406209 0.484744082018953 0.0631658441188842 0.77504757815896 0.0742992011043699
"cg18739675" 0.786014919767203 0.078845601846041 0.506072538681449 0.622926072077438 0.0503882259580256 0.606418893058069 0.0586117834042496
"cg15982099" 0.865712705977796 0.804039679155576 0.0400104143036164 0.146404088808265 0.0527176858260619 0.916145574094999 0.0460961069885175
"cg10099758" 0.691571357741575 0.0714418616633874 0.0890573787515822 0.108589467236045 0.0816023058195408 0.596347991425231 0.168017260344189
"cg25711558" 0.694993835975571 0.190384643988175 0.064857224114215 0.0650128283375348 0.0420007472798468 0.803058483488689 0.0390513111258508
"cg09169413" 0.790473171681737 0.395011458507795 0.32940275720649 0.0898452255913976 0.0770163818659964 0.817985825443639 0.144177381855953
"cg23249922" 0.926982677071756 0.838503148117762 0.614023102109811 0.114140260387457 0.042603519617962 0.954136760476358 0.197643361836638
"cg04642300" 0.650888573814068 0.0599484939559672 0.0622896079567828 0.100907784729292 0.046126300185689 0.518913712786133 0.0484676548733549
"cg21593001" 0.721880790506948 0.170077925690052 0.0475226854523772 0.178830770854057 0.0531734188792235 0.786207813866229 0.0474550463715407
"cg01022219" 0.899012855570554 0.307462465552349 0.149104243287231 0.716756709725826 0.113891988925447 0.90179442395023 0.0932338058461725
"cg26681770" 0.68957651727148 0.0758591967669273 0.0401852026119632 0.140596846229384 0.0423314971024623 0.761920946281907 0.0400139481120093
"cg16097858" 0.715114453546613 0.175325598619614 0.131668801761793 0.0900451145704536 0.0806920482693141 0.674924427724558 0.0754595836487763
"cg04905719" 0.668206745266754 0.0741144295096881 0.0285210062300223 0.0673016289026081 0.0343509750763608 0.717774624524715 0.0365501072586981
"cg25031824" 0.801132051074919 0.403357847700372 0.0686444218137474 0.21046574193753 0.0726444981070432 0.83684589336935 0.0655460553397876
"cg18150584" 0.835709367161353 0.6057349288296 0.0488847111601281 0.171192156983815 0.0512705237942847 0.860689659336711 0.0491750501992373
"cg22193912" 0.73682014013832 0.174479805785417 0.0296309188801796 0.21709502273695 0.0302414250887699 0.866051504286971 0.0316499723741369
"cg26402417" 0.859686647828619 0.594454826090659 0.0851424119097856 0.194261556890233 0.0676680346742581 0.910276951562469 0.09571258507536
"cg06650256" 0.841018447075126 0.25567814650436 0.497159257665579 0.5144499850883 0.0548411624344701 0.709092238462917 0.0687940838338568
"cg01543184" 0.817944517690814 0.302998898285484 0.0753803881424857 0.316641030083555 0.0788083095609559 0.896732604305033 0.0717852908781287
"cg09662852" 0.693514373542133 0.0780099544340507 0.0563440723827943 0.129126074957239 0.0612630960649004 0.581004190100636 0.0543499039493242
"cg01231183" 0.815207423410999 0.413100184956131 0.124847621384885 0.0962049978548733 0.112922244115376 0.844794244571154 0.106371057829518
"cg07598385" 0.696529867347364 0.0641627758187792 0.0393590527588252 0.184506993261843 0.0337926587898252 0.627157719719569 0.0271877630113414
"cg25025181" 0.776856686654617 0.258299372439366 0.10579400030943 0.207418915367589 0.044100947886126 0.839555315592526 0.0521647073753034
"cg23582982" 0.827991734384891 0.353344396270784 0.302291257181532 0.271782076913413 0.0584610053548257 0.855301783506225 0.0432706769117128
"cg25394505" 0.782078311207679 0.0961265005335494 0.229215808276791 0.209138848217974 0.115675918528225 0.731945854426916 0.158706523908973
"cg09885622" 0.826385070547109 0.112808357012251 0.476913667140828 0.293403626079179 0.127399037099573 0.671869479775944 0.232933479537382
"cg11787160" 0.838994564580263 0.288895787117424 0.0995156846866725 0.21003361950714 0.149573211551027 0.84779003651985 0.14943668157132
"cg12465678" 0.850842526843712 0.105282584516826 0.562054508068376 0.609281876082696 0.0719160380714837 0.698851524949866 0.0740148192828283
"cg16922167" 0.801914902309132 0.238571560659162 0.107612208209964 0.225294972901226 0.0860063115459472 0.810517402638009 0.0783390502070564
"cg21495704" 0.879052005465932 0.103383128112188 0.450184502348066 0.659300205932942 0.0647588199320959 0.872944931940566 0.0755992132278758
"cg26923863" 0.839475690508263 0.0797201213799364 0.640494301519156 0.524234576058774 0.0345008191205518 0.798750469746328 0.0304320700620782
"cg07785552" 0.761184836819713 0.126584237942648 0.330206997869218 0.0784098812858049 0.0579481653942973 0.696939509550505 0.0524919003090386
"cg20455854" 0.753503737436307 0.105039772869241 0.0453851320287046 0.121991966900282 0.0319641630392079 0.723317301356747 0.033635255542162
"cg13468685" 0.811945851186564 0.107743871822886 0.402808340431258 0.264108882224896 0.0712801698900453 0.640570814638272 0.0633984119294975
"cg19628988" 0.788792626881916 0.0648846114405005 0.0790467792027322 0.226629785805313 0.0480788622313318 0.787385181081033 0.0669881753395997
"cg13448978" 0.804504273944791 0.19656325292507 0.0338154756545709 0.126882201013707 0.0306398335035458 0.833358003085119 0.0303554545128473
"cg02380585" 0.746315071979407 0.0446369319566404 0.0268719770083195 0.0338120499378298 0.0302509757393854 0.78413039821269 0.0282002672403668
"cg05875239" 0.912592558865946 0.128243984648481 0.872222452667368 0.833625921499196 0.916598353870674 0.859698249270779 0.924094961042829
"cg13617280" 0.916326099040032 0.113092103780776 0.802710448003717 0.830940690699974 0.9017593019448 0.880540596233335 0.863092254380412
"cg15956469" 0.944443460620952 0.198345392053292 0.921194515487981 0.896451008369041 0.950171895621095 0.824239403738943 0.955271958824899
"cg12811871" 0.950984687017058 0.156958394043297 0.84189030876678 0.746536115997552 0.968892950883955 0.640231301758619 0.977615422434401
"cg27274718" 0.880124750715109 0.139457167026963 0.76906095588176 0.8285744425277 0.878712188933373 0.843751967834284 0.882128292645649
"cg03538296" 0.855696901397268 0.103230022178799 0.68619111294617 0.781784835548767 0.863369180871796 0.720563888685901 0.864413355974308
"cg24430034" 0.959027063410002 0.237591045727969 0.971480864056473 0.907517049750599 0.975878899850257 0.852307551151947 0.980898451492709
"cg27582527" 0.799011912176918 0.0729944285945145 0.565103704892213 0.771444944308561 0.862393501005056 0.504162098464594 0.862637167855556
"cg13917614" 0.912849741505151 0.178462753309168 0.894186852482007 0.780658950771455 0.923680740778477 0.824918856119954 0.942359418178609
"cg00805874" 0.934749414803351 0.185660439413969 0.978340229430313 0.819528924818922 0.951078433238627 0.607915364596149 0.965678377035395
"cg25383568" 0.885712011450003 0.19020418634572 0.936989277980393 0.85648911034577 0.945246802268121 0.65375759518 0.949230549922281
"cg27309871" 0.8830037413628 0.159349382426273 0.74600417747242 0.849059946326057 0.897850094405107 0.674701537270521 0.897581425719538
"cg00594040" 0.853933778059368 0.143291699807486 0.371251616311327 0.835331758591924 0.895294582413632 0.803272004688038 0.890671283647904
"cg21828319" 0.891995310312334 0.166675709916697 0.851448303488617 0.763005951764655 0.882029847874927 0.846919847893298 0.890904735949995
"cg02384859" 0.86284337508531 0.153376952727752 0.693422741979531 0.832723452317729 0.905635023747718 0.601755352428828 0.905309893733079
"cg13995453" 0.823675927853559 0.155187000174026 0.672558127927636 0.843054275976261 0.881680592411974 0.782052225430708 0.88087134752219
"cg26275360" 0.862276696792981 0.160214190359767 0.717292989139361 0.824529508114098 0.88025675663838 0.781545456743488 0.876093309626148
"cg19563355" 0.878645278317691 0.179314741121841 0.879772104837273 0.845225269840327 0.884206062588629 0.811576873948718 0.864764121114108
"cg26012482" 0.748940514524964 0.115078765715893 0.661052991703126 0.816887595516778 0.87066920562878 0.61648406466424 0.858746791213856
"cg22488278" 0.878962049509678 0.165719959759283 0.802764177769949 0.786624125680651 0.896261244549125 0.716245073203813 0.896234773372174
"cg22749642" 0.858416071873071 0.15830274114478 0.870188730805451 0.83432166447671 0.897585836322755 0.568428860040403 0.883654380752959
"cg06202778" 0.851350281305107 0.127780254733814 0.608280029175863 0.836722477881696 0.829276238477032 0.609920573230121 0.858816078221891
"cg20657709" 0.866462615630187 0.156845215642337 0.666574057754225 0.831475648584792 0.874476976911383 0.693408331258279 0.880595928783045
"cg05355684" 0.882563456553687 0.183015974989903 0.767135599062423 0.820690644269998 0.894241040483498 0.815356556661796 0.892538382561943
"cg26573274" 0.956874635837982 0.270697198230691 0.961524251538167 0.921070734141032 0.974158310820392 0.875742498408846 0.975738508476878
"cg24408769" 0.924495677814253 0.141186447186231 0.941170443203677 0.853632248270015 0.744253238583081 0.856993062423299 0.721788870957082
"cg21634628" 0.786847546418916 0.135430061118841 0.698261434072665 0.78220353516787 0.883362335143371 0.632314088015462 0.892058367103661
"cg01940139" 0.824359058717747 0.167943045793546 0.714242129742604 0.86488166422206 0.898392214159348 0.647854175387303 0.897432605165628
"cg08326410" 0.889282837966211 0.200212842552883 0.754341281293895 0.854389879294325 0.903456786021702 0.81517793683411 0.904774844372158
"cg15757195" 0.826354053686918 0.160219283367741 0.657602266348857 0.827689076932519 0.874007164938349 0.754359128775176 0.883777464939476
"cg07307830" 0.75583847804759 0.135757400733055 0.668822149522406 0.840832018818172 0.887734081235955 0.538045223399852 0.893706966808881
"cg10796068" 0.845402676727569 0.167740463174226 0.789950801023197 0.832438945667484 0.877917035057399 0.703679684078932 0.873993147798787
"cg06040872" 0.86292261510751 0.159336641719709 0.736814985327952 0.843011749313457 0.893030022712226 0.565223983838471 0.865916474605413
"cg21333217" 0.955151069722061 0.259650288534429 0.942920569733692 0.920056624912704 0.965532758858076 0.731803982723752 0.970317247174095
"cg13449535" 0.792878904562623 0.134586051474837 0.533216537721837 0.825441457767095 0.865694229029739 0.640112784473962 0.865374746106992
"cg05148385" 0.864579072747178 0.183401202677278 0.702541120117792 0.844826715751926 0.870993050756898 0.809666446848679 0.885656276970509
"cg21474838" 0.804525127274985 0.168425077529466 0.740628026343349 0.864597381984338 0.896965437282785 0.62914988492949 0.894643522888295
"cg02150910" 0.841976953591717 0.145080296636078 0.667224963003654 0.807665847252323 0.882378962487928 0.567460870439519 0.866824314556262
"cg11100450" 0.840283069943314 0.175349102504248 0.727195361808379 0.839078312367487 0.900860221944515 0.651512591051785 0.901113337401639
"cg11335172" 0.897336847764906 0.205201285381701 0.644794353831709 0.883155593595652 0.916486496011442 0.74671665791855 0.901052055795598
"cg13209388" 0.88687153651832 0.176505285726003 0.754577737111602 0.79686203389956 0.887623421499866 0.761023509828592 0.85225904731576
"cg05593759" 0.857211487756637 0.170387118965184 0.656851406415325 0.796476606874598 0.887798284935137 0.726255432369328 0.889007818806052
"cg20987610" 0.865625727682615 0.158496312617879 0.660618412587655 0.829945314344219 0.795196248781896 0.720259078096709 0.900000197855987
"cg01806427" 0.846284469142989 0.137888378039175 0.688418967194271 0.846717639641738 0.737939392386512 0.761321865603531 0.841119074469219
"cg01416168" 0.892181140526418 0.208896560033224 0.691500826788241 0.865162208950076 0.906698005115319 0.795798454153065 0.902546333344878
"cg05653887" 0.841103881685734 0.155430175062847 0.57684512335951 0.811513816832077 0.873718647308343 0.605774499591687 0.876813918021423
"cg19915997" 0.853507031142363 0.188234585740672 0.727833965057305 0.830508035585881 0.877130903607279 0.792754823198169 0.875188762648238
"cg26934362" 0.778306803335601 0.105432627012027 0.51013311530552 0.745912241312021 0.865125591319018 0.431227155154687 0.862682756156963
"cg15241779" 0.836404393240035 0.168611213106103 0.683628929603249 0.834410289947577 0.872270389114933 0.667954384583547 0.86159595965233
"cg19696012" 0.821066399950623 0.176918019876732 0.775892725448254 0.847207148632171 0.893099573712176 0.597862648309084 0.887466027457393
"cg00409104" 0.773929905491463 0.760765427064401 0.321341749339969 0.163320823945854 0.0780001622000937 0.826933441069905 0.0601277592218625
"cg21638533" 0.343375113384484 0.809704879554684 0.71860666862293 0.841745722049669 0.072031863979142 0.530976900346434 0.0654014770719895
"cg22589728" 0.246946193555181 0.671632271348804 0.15490031135782 0.209226690686422 0.161067252300647 0.423705338306411 0.197622937886067
"cg11481582" 0.384782495661928 0.620004391973342 0.0630238311649785 0.088719091399749 0.0442310763121386 0.525713120542018 0.0498905225721811
"cg27122888" 0.0991005487529613 0.55212323833668 0.140273930294262 0.124177751477475 0.0653609329221188 0.219399105270854 0.0557484991191312
"cg08178956" 0.579727491712718 0.701457464767194 0.182339036122005 0.109858272753458 0.0614983094143315 0.755253798484052 0.0750260313079883
"cg00629585" 0.164685180287093 0.588791615206516 0.094064748722482 0.139879331630527 0.100841570378701 0.247928234555477 0.0909505861350626
"cg18786123" 0.155419388711621 0.580456732165753 0.0784734722219283 0.16564061785609 0.071033098592165 0.221820764190888 0.0704614387849158
"cg05756780" 0.243333057752487 0.721667166990728 0.470434308497218 0.429582477176343 0.0671934995677426 0.586034856254131 0.120909580977444
"cg20790648" 0.687448248527573 0.783419719273158 0.212197685372057 0.165005296259912 0.110722507085211 0.78210042321735 0.177118190163561
"cg22442430" 0.11762341481376 0.684806184829867 0.53110663414651 0.216034862442772 0.178084873845743 0.173548615155395 0.316235790099423
"cg25045219" 0.122135226611289 0.676338552645042 0.192270348592154 0.377374474247849 0.089303551026903 0.570520169476791 0.107089590423161
"cg15945333" 0.781382574005919 0.764192205610341 0.0535765862705902 0.1650213631529 0.0682721372770593 0.819072272362748 0.0625853687310562
"cg23829102" 0.494030063237926 0.71036081688799 0.0592434954221933 0.266997963711885 0.054074500903087 0.652846757895035 0.0510072007440752
"cg01774027" 0.639396209018384 0.748401457196228 0.359671575230035 0.16425789757206 0.0731446215298169 0.61761108578555 0.120048270793322
"cg09101151" 0.320883175482699 0.6859693661744 0.442424756897885 0.116373188546084 0.126082633863923 0.50031565814476 0.135253056333399
"cg19736900" 0.505659736733976 0.707654473958372 0.151588028752613 0.142104057930704 0.0969938550537163 0.597677897402009 0.091914777819904
"cg09324018" 0.79004140982383 0.794182622013357 0.423311733542263 0.132392225152723 0.0920316527373196 0.804790545100668 0.0927809727980033
"cg01447281" 0.0756710720713426 0.572106068467238 0.0747057169045658 0.1607197041284 0.0631578976970554 0.221071033891388 0.0538764843505005
"cg11147278" 0.395558354070437 0.699127628694182 0.393549406293586 0.251946353863833 0.0502114491416686 0.553605403002631 0.0505366493477849
"cg06630241" 0.625132061299104 0.755948436855149 0.0648282954206686 0.153277673642018 0.132770471853824 0.684629980967627 0.123627419878407
"cg17087974" 0.548435163918347 0.729186265220402 0.260053276470919 0.136938548407665 0.0721808314646908 0.765372684599157 0.0630352646627206
"cg05608790" 0.4514959752323 0.754884298001087 0.133452229938077 0.201421788581698 0.129907694775318 0.669112228091024 0.213968145411632
"cg08545593" 0.837015898181655 0.817938505349761 0.481050621452381 0.196676534866929 0.0605622293869635 0.88948133306021 0.0538185812198482
"cg01088404" 0.466716992274993 0.715949591842578 0.10711290967099 0.196819973878286 0.0579005995892709 0.766062255544861 0.0525512131129698
"cg03677056" 0.741832159438905 0.810735794093733 0.0700495114461039 0.226603890574912 0.107655998141909 0.859177747462306 0.115229951836505
"cg04887172" 0.463137590857607 0.692779147809316 0.0370622013152805 0.139974228508511 0.0707581341250552 0.58834936345754 0.0674989858494046
"cg25887844" 0.179647764845852 0.713554432228719 0.283531221732296 0.417234233311567 0.170160589412653 0.283321889572379 0.0984355543497859
"cg21232161" 0.392232731771155 0.746729764732738 0.450284959139094 0.167865073763949 0.185223526294527 0.620736410730297 0.0830587621055867
"cg09704136" 0.726581259319403 0.766260422322218 0.0857818598073833 0.127648894645191 0.0491492394526389 0.801121824848844 0.045878941184237
"cg20049422" 0.828856211958324 0.836566807621389 0.286983010791007 0.203103395999687 0.0579249184886192 0.871884875689779 0.116143361736907
"cg24728803" 0.541669811094092 0.743727446147427 0.0562628324932447 0.151056784829225 0.08648486918547 0.729027927248598 0.0732228989856588
"cg24315421" 0.317083590993437 0.732654329673366 0.212058683035574 0.435742926122344 0.0576231006581491 0.498579334384374 0.0473825431865092
"cg26348226" 0.264440564217691 0.657208763767794 0.101001709964304 0.108748713043062 0.0651149897457908 0.447322889100272 0.0824584598258077
"cg11173131" 0.360745772570353 0.689815508650345 0.103535562228306 0.164354912570766 0.0511980279701673 0.579659052162616 0.0441160024115155
"cg22897715" 0.190908741178545 0.60829947494728 0.0337122578859505 0.138820165433191 0.0427394083271347 0.176781910010335 0.0395935143575131
"cg27218978" 0.466277395080671 0.796210321136518 0.478527708252845 0.204345693768866 0.207349623870473 0.684874199923372 0.0807264506730955
"cg07675477" 0.184812727057254 0.706568564841241 0.1078343354872 0.260542190855782 0.165880169550371 0.28673378317626 0.167752352135839
"cg26971042" 0.0880683268086104 0.623336320608242 0.0644145519821545 0.0915963567579896 0.106028393891336 0.177119497197116 0.122627745864313
"cg07687131" 0.457761691154922 0.712511246852322 0.0484752785463185 0.119102785999611 0.0575816625516209 0.528324327793451 0.0554627326284108
"cg13404688" 0.485246070701442 0.797764731128007 0.33019787636526 0.228887209924799 0.0690314467091221 0.761157081437318 0.098356558465443
"cg09001226" 0.325877705055544 0.751550473211358 0.608446976079437 0.242938200967017 0.0653031186588079 0.372671605147921 0.0639435787387271
"cg04179740" 0.0857188726963407 0.684057567359768 0.447963745528035 0.228326111838833 0.055464715621673 0.285550378165237 0.0505095469177319
"cg07381806" 0.153697469057803 0.746606624921041 0.51692062982758 0.102563644456162 0.0832048374208049 0.425824264985891 0.29012737726304
"cg12273325" 0.151406551982419 0.684715316173736 0.157952291051063 0.106759177993665 0.0483730620805263 0.361754182852238 0.127175923591188
"cg11358405" 0.332901382894559 0.71624482885299 0.0939020846094392 0.117922753596263 0.0350549308698042 0.505740884524446 0.0313974785569615
"cg18881723" 0.0589813791447289 0.671378287292514 0.136069998576479 0.115787994734589 0.0588958423284141 0.221145962687753 0.0760418698035992
"cg06117093" 0.148474475579833 0.754858725955249 0.62903708232255 0.193955986628015 0.0621371302288259 0.381601037769722 0.0718835765632538
"cg17766305" 0.286661145889688 0.815904587813542 0.118148530584047 0.153733083598737 0.0530097756227292 0.551782004079784 0.0837995953178039
"cg06768361" 0.958816409375033 0.92791455830267 0.116852329613265 0.954276841562411 0.884247999402569 0.955333731792375 0.926575262900282
"cg18168751" 0.975654592395757 0.980304033962861 0.178625843720926 0.979143689054338 0.978395749499155 0.974920335021292 0.977575840995076
"cg17052552" 0.910396851886259 0.897657152488213 0.115838061593849 0.910143913324683 0.919632160003624 0.913322934196339 0.910813152670251
"cg14203426" 0.967439236702589 0.963065176633877 0.166911522910501 0.967645480740517 0.942162834853786 0.956268505005926 0.908174924257537
"cg15974642" 0.908124844285405 0.902825315172509 0.121190446150045 0.90685599998592 0.909579575241784 0.910655746038903 0.890885817668569
"cg22353369" 0.868857371153523 0.914296494139989 0.126317046574766 0.908546439492638 0.901157633118609 0.908402468511078 0.895011699305783
"cg11926444" 0.956614906962686 0.953364059369659 0.195752769810323 0.95345612784384 0.955328359945484 0.960233052994679 0.953584340516524
"cg20151221" 0.915080810211574 0.919054509757936 0.17424892881924 0.935476230373462 0.94334499685844 0.938693782854606 0.938106094186329
"cg21768884" 0.958704092044143 0.957605625602254 0.203388919361048 0.954266554609702 0.95686099073467 0.955265692956722 0.945728123464198
"cg09710521" 0.902528642384988 0.9131371579093 0.161802538974831 0.91412494223804 0.911241399384362 0.923878796553141 0.906716750437858
"cg13995599" 0.967839623649531 0.965237091179325 0.2201535032861 0.96855501987903 0.96972946546099 0.974765589999026 0.97097110265466
"cg00344445" 0.959543856091967 0.941272768538237 0.102295689618287 0.952549961479406 0.834058293049004 0.964603127685268 0.502285686359068
"cg11759194" 0.890069076670941 0.893454113331686 0.143660860268 0.892497346366364 0.901631234113863 0.88848346182557 0.877616901157224
"cg12099546" 0.888811560017786 0.898974757618701 0.149061501059561 0.894142437304441 0.891866927155952 0.893793500160691 0.89351920824726
"cg26504110" 0.961850101723821 0.977655602025766 0.223500006302231 0.941371090230175 0.973353598741435 0.947893046480815 0.974689611488278
"cg26811065" 0.828072295126872 0.830694685126486 0.0999036995067338 0.868167090442168 0.867968096790382 0.7813261448879 0.832060487431435
"cg08221288" 0.906412155475579 0.906879547129172 0.169055274798257 0.917247018023965 0.91185787839925 0.913500505717533 0.903097666363331
"cg17528559" 0.902804409829793 0.895279593692858 0.159210075502205 0.896015943388647 0.90505313833051 0.904637882916977 0.896247808126069
"cg10594510" 0.96468352204007 0.92646485627475 0.215012974676237 0.963606061965702 0.969905468796098 0.95552412955805 0.954390258584366
"cg04120520" 0.888300679956901 0.879560475356355 0.133429823754286 0.885945086388883 0.86998845900462 0.893014597174868 0.834110139696793
"cg25471557" 0.914480704068296 0.906768407735658 0.167540435595785 0.905207764928826 0.906518939545782 0.911466486409539 0.901343461345878
"cg26103369" 0.902951646109052 0.901294658935658 0.160648087108507 0.892959473021184 0.907228112423102 0.912231992274645 0.878791360459936
"cg04643690" 0.905938872081546 0.90379240998726 0.15994848638574 0.905706971662075 0.891400536389398 0.90989438406379 0.870446261578857
"cg03445653" 0.91758971631654 0.872995479641068 0.175728289128936 0.926691817321699 0.914666217906037 0.920861866440192 0.921994691530089
"cg07232003" 0.926461204930227 0.923218846995317 0.192139667782798 0.929020071057976 0.926124085582167 0.933618574707799 0.915916706952067
"cg02814691" 0.89376076195246 0.891132840123895 0.164819840572891 0.89962791622979 0.903718821877447 0.895411980511869 0.898486730731963
"cg23044178" 0.903393316482552 0.83821841831394 0.134272507548255 0.879860526192797 0.879269868839848 0.906161724414869 0.806797637130463
"cg27024200" 0.921168747213915 0.926412018065454 0.194621696906382 0.924534438402012 0.923308105585296 0.930004230435495 0.924784183013484
"cg07790778" 0.853483283651862 0.847159474298267 0.121582070109981 0.853202551808529 0.847801839834208 0.871033892743947 0.846540028854603
"cg08223760" 0.885644120311146 0.868312800217635 0.150726815559984 0.896815804098777 0.883292987265903 0.894692282937715 0.858988083584482
"cg12973904" 0.865288100676675 0.865404070102316 0.144831791017612 0.891807257937371 0.882630039012648 0.848572493575794 0.874788633985033
"cg05686445" 0.913260025851308 0.910158253742041 0.182919160463964 0.916395565261174 0.908820778652368 0.913143445347384 0.909991230987372
"cg08330031" 0.87538778193978 0.876396259644793 0.144002823001704 0.882620197817709 0.8719496627959 0.887995234814645 0.84793237487678
"cg13863638" 0.891128949868338 0.890445342194206 0.160433365442308 0.895352289390015 0.889300406957991 0.894363335591287 0.872075618275526
"cg21201206" 0.890759078110055 0.874562291231694 0.160139351796815 0.891481367388684 0.893331018229903 0.911665831595888 0.877281775628836
"cg00529757" 0.89291280672496 0.892475492743592 0.164810163924163 0.892828119303769 0.893959965956193 0.895136710851279 0.884952352231293
"cg22897659" 0.915299334009216 0.914769629816828 0.187711883789372 0.910774091478674 0.912022735012583 0.919333956684491 0.917408122672764
"cg04780984" 0.904984210557946 0.917124694980179 0.179479261122793 0.918465384351797 0.901421962473667 0.91013318382677 0.880721800206044
"cg09846625" 0.901461115547542 0.897442964703176 0.176019091228168 0.906391798213469 0.905115029172958 0.907480828939048 0.893795762775087
"cg22934200" 0.910237573340552 0.906644306156048 0.179549852765904 0.919852698410952 0.871094389398035 0.926460481757273 0.9094373860636
"cg16666745" 0.88865180081752 0.905345353267835 0.176166296372201 0.898883999406568 0.90943515298453 0.884274956475209 0.90516488878756
"cg14783123" 0.832548308960713 0.871871164028441 0.14756362402891 0.890399760954355 0.894802134856543 0.889734077189019 0.85495968914194
"cg26348616" 0.916953476701154 0.919768904564356 0.197626672186073 0.924024073640178 0.923413187100207 0.923022146225445 0.92457462707453
"cg17687789" 0.874916810180474 0.899353254448463 0.164739640908989 0.894606951549447 0.901045299652024 0.829576657234372 0.898045943677536
"cg24390871" 0.895673367612538 0.89511665742601 0.175633838378113 0.901874445445208 0.903614948823507 0.908367553879897 0.893094088847411
"cg24847366" 0.964935282882937 0.959764622439397 0.21523652633247 0.953396765882855 0.919427861255291 0.96421442065452 0.878105339677868
"cg16277229" 0.872185199370793 0.897684699388211 0.172422926240874 0.909554142746204 0.897910237260309 0.897508847144709 0.8880595937829
"cg04228042" 0.902284710582839 0.891963017422647 0.181131073319741 0.907549707643822 0.906865223498485 0.91150119734775 0.900957837700189
"cg10196412" 0.907613431147179 0.904517955952846 0.183442312330768 0.901289418403533 0.906728575744057 0.91419385991887 0.896615898551308
"cg03907313" 0.910511281149794 0.91492604038231 0.188901310909354 0.910509967735549 0.903855297711225 0.91678317801478 0.899649724736241
"cg15599437" 0.0987885570893725 0.0542557013808576 0.474704172529392 0.0768201900997531 0.172522030830735 0.111385916870357 0.0924368842828882
"cg15507690" 0.0333641101742077 0.0367722278476562 0.451893099856915 0.262722597312519 0.031436362248802 0.0363721537098423 0.0288808606751443
"cg27627006" 0.304904652461988 0.100039585975539 0.545837664094096 0.150171220189229 0.0917887805021196 0.184365542136937 0.201031096980669
"cg26689077" 0.177470131496822 0.0885700330369353 0.580705698036457 0.310195671837538 0.0990482154781589 0.0763982402170148 0.417533085763966
"cg07474957" 0.0291591023407307 0.0290975760853965 0.411333727474136 0.0304270882685503 0.0285674909973156 0.0323860877216218 0.0301787987499764
"cg17607231" 0.322961109969988 0.19557367845966 0.609741059216855 0.107396902251634 0.15349976718997 0.36504547928012 0.294656683089874
"cg16505233" 0.0383622083404944 0.0637936980784609 0.438450139354332 0.0424599799681309 0.0417079549514959 0.0458987489616544 0.0661774102858678
"cg03638781" 0.123357263109235 0.0595618133879781 0.478395756227177 0.106235092727816 0.0810545228628489 0.0807637952336701 0.0917501864869497
"cg20660269" 0.0330731421231525 0.0732884684227093 0.464229354355422 0.0381076529783659 0.190713028764127 0.0334638607146727 0.0387116734780279
"cg08767044" 0.221830189259281 0.206992605514486 0.504004247943493 0.0491561715642647 0.0417429578127543 0.152763722404026 0.0353870968429202
"cg19918549" 0.0483611955094582 0.0474220149413766 0.469008915760678 0.0487526409834897 0.0778245022967818 0.0505226935381609 0.172334259601879
"cg22184990" 0.132955039009014 0.0456024063295484 0.469791355959697 0.118963955119601 0.0552087566682183 0.0695595531702425 0.0466312799101358
"cg17707057" 0.0778971706775079 0.0688254340641755 0.487226126966229 0.163124700860139 0.0804507067604415 0.0662516127015148 0.0468910763278548
"cg00092400" 0.161878015565813 0.0800194703794586 0.532146004369559 0.277052692238465 0.0551445154719307 0.140393554354351 0.0739782406182915
"cg18051527" 0.291829747742139 0.0708202410383608 0.621369733580552 0.376886980544101 0.295264262972971 0.151206789254159 0.0872420761955942
"cg09977703" 0.0407691331064219 0.0435828165741168 0.545324786790409 0.302030653419886 0.18046140165997 0.0342923152326842 0.165911301468385
"cg04987734" 0.179446763945866 0.187261859757933 0.59721074348901 0.0666892871334058 0.166006649510241 0.263771178462542 0.282909029217436
"cg05614346" 0.0754241467046349 0.074056272602408 0.494026757711432 0.110267314682841 0.0663891667787484 0.0738347891149675 0.0691603248740669
"cg27540367" 0.181530795646035 0.0992069890795123 0.565761339642006 0.374222494301309 0.0591526763560289 0.12791891932884 0.0518516564406939
"cg03466198" 0.211743587170164 0.138381445770848 0.547855055880279 0.265250576387975 0.0253117499645253 0.111646680491063 0.0239214586055627
"cg09742465" 0.181694486535199 0.0492094933122993 0.502223314075971 0.0506633774665391 0.0492834513742127 0.0967066222204812 0.0498240366452247
"cg13152952" 0.132515475974378 0.0390666934806031 0.488848118270235 0.0394156033530682 0.0311440061758471 0.109568976287303 0.0324430833630512
"cg08574423" 0.032217159301517 0.105754734342295 0.497927707959315 0.0344792339675158 0.0521011439894542 0.0395034668145406 0.0954325821992601
"cg04466898" 0.0735525945769792 0.0579492152101566 0.497646575956245 0.0594462741195492 0.0572324345320033 0.0664431298418029 0.059575545368319
"cg11958644" 0.166225967935226 0.263218560496165 0.567872924085458 0.0493925656508865 0.0361880923848266 0.333802372209332 0.0417254187492018
"cg00360761" 0.340557757161455 0.0703709538471649 0.638984323079581 0.290033783468946 0.149837086188138 0.228744171737862 0.135326324466852
"cg13639901" 0.131404988258857 0.109465401418799 0.572985765369962 0.191571327604903 0.0975326732770211 0.103707726699494 0.116119408222634
"cg09458566" 0.239675860444759 0.105306450167863 0.591336996213654 0.187745241615593 0.071735020711587 0.290995043960754 0.0599791989006172
"cg05596756" 0.0387708369895027 0.0526930380519308 0.509836755383452 0.0842797905719771 0.0443498629224409 0.0407840054748347 0.0870812871395387
"cg03094728" 0.165019307982433 0.103603651440551 0.61270541284496 0.29954168616876 0.123914573758585 0.136615492153957 0.112599994872002
"cg27485596" 0.135265062168523 0.0993930303009646 0.655910725437969 0.173299203110364 0.229790375924211 0.32318241481389 0.280459093531639
"cg08317738" 0.218588259075624 0.112120215800833 0.630571791837296 0.123891455852325 0.12296494309819 0.408020343126036 0.166920026388795
"cg06637812" 0.0903724174971589 0.282262677577181 0.615224324299003 0.134349256428323 0.0989245097872159 0.0925306822080274 0.103469216624287
"cg13415831" 0.102927021263542 0.0471854595681929 0.578154876414081 0.282392809316976 0.0459037300281877 0.0765108153194566 0.0412252144206166
"cg08098128" 0.0451028410206645 0.0650121934275225 0.543707033046419 0.118891128152972 0.0566244368835366 0.0419058381698302 0.0386191024914537
"cg20472746" 0.0645134629813754 0.0813757879731293 0.601536357639408 0.215485800199988 0.0830904083448464 0.07306155422273 0.189592770093438
"cg03422583" 0.120945427323726 0.222522554147732 0.593365118100902 0.047074490586627 0.0384196682616066 0.214542486247525 0.0380637557595607
"cg07884764" 0.0909408509647256 0.0640619409909503 0.603448449185659 0.0731979803034521 0.186199918720156 0.0675344218984312 0.149560943374303
"cg25598890" 0.301926244127531 0.0449133432476223 0.590102930490378 0.0839215542785478 0.0378973638851943 0.0683395776758809 0.0434682447386956
"cg04960065" 0.107879936639369 0.0852638514772346 0.565202140909327 0.0474637974403731 0.0423193568118638 0.0990442052337085 0.0472588521468072
"cg03636488" 0.0978463784373299 0.177302960796325 0.634358310385465 0.0789163502279398 0.108523577671028 0.191885615275514 0.154624417741259
"cg13408344" 0.10759169185882 0.11443337571741 0.684379752367523 0.131701448832077 0.190480487629429 0.11717736910187 0.333481924917329
"cg15153141" 0.36368186992381 0.0840123096080026 0.643669437641632 0.0429125955167486 0.0380072986976805 0.252063139725275 0.0686695440225648
"cg23966363" 0.0871827700585865 0.055452696039429 0.6010465518353 0.0945592257629249 0.0825282399535426 0.0716294002591743 0.060394914091061
"cg15752436" 0.0488206391375642 0.0512109766899273 0.594455388578324 0.0523315925029728 0.0646439656681506 0.0536164337223644 0.11864648576394
"cg13810673" 0.0407758681628472 0.0400554669771382 0.650620628288222 0.376740364296627 0.046151704795083 0.0413669417795516 0.0888152754559567
"cg10768932" 0.0499019074420121 0.0633035053212617 0.676700038719804 0.050830260688014 0.419792616782449 0.0428148674591361 0.0541605687139088
"cg02003183" 0.107363652250628 0.0884922319032822 0.649988594174315 0.0329318913498769 0.0735551939063515 0.165348337695403 0.160310487331498
"cg20979153" 0.0582869140512928 0.084679138833489 0.749709756526968 0.533606584094842 0.0424606104008041 0.0450141586085713 0.0539198115739917
"cg01722297" 0.108603402415778 0.162692189186907 0.788458203045191 0.261469438554236 0.103231869221947 0.130671816366891 0.0986618204951197
"cg27106643" 0.91752653640475 0.921424307399363 0.809653448388837 0.133641929577909 0.935382798252561 0.930244980926508 0.940277958712533
"cg25131632" 0.935372068386416 0.93926145732391 0.741460301638663 0.16674194870362 0.953787243183155 0.922776523478976 0.945207442090016
"cg17768768" 0.961640766769547 0.957723391631176 0.865277227961497 0.199503274598069 0.961333845180772 0.963195134323732 0.961139222070415
"cg13738327" 0.954601341079508 0.943934383111456 0.842690007652488 0.199256378586341 0.967231851018062 0.940931324054147 0.969887936686303
"cg19276014" 0.957725623183287 0.95719950795198 0.897569368593696 0.211492294821742 0.962754815396646 0.952847037602316 0.960949715828315
"cg11661493" 0.879246482691976 0.876662089293924 0.859570452207254 0.136884215722603 0.870181928353599 0.886372084858041 0.874052547259246
"cg01024458" 0.856276414616018 0.876607573798492 0.776594963768567 0.149919020819695 0.917546135418076 0.873806807403159 0.925091080525002
"cg17995557" 0.862606155660374 0.779961569837793 0.827624896870938 0.124317242977392 0.876993614332771 0.860194605915247 0.864824052406467
"cg25683989" 0.886659980018771 0.862208128026354 0.62296418578277 0.154568694067508 0.885632525981012 0.90196758081519 0.878545013915056
"cg15348679" 0.901435685030458 0.945301581182018 0.723736475931819 0.193502755243817 0.890793747987137 0.958191820920167 0.904489853830685
"cg03860768" 0.847478281513373 0.846427940264267 0.593648354426363 0.135014105998047 0.880828536481653 0.829922448775246 0.863905114745231
"cg01598421" 0.959565781605918 0.946911535775173 0.744672856315511 0.239267436035335 0.962725998448167 0.959893462206813 0.963683448208088
"cg02212339" 0.931771784669676 0.93806327689629 0.759702332873727 0.227268168142198 0.952473971184777 0.945203069073003 0.953076630852155
"cg26318872" 0.888682400312649 0.892969715278347 0.800015900464052 0.180261121541052 0.891790143076273 0.897681051089246 0.890292549586499
"cg15532942" 0.85630869526461 0.841494249834252 0.642447424490198 0.147386335973971 0.882191449678485 0.850549996004793 0.873124392217318
"cg14936008" 0.907483756595912 0.900037787490147 0.70353031125407 0.189400014724818 0.896504405687615 0.912755060357144 0.903090336285569
"cg14066207" 0.847671658008138 0.900497246431113 0.735416280711479 0.189481740088743 0.941248837097401 0.822372952493026 0.93564267321336
"cg20602300" 0.895815204468757 0.895113784407883 0.855348833059249 0.193927414824387 0.901225032222481 0.903234684052098 0.898358699711489
"cg22212560" 0.911214400306259 0.881193511856068 0.818202163376462 0.134787693885756 0.679601764712404 0.921292988641785 0.861255391380694
"cg22826986" 0.82438890016263 0.805301347778763 0.50921176731877 0.119365569741737 0.878176275815461 0.795119927175331 0.840607974783007
"cg21596498" 0.855075912810362 0.859880826045916 0.671923989308701 0.165070849891624 0.887395455486487 0.900585829255088 0.874239178500317
"cg12604490" 0.852915695541813 0.835995402673558 0.630780700654297 0.146197208545744 0.858602237068044 0.882291165229325 0.854269127470572
"cg17679619" 0.852353617761127 0.863674706411619 0.687901133496034 0.156555733988406 0.872294527097994 0.856503716531884 0.852073002464231
"cg04828493" 0.952729691702875 0.729551456682512 0.941383233865122 0.185759051260536 0.867251514467263 0.947229972002679 0.960983501942018
"cg09469986" 0.865869189029887 0.843824935876144 0.519555522571849 0.156687085185237 0.879172116537291 0.849575108887755 0.890478612776009
"cg16085171" 0.857805113435454 0.884908803429768 0.698245528444504 0.181842603019864 0.884943138205363 0.893034289985421 0.891425516786492
"cg15035590" 0.894296533388086 0.892442846568095 0.75185217152337 0.200322275009202 0.897755477094187 0.915196623507363 0.892521797757126
"cg21248060" 0.93466873619653 0.771316740740874 0.810727850222636 0.203656897404861 0.941889206359539 0.92489188789388 0.942687687372653
"cg23683962" 0.904949566084451 0.881416254170337 0.833569611082451 0.207864799405126 0.905921409148914 0.901764862104908 0.903258189180479
"cg07558704" 0.948166993615413 0.942652917348417 0.891596886835913 0.255740592972168 0.945491468414369 0.952331466888087 0.944263880220884
"cg07721872" 0.786343919175772 0.851653198712371 0.849485347947652 0.182084398869807 0.91739316012252 0.867859107311684 0.911646725196472
"cg15241519" 0.914478215307397 0.863806033922754 0.78370585297501 0.201772520827447 0.872594317348839 0.900542055630532 0.927296698082868
"cg00760938" 0.86103157485239 0.818025180517263 0.610751622081685 0.154391702072945 0.870550888440837 0.863891330869288 0.853056471418922
"cg15235922" 0.832242086551443 0.875647283044265 0.654430145048361 0.149538940996616 0.854342529813004 0.802930424575849 0.823593808801618
"cg11774624" 0.938231126156341 0.929449945597035 0.908079343089717 0.253155815340332 0.951886847478663 0.930482465190925 0.942668375039275
"cg13356455" 0.870849440869939 0.828943666226282 0.661305089267908 0.166182691698249 0.880563241741164 0.848421009262263 0.869879032447778
"cg18250453" 0.885638542907214 0.798578318071281 0.847735690883053 0.184685963387677 0.89790761192746 0.889542733360096 0.899307848007412
"cg26810157" 0.864756405343764 0.789129350998696 0.785517030494938 0.154935275356118 0.856041358377717 0.877717347284719 0.850655313122766
"cg22381248" 0.863740127646265 0.834476518405618 0.593131871744082 0.152461176759245 0.822891764570739 0.857953277428081 0.864345499423402
"cg26552743" 0.885771411113277 0.854143754937571 0.615741911397535 0.17349521022948 0.859160410480824 0.887096379045358 0.855371648546394
"cg13823257" 0.868452557086725 0.845605954845612 0.758206767146322 0.179155307196955 0.865496788701948 0.88682548570406 0.867680392059762
"cg26692003" 0.964432885957556 0.947799847311598 0.927934140957842 0.278912173681307 0.96003891497737 0.963812207508525 0.967841822973564
"cg16654610" 0.857480989798716 0.87151921567207 0.688517128941173 0.177772152848612 0.874642376129507 0.854556207870791 0.859436887944522
"cg03402235" 0.887450151149724 0.877531059574752 0.764195820513012 0.188931900540472 0.867512107996213 0.904803857356371 0.845907875662349
"cg01868869" 0.889299705732458 0.890427312787928 0.693862659716451 0.204887086852775 0.894601701009507 0.895262397048126 0.887663915165363
"cg07435215" 0.877249663221868 0.864876123999185 0.740071600810179 0.179665242572699 0.875889366466033 0.885325240206169 0.816818497331086
"cg07698804" 0.485664448280486 0.779612107274934 0.888774627220832 0.0991919524853483 0.872495539254595 0.698175922868174 0.93587012702226
"cg19931733" 0.871165405533305 0.864148023815119 0.844089367221949 0.180805480611427 0.834214808163245 0.889373314721588 0.846191938202134
"cg07145038" 0.879242725778991 0.8659260434968 0.567926159732493 0.186271367805037 0.888499759664488 0.873549025525233 0.867886020954942
"cg04947949" 0.88602931890796 0.8787564198984 0.760611215008474 0.206572101957221 0.889749334510602 0.907872371530031 0.884793007567628
"cg23433370" 0.579703891341199 0.100628109786028 0.739153900213078 0.708936445400763 0.0588205031770442 0.3948213274475 0.0294470898748579
"cg20450123" 0.247220372364125 0.108568731149189 0.5132727915899 0.660448689820717 0.188019409912532 0.225042133484989 0.069707355693724
"cg07093324" 0.202932211876997 0.459653436994397 0.713993917173547 0.732699736212896 0.113486435273751 0.262010507693993 0.0632429727293009
"cg26954174" 0.556465539608972 0.187873866781272 0.0596030039154119 0.715775254771491 0.0629942550929093 0.507182185778112 0.0535140296191994
"cg20317872" 0.0761875702652941 0.10778402591873 0.725725446676793 0.788721628694255 0.367496833449194 0.065400715430025 0.656084467581617
"cg07725527" 0.112008977701571 0.120390950364063 0.669443409025922 0.64369256020662 0.151011573588457 0.124828429427103 0.118803585464153
"cg00359365" 0.666101227672923 0.104542640828986 0.0691048737466956 0.730477807753011 0.0861091973666091 0.452014938225083 0.0960218855059214
"cg07091500" 0.19925003293469 0.539439684232998 0.247228568006656 0.754562030788144 0.0975273984492543 0.431207642660175 0.0951485033686699
"cg03798942" 0.103916077429171 0.0843763810236388 0.318942351809246 0.716673577870536 0.55082535313766 0.149625671646612 0.105165016994558
"cg26366091" 0.233501891534748 0.130413737336756 0.482014633392869 0.642403052023889 0.0431159763960913 0.283116905231071 0.0514839438322016
"cg10057264" 0.0778586961033477 0.324261789455792 0.18055904887622 0.69590131597691 0.190954501272745 0.270242772816666 0.133973539092109
"cg20236089" 0.157385408787826 0.0668170135263969 0.0815067118623309 0.622452029428364 0.0788168459893702 0.106476858061814 0.213106982088922
"cg00874051" 0.567626825269678 0.381921532475097 0.53999574447427 0.815363848605047 0.107224288921512 0.566163162087695 0.0513857700789847
"cg08698943" 0.234595215155719 0.319340013365812 0.549010114638346 0.784693471192453 0.105063520136589 0.380938200522044 0.371225415727727
"cg27507284" 0.385148071561833 0.112653766443376 0.60215292091156 0.693097795535298 0.0704659076771633 0.341286581665419 0.0610622021664334
"cg09335715" 0.551439208074303 0.164998947206445 0.120870822031487 0.747984749601966 0.0716058838426785 0.686266606928808 0.0583718768682992
"cg02779913" 0.387976900578947 0.198777849469128 0.385227481631038 0.693440429798208 0.0401978909469144 0.322514198530823 0.035382307348185
"cg20380468" 0.063646069717044 0.51217117198312 0.615841300855625 0.828014855722622 0.468804419627817 0.0895638832711261 0.188270203988299
"cg09076077" 0.488919171173291 0.0856591601068321 0.52141816278354 0.732730605522017 0.0829896658957187 0.51127790464102 0.0844868934721146
"cg02492279" 0.395821037575523 0.0623313542320117 0.0588669498270041 0.661760078840021 0.0427147612133879 0.407598666533991 0.0382751470812035
"cg14574996" 0.529591820418586 0.185484143193243 0.640536416295689 0.787151031151988 0.0971770552740976 0.542301466033924 0.128734151378703
"cg21291385" 0.13070247171331 0.13353792893361 0.679427459760596 0.724319070322631 0.381889665706469 0.147075765654602 0.091420057218905
"cg25983531" 0.518013299031523 0.152208523898331 0.528900845370533 0.768444536934759 0.114761067541294 0.501935636862413 0.101963230349888
"cg02734358" 0.33706387870608 0.074256333114328 0.454906938796751 0.765228379956103 0.0538175922737476 0.293115675037127 0.528685614090824
"cg09849688" 0.248248290343416 0.18923873458495 0.483601639207655 0.675968975739221 0.0620933632774982 0.184968924220983 0.0569940724577486
"cg00902153" 0.135758197265266 0.676258398089732 0.452118159709183 0.770748064483982 0.0583773969741844 0.136419887562288 0.0864254867357328
"cg25616055" 0.0605900572962487 0.088965408352187 0.390735950963094 0.611650528775021 0.089751859621735 0.0946531752756242 0.040655182765388
"cg15361750" 0.645454597274915 0.203464837263971 0.0909270438467949 0.799474634382601 0.103027436147913 0.634850030786516 0.0783273086377188
"cg03889263" 0.102667838033734 0.599854447927024 0.203835354002743 0.753854563780805 0.0694168628688683 0.285638110643862 0.0667323061506018
"cg01054402" 0.101161959736958 0.522138783121315 0.386542047538338 0.781671511988712 0.263825286977004 0.151693149101055 0.0731523457677133
"cg17950348" 0.566777158674352 0.0764258085393 0.556839827335168 0.757695754817862 0.0720410645276682 0.497797380658336 0.0500186807578074
"cg00058449" 0.431239392242706 0.0693435362626315 0.655781899956328 0.793426844458052 0.291523433613633 0.214643938938546 0.216274816014219
"cg19268695" 0.0802642274709081 0.0851931339759597 0.601838351717925 0.763555956138957 0.157333876200802 0.074183015281929 0.612657667483427
"cg00619207" 0.0844734510727505 0.0900895653740151 0.539590225502406 0.734972752498891 0.129651879718183 0.0773795840837005 0.489495662133858
"cg08682625" 0.179619196791142 0.358624905739752 0.541924803752535 0.745329115381881 0.083182943891211 0.275780747343891 0.0691467831987519
"cg25518868" 0.0847095275064459 0.159660102311402 0.74002210433742 0.660667929060107 0.0563834817330865 0.0790241357149758 0.0458605068919752
"cg21278103" 0.430977825967516 0.43880366370756 0.10011134564383 0.830430673537664 0.124311413869528 0.543597280504835 0.0824386905730565
"cg15906007" 0.0899353731188374 0.0845938569638688 0.119652413538984 0.697928637408952 0.273800901825981 0.0770871915164439 0.107746858675874
"cg07635227" 0.12856804153333 0.407387407854133 0.534525984813479 0.75133365056158 0.0316690078099082 0.117995149321503 0.0284514950816328
"cg08560387" 0.0685818504297205 0.0478377718768787 0.322061915586972 0.645826240649641 0.0434125720283033 0.0488284951483628 0.037622501167717
"cg09300089" 0.380057283051458 0.0759052428393739 0.597627220761353 0.749990278058887 0.062381236005574 0.214468290533993 0.0507307571852834
"cg19269039" 0.0594969398306833 0.0764305985798194 0.662439203930488 0.765343238409111 0.141682660152568 0.0536050290235927 0.386439818491325
"cg01156249" 0.274226491296719 0.60046685631453 0.704025507234539 0.861113293221114 0.0523084953388229 0.206461807371204 0.0425129001855406
"cg23357708" 0.162943732708431 0.135001445019165 0.402567462167836 0.726442921088656 0.0606313407835375 0.233522005801259 0.0568910855081755
"cg14317609" 0.0750829784331803 0.0542935860756317 0.0420908297884071 0.676493537669683 0.0507806626864766 0.123029397095973 0.0509858385846588
"cg25336765" 0.37829622564262 0.108557647630463 0.540162052744059 0.802550560045069 0.0727596708598852 0.362302939354989 0.0644881307326592
"cg08864105" 0.118471056892894 0.11602960933766 0.489096773232652 0.746317646494992 0.0737889608464191 0.118403122206335 0.0751120728673176
"cg02606840" 0.0480298689218256 0.0533366851894997 0.541174919037721 0.74494254865362 0.147302335626475 0.0435504633034154 0.0444862217007863
"cg03429643" 0.0615060424276321 0.0590200649078704 0.376475055259413 0.744426741608309 0.0606048644446997 0.0520929111361177 0.0463227761122955
"cg17266282" 0.101847888759244 0.176247887789624 0.80993990394754 0.857513374588508 0.113568010631762 0.173063597316937 0.107496554975714
"cg26872907" 0.928765485376301 0.884276299327899 0.846489775803196 0.922979518116502 0.0782330806571446 0.948251415281524 0.941205375410499
"cg23244761" 0.964952598759582 0.918699878821511 0.906526202137943 0.944330300663057 0.128696558526081 0.972458225433904 0.963471270479018
"cg05923857" 0.840916117400873 0.898654301029622 0.866880240456264 0.903942066684126 0.0949885476258635 0.927930853511079 0.838308409944909
"cg10480329" 0.908563665810198 0.884536944268737 0.903992507410407 0.892555583361666 0.110284670359846 0.916085516720052 0.843813837643434
"cg12655112" 0.899554890602965 0.906568680439708 0.728356948738549 0.880402345694103 0.10138273963132 0.948067058616013 0.752408004459161
"cg24788483" 0.886916312020559 0.909196341477418 0.835661703095539 0.916204691445096 0.15099993538555 0.95722894199942 0.893677105794778
"cg20610950" 0.896792864101693 0.878505589153382 0.875083380371638 0.895052938061231 0.0867274992726911 0.921430415640885 0.575635565197498
"cg16636767" 0.896940727915176 0.862732468732828 0.84327278750596 0.866840811422388 0.144215644837615 0.902224160718908 0.879730314894653
"cg12422199" 0.86353825873033 0.786032219620369 0.783405285850103 0.728547833324211 0.0830990179592701 0.858035813314591 0.860949939918845
"cg18990407" 0.934458088622022 0.910475129633747 0.802072762943518 0.842144508562526 0.150248534319356 0.949620708036854 0.794692001880672
"cg18066690" 0.900796781304565 0.882583264810226 0.785303324540144 0.903550242690485 0.169022594917598 0.924904423227102 0.899835237168546
"cg22675702" 0.840090305026543 0.822367457371909 0.843991220235519 0.832428428453554 0.109797734192756 0.870117151115251 0.820627737781113
"cg26538782" 0.878123103789568 0.853961056850998 0.707341546108399 0.817161629755841 0.126383671445819 0.892990173431256 0.833213125572156
"cg03339817" 0.963250980632475 0.940549185512207 0.680727407183113 0.846807518766566 0.207822998876828 0.972774998939018 0.968964802653159
"cg02244028" 0.871910051166128 0.844388403520973 0.661117947818811 0.867707524075007 0.131429997514531 0.896217384887123 0.812374137737754
"cg19835973" 0.906392526371045 0.850446086208626 0.798033020314785 0.906111235338152 0.178482667479497 0.90746309840563 0.915067211777274
"cg01476222" 0.877507890368839 0.814972311512699 0.858387569906307 0.763058669674096 0.122769044415753 0.832949300731306 0.855567965925237
"cg21459713" 0.873978345162458 0.86735023173556 0.862722756042928 0.882231986172704 0.169076892139999 0.88664142566637 0.874692801616521
"cg23146741" 0.836337047575408 0.812404537447698 0.734328344445947 0.799991146947034 0.0943679731878632 0.804388460404869 0.761417227998395
"cg08908131" 0.82905680033198 0.79813822008256 0.583536004941813 0.840086806236088 0.106293084313054 0.807295801413407 0.825200712388105
"cg09322573" 0.870842614310601 0.816241363777955 0.625247167036063 0.827208981799736 0.0831036661230287 0.882956062359552 0.619631846233828
"cg16429499" 0.873889028656684 0.833396371911022 0.658009971410066 0.542871782721324 0.0826452285654165 0.900440824524687 0.860473544506471
"cg11186858" 0.953433906936764 0.902365246694313 0.926841423970712 0.93486951394652 0.143280879807162 0.973085813670794 0.506708911288022
"cg04468741" 0.829410665441928 0.840105769422469 0.808056544403897 0.86222897460108 0.136439958347943 0.880206590017406 0.80037303899233
"cg27366072" 0.877428230205836 0.841297456969914 0.722318168746224 0.825123010992542 0.119008075979628 0.891703517476863 0.7160770146396
"cg10624395" 0.883322458125054 0.869425559472038 0.767599296654743 0.888227816965013 0.181998569217287 0.900923313173173 0.901807205032648
"cg10278149" 0.87613078665567 0.847609294778297 0.579172326850345 0.764021814000993 0.086970909594415 0.872234756215216 0.65440151105783
"cg00288598" 0.728921640884976 0.918395966092825 0.93339048741564 0.937875672502508 0.140284024143346 0.85331144618618 0.699339541199968
"cg06297318" 0.842981989808071 0.826610043305617 0.675852147516317 0.839060175445008 0.132818562790797 0.869409290767844 0.81119877667592
"cg02780988" 0.833259186920851 0.801256751872571 0.562781680766524 0.799171133757206 0.11620667877273 0.851672669781246 0.835443392507987
"cg22259797" 0.833062091389002 0.894794320959808 0.891013720309529 0.912639647186252 0.0929257269596557 0.878158625064816 0.398494245900409
"cg05669832" 0.875641836537029 0.874465528843443 0.8010880744143 0.750249237059193 0.156580951157583 0.913207796924532 0.854488806735267
"cg14109551" 0.882299780339344 0.856756752422273 0.558468315432523 0.873655679179594 0.140358076798614 0.901112852079959 0.722617582574033
"cg10649130" 0.847487482552033 0.864349210498012 0.767355521489989 0.78109988694435 0.110546437163792 0.831249794216541 0.675525681687326
"cg20559385" 0.70198932436188 0.822846541521555 0.667715737257892 0.777590608460287 0.0773706148051137 0.607802519592219 0.82405628459789
"cg00101629" 0.859000282128807 0.858285201973978 0.677680807969455 0.804229434518944 0.142908277988951 0.853817871667521 0.795853340930224
"cg20641531" 0.883088129248815 0.872398099587015 0.823981698879607 0.877215817784269 0.165132854748907 0.903870875686793 0.73276972366196
"cg10499974" 0.873530729672893 0.854524649947531 0.593940103143221 0.838536119432329 0.0818560494517836 0.907784155976776 0.449981308269226
"cg09220326" 0.879590405133385 0.851179405200066 0.740948359456215 0.87390264645916 0.116327663915926 0.882458393717494 0.549459316925696
"cg18835472" 0.829234931281511 0.80607237424146 0.73933472011588 0.805507252205402 0.101783735198202 0.861824444812039 0.650044736610405
"cg07002540" 0.815808815562846 0.776182747920422 0.594635392981115 0.856933794588201 0.105152988398138 0.854388140432751 0.690951675089636
"cg01041239" 0.633371092031477 0.853999963507677 0.823153167419892 0.814308484293972 0.115960723901841 0.768209281195988 0.85008753934285
"cg23144445" 0.874581556019475 0.855345516894355 0.637349342471809 0.816781885467313 0.0917829396690006 0.887423457737659 0.484201562139901
"cg25517015" 0.84446814738393 0.845969329369548 0.730232244689479 0.872724220574117 0.132041686931056 0.842541241152292 0.659056202448844
"cg08694574" 0.891564467145702 0.872479213832345 0.670786724095132 0.890343454031708 0.154154970819968 0.905112092495915 0.652719758326156
"cg07213487" 0.89019903978758 0.817796009733572 0.854552653403709 0.732094889855592 0.168157881879798 0.912037961055184 0.896499039591854
"cg25898577" 0.889097573744994 0.820836708950094 0.735079136023256 0.897138076116402 0.163324852018635 0.902687652661017 0.736117912813453
"cg24954967" 0.846731365935567 0.805675406622589 0.582844476716224 0.673492909505171 0.0885554857903823 0.783764343983006 0.746417840136802
"cg26690127" 0.85253421971362 0.861548634666631 0.679448432827716 0.728416682001466 0.125666404053395 0.899307722495387 0.718335453564036
"cg18770149" 0.825131494153752 0.810798582967189 0.606082716818216 0.850735738953216 0.148722576488911 0.827804116637998 0.842144476973379
"cg23213217" 0.116186069834395 0.502450010987891 0.697196207960313 0.556878817564285 0.804512237934812 0.117333194700765 0.15386329082501
"cg20055861" 0.188101155651798 0.339148428911775 0.579616291520616 0.0980830644862834 0.835750959393563 0.25302336477056 0.84901035163211
"cg26348243" 0.140697335035007 0.570733354274111 0.764604296223174 0.277363957495772 0.939872973899975 0.142877962181444 0.950064087916734
"cg17161520" 0.0998931567839123 0.167273304470648 0.580917831967205 0.0900680662639319 0.753049657368065 0.0714799318143526 0.825922977631919
"cg00517080" 0.509003740815718 0.160888174976242 0.715791610257881 0.0786311068146985 0.86608556339944 0.30443764565682 0.826599814309133
"cg19510565" 0.0888773088762032 0.10868718032372 0.583498897817415 0.250376353282405 0.769276234811745 0.0558114402682442 0.776930145228406
"cg15519096" 0.0821275655460421 0.268709504432302 0.280013709377522 0.438599741482336 0.854540340470949 0.0958142855230715 0.869926074256608
"cg17078393" 0.15182684508631 0.366104740851534 0.668347785037704 0.154048748672182 0.852193495878684 0.110683990901873 0.856944307736516
"cg02505177" 0.233927860490612 0.16161247139432 0.580979280609992 0.0984193594495219 0.788058102916844 0.12920307071882 0.777527118689269
"cg25050392" 0.125567853130696 0.183200613856071 0.672808049818041 0.434586486580414 0.864108687898293 0.130512139541581 0.86168279857223
"cg07706695" 0.0683131367952671 0.106399659876121 0.562053862120464 0.208337955709371 0.756773077033537 0.0513925742052936 0.776407644475148
"cg23007665" 0.0694871048651939 0.092419028385469 0.619797917515717 0.0782977455261049 0.705483913262522 0.0625792885773605 0.641184016197092
"cg21577598" 0.0646243054660441 0.206513613387125 0.655251379274187 0.311294933461089 0.819195490813894 0.0615044053702758 0.818487841904639
"cg21201401" 0.0718355489381022 0.0983781932425321 0.141178462578256 0.189757580594527 0.741186251581243 0.0419955321263489 0.807300488893626
"cg27027055" 0.106974007322431 0.189128738298879 0.681501056135044 0.453111689124083 0.865368733614311 0.0774705463075663 0.855751133796779
"cg02737268" 0.1170058024518 0.547441541163873 0.876216226453194 0.117398722748816 0.918242425518582 0.12251892198569 0.942016195367862
"cg26217402" 0.263442335882524 0.384090521656659 0.389812442074751 0.207009991405657 0.890031728188428 0.188406179012888 0.852394451981745
"cg08622666" 0.291060717406283 0.145039807377097 0.622430744551172 0.161186644259007 0.839813094893796 0.159521357303222 0.856828292993467
"cg01849093" 0.255317964794228 0.169197454435699 0.418188220475852 0.259496613797547 0.850814747993965 0.237061053174315 0.820083004684988
"cg21959598" 0.203399943177073 0.11669000272855 0.682932035717726 0.224320469956777 0.838493166058376 0.201747326795703 0.858235635775077
"cg12603453" 0.12410337177505 0.104523150746673 0.848303047871637 0.837285050067943 0.841493531800301 0.0644442741024535 0.367783686575703
"cg02879423" 0.107490378330545 0.12043399940677 0.581201105402697 0.749468017167373 0.76045228133229 0.107692403675405 0.102304306050568
"cg14364797" 0.116930715762273 0.0662293008454774 0.822774141978155 0.595053493190514 0.753430020855956 0.0442291659568536 0.244713751303085
"cg11316887" 0.189908431971579 0.115377055824605 0.529153836947723 0.13296031746297 0.812718569610807 0.158934202513013 0.875498451848929
"cg13554018" 0.192268813604348 0.104311503542435 0.549425641846673 0.0979404501496494 0.784278683790072 0.152529687887439 0.777397785479663
"cg03961551" 0.10820781681573 0.130186727514301 0.443134831041635 0.278799877197888 0.810549072838114 0.0835503838385222 0.807227842534132
"cg21359303" 0.114658406989462 0.181228052285955 0.908923383392585 0.40496014777435 0.899571813250907 0.125231049220003 0.912070798855257
"cg24957609" 0.152003897521911 0.124486382487931 0.71706023659127 0.325548756414701 0.787125188475482 0.0945646381399612 0.534342465615844
"cg21999229" 0.0967452553263906 0.177166531680799 0.527733618865482 0.0846545172558741 0.787869357895602 0.0956790117872328 0.806031677278878
"cg06208288" 0.176960859861479 0.117304610179273 0.67323934436714 0.511338803967637 0.919377034326983 0.20338922866943 0.917378557277616
"cg27183818" 0.431840619536496 0.112660942704841 0.744830583342266 0.0873419876435438 0.882320198143344 0.233317953450741 0.887772927206555
"cg03916225" 0.094675260538001 0.114783831038413 0.459751780833854 0.33783325034849 0.823369325927334 0.0781545266022111 0.80409032389112
"cg10639435" 0.107116560727862 0.12041744582395 0.55990506293007 0.53793023134592 0.812928111970411 0.0907997291763465 0.494202030215604
"cg04722215" 0.128041126593726 0.139947041166303 0.674164632668273 0.372328229488034 0.857014344261725 0.0916587785082437 0.792826430734885
"cg20805133" 0.0713574223680801 0.320479429335218 0.73705875835511 0.282898354946982 0.899551297276519 0.0534358463098044 0.927297217701233
"cg12609063" 0.0969104921538673 0.0992408253604511 0.488433772886991 0.396205253241891 0.804180947778143 0.0773499658786348 0.631677923461568
"cg14165142" 0.0963412369276319 0.224405199841303 0.1782990360051 0.260076144606392 0.834082257603703 0.0671398851097193 0.837854509104058
"cg16219283" 0.140359329976945 0.26014569841864 0.71906583873257 0.146969077326107 0.866847318676675 0.124396478295883 0.870414837976826
"cg21830221" 0.12179679246019 0.127333986141542 0.479774101904565 0.0936015156232358 0.795330181339366 0.104772421320189 0.802521281383425
"cg08169020" 0.0673700877349261 0.133097303199927 0.820700377381164 0.397048881784669 0.896624752080899 0.0398758898469831 0.910776170610301
"cg19097880" 0.0774420484282654 0.102317617363382 0.202912883952709 0.0859562091629471 0.760477795119443 0.0617930131640091 0.723090207443997
"cg17587997" 0.303984528229483 0.114467636974759 0.628262076212321 0.135116082090851 0.884109201930271 0.162189623704242 0.892288194692447
"cg18148314" 0.0971388994231893 0.101054325435569 0.507479398892323 0.261533660492664 0.844804026843416 0.0681448123044636 0.857895697167339
"cg14437551" 0.0652578735488134 0.106724980080532 0.40718537937701 0.0577374909874361 0.790124178411363 0.0732067195995984 0.836850932734103
"cg14441276" 0.10241406897567 0.152507366633725 0.455587306637902 0.0864504055430442 0.81529862749325 0.0989823569262035 0.817080441880873
"cg17169196" 0.112189574444746 0.238415032060024 0.680152872553384 0.11087236830318 0.873949011542861 0.0894387967681862 0.894561202791076
"cg14597739" 0.112500031754222 0.216194859023839 0.619659440599701 0.106315264316936 0.869271807221137 0.125745509815122 0.891811876887147
"cg00446123" 0.0631015200591321 0.0938236623445562 0.147083640846336 0.207150538351439 0.823683871265833 0.0343027361149087 0.902557032433994
"cg20513976" 0.0476076498282041 0.0767750829028105 0.128521029459714 0.204116772285056 0.814611513387993 0.0251009071770004 0.891687997986528
"cg03795574" 0.0777617001505715 0.36958740226157 0.677652966686837 0.0866168859407853 0.755923970830414 0.13084523161143 0.0778153876649896
"cg00219921" 0.782462653625666 0.833250716851318 0.766245837868658 0.895554259411131 0.88914001686651 0.167762756877642 0.883619286511003
"cg25939861" 0.7146647331038 0.603378075742312 0.583582964463772 0.833814034673541 0.84607246821096 0.108152114509179 0.856626423342473
"cg11531557" 0.649382544067606 0.823807294043364 0.739359759834436 0.875335613327353 0.887606468696651 0.175778463183173 0.883658431324995
"cg02324835" 0.443146433231414 0.7471778244955 0.816537836503503 0.859125292357982 0.864286828315078 0.138913889831684 0.871504475914736
"cg27316811" 0.54994266750688 0.922477928765268 0.963674396625356 0.944060769630121 0.969714727432421 0.270616484011279 0.966267838922615
"cg08777095" 0.310165163401409 0.684652356216537 0.685269086802485 0.86134762048412 0.893595760131449 0.130482528252594 0.882460443700441
"cg20105257" 0.582796492694682 0.915817036199245 0.885480413888432 0.939519685501419 0.961266490968842 0.280282571755304 0.963293711392687
"cg10977115" 0.327768852459997 0.371712020936842 0.71266577492202 0.867230002619409 0.893388438782597 0.0835256937976017 0.892930749340435
"cg13619891" 0.210331641926574 0.816452420243208 0.804006030038463 0.891033385596915 0.897543555056337 0.1793209668017 0.910124997844539
"cg22512531" 0.368202814535038 0.345570281026369 0.770158703165128 0.845211193642082 0.892542315684934 0.0934177710245757 0.887827627679552
"cg18857618" 0.759309652194809 0.878581086464439 0.728661553322584 0.883867493414974 0.877526708982506 0.272117866738602 0.865382338256157
"cg07728874" 0.112306431139286 0.729539933511747 0.594559255990783 0.833847042117855 0.852891471821203 0.112881651795415 0.852714460915067
"cg07016730" 0.668683203738534 0.791400290139427 0.774885286739361 0.780251640343039 0.867870637049894 0.224127229437351 0.862648508446911
"cg15880738" 0.114350113710368 0.673839074940253 0.642997367900932 0.814080906610558 0.853908114520581 0.104434581448106 0.850183983803002
"cg04403423" 0.171153906075244 0.740120410166087 0.845734092625165 0.751313629772855 0.864036568466539 0.129562826123874 0.859899087539608
"cg26234900" 0.418280219914653 0.572771713097857 0.844090108165038 0.789114474595758 0.894866524098384 0.156281635216625 0.8978367195199
"cg03172657" 0.166449596199644 0.782600336213964 0.920808337263341 0.897183954410439 0.662775793744896 0.0911686512412234 0.669610430045314
"cg25350872" 0.880530795041672 0.829529389542109 0.715004897445786 0.931972531220093 0.934843578222331 0.32633988342856 0.933779907291739
"cg04759756" 0.369951292340484 0.682776717993451 0.745655833771702 0.869556470460706 0.889319987330441 0.183067433140724 0.892455133082154
"cg17615629" 0.254361986629413 0.848595723119979 0.776788810449586 0.888107994950467 0.912961287492166 0.216598534088425 0.928886069420145
"cg14011789" 0.390649679555886 0.897303933297823 0.763890744866317 0.867131981349105 0.910991543999453 0.243434087052731 0.905434735382129
"cg23001918" 0.573319021720734 0.821476709950252 0.787914831887901 0.835618923588941 0.861759190809158 0.234522151089607 0.847025086433747
"cg26033526" 0.182705154259969 0.59405434607075 0.659857108278509 0.690835306011975 0.854053620930578 0.0948712401227127 0.877035524425678
"cg03030267" 0.403990545557402 0.569411598846897 0.636475802810007 0.822767495798275 0.882962882632659 0.155527103594857 0.871383078252428
"cg04329870" 0.824985746000767 0.84889596393444 0.571032423894006 0.86746472129468 0.864085933698864 0.289420234833549 0.86722979315993
"cg09232358" 0.212836230195453 0.819089921906996 0.548090759221403 0.855326128097342 0.836104497277708 0.172218415718881 0.860025413939754
"cg24961795" 0.173492668059268 0.79569874773505 0.471291154017366 0.822493788887563 0.818887128138799 0.144050048111262 0.834765398928545
"cg26472802" 0.589571037180493 0.836506295701803 0.971356773134953 0.940016056629978 0.977139822317763 0.325850330734747 0.979013503465269
"cg01771871" 0.305336405723139 0.695683167682755 0.559758998494303 0.82370128352926 0.874359748001118 0.171075358850388 0.878359469735796
"cg22999502" 0.191523346131431 0.55273681494078 0.652369204475391 0.774493864828062 0.846498215872638 0.10521178025108 0.842064523037173
"cg23752651" 0.656048501645875 0.295862872790881 0.892877518038836 0.879264340459203 0.902921876528074 0.177026208999734 0.859927205107345
"cg18222759" 0.189794244069306 0.875681855103168 0.615204438554846 0.844880387459511 0.891906718636166 0.208039727639307 0.898802294846814
"cg20156237" 0.438175164295727 0.857178856038436 0.778080494954114 0.913588751580512 0.876409960759932 0.265498212381163 0.915677510773577
"cg06110802" 0.223693688407323 0.85428441277423 0.841802874392892 0.816174157515132 0.867323412987553 0.200121683137373 0.851144503422599
"cg16062483" 0.201253747193306 0.886156313041612 0.726816758341561 0.900918725968005 0.880641680609078 0.216493239038115 0.845655269268858
"cg11218434" 0.381329129939181 0.612075627515037 0.848493673624582 0.866788994813349 0.888836565956024 0.197831483907358 0.883927791533568
"cg17311865" 0.265215440075874 0.877227813281302 0.587337937610092 0.871822698432716 0.921824661949887 0.235770631457407 0.905364276332919
"cg24215459" 0.248455734650221 0.643548503373015 0.509890114145363 0.765510327596899 0.850774249143687 0.133293457183491 0.834017810546786
"cg26518932" 0.284946776337204 0.692877317728322 0.502059576885251 0.891983260232104 0.899946325684802 0.195786855571782 0.89569641871828
"cg08659421" 0.25078052325119 0.717599637584814 0.671503843355331 0.859633686063926 0.898581042021739 0.197350795587348 0.893653276413219
"cg12600749" 0.639110304951037 0.236658936852435 0.125332489601178 0.202990620636407 0.0651514241550583 0.754469279640119 0.157635197616017
"cg11239720" 0.850455680898151 0.458636320787382 0.138304714735367 0.265144426976738 0.230392105453023 0.897724248553334 0.224538548896178
"cg23073974" 0.586386601668719 0.51905985158979 0.0980209287684595 0.117169558212298 0.0840772302931509 0.781161185145958 0.0758753246782187
"cg16403565" 0.698275866935539 0.411227033663167 0.0487558645488158 0.0988435067361588 0.056130745099767 0.762303010671962 0.0540937666049195
"cg00159523" 0.706502137345211 0.377224655786416 0.056433101526553 0.209069312296964 0.106467927494814 0.804903721695064 0.140635150072756
"cg21340621" 0.583947028150548 0.302491605101419 0.136873333250259 0.283667820679796 0.0642795934329173 0.764619814293751 0.0753466698029684
"cg07133930" 0.538861080948438 0.398135022124883 0.302983522795985 0.188656227931268 0.0464305892289816 0.758981348488082 0.0439908834521498
"cg08243626" 0.678648294586961 0.500477785816805 0.274318145849453 0.25253685171412 0.0562460344859075 0.820313503597136 0.047899375157691
"cg04924511" 0.588780605553303 0.276906278060751 0.0546087873302599 0.0721040134076898 0.0482911698909915 0.717305870850602 0.0520477887136409
"cg18067859" 0.722392346850986 0.180767826698237 0.106522312150598 0.213344171462676 0.155676464779676 0.795606394412788 0.162847113447126
"cg19210276" 0.652471242414728 0.176941877674316 0.0510518595705358 0.122981056451866 0.0610555389400508 0.727526100022963 0.0613765444990214
"cg07280097" 0.730901797131117 0.441884190493005 0.212011026946099 0.123571226850277 0.0753310262226151 0.807501286480558 0.0483617980218241
"cg18976418" 0.521141899191119 0.16586075584758 0.128269402974824 0.107685880451991 0.0682693063511465 0.708500172666253 0.062549690442744
"cg15244101" 0.593891456550876 0.505676144552679 0.139917838593432 0.268038497576649 0.054089449094629 0.820246190640213 0.0490912081030029
"cg10831212" 0.654575478947911 0.318874253271659 0.0379044451246543 0.135468628579838 0.0459092710654976 0.760468386226071 0.0432167888637115
"cg24484138" 0.676837160899326 0.432435733043958 0.205726826434823 0.220821593198195 0.0531245356254618 0.814783023590931 0.0497197632831616
"cg14992144" 0.506245669881974 0.192277743197519 0.0212921373198208 0.037887228046243 0.024490870261157 0.684314952870095 0.0262321087849246
"cg14130459" 0.572579478855503 0.202470053124471 0.0633266679234005 0.215076187554774 0.182477487513261 0.799386107427807 0.214384829911784
"cg07076915" 0.685245089437019 0.347930129683693 0.144569454120272 0.334965326926536 0.0819841724368391 0.829461051311084 0.0781520885365682
"cg20487608" 0.687306870877268 0.463937035725869 0.136784306578022 0.0687180265287065 0.0498215867117869 0.793964882326031 0.0444975743105622
"cg12118504" 0.632191307618835 0.429880490798247 0.0717811211266591 0.111333884834495 0.0694886842114252 0.793754558905609 0.0742830816572507
"cg12183501" 0.749282743453521 0.24242362352492 0.0859427969737851 0.321178889366394 0.081890528297327 0.822579176208822 0.0944460051078942
"cg07799277" 0.666269893030673 0.491388651167727 0.0440623512141447 0.139298601799262 0.0680501159107575 0.818396909060715 0.0616360073009995
"cg14101485" 0.768252810604016 0.350050055384868 0.257442250740188 0.32495005640008 0.0947530839107713 0.864637155544082 0.0972171394797074
"cg19118951" 0.654280417875452 0.546829682258183 0.214368086742261 0.293718279431106 0.0686657599945572 0.864101794163289 0.036514052274323
"cg05768044" 0.535991355242086 0.143956042644469 0.0635718795723799 0.178799910325724 0.086823133370294 0.747160825175037 0.0892296905402284
"cg19563510" 0.456709651124098 0.0727671004375569 0.0150912656755763 0.0942544106163985 0.0198367074761994 0.678692647366158 0.0212779737429666
"cg12426092" 0.705367137355084 0.262563028031416 0.0586434491101611 0.174661210178177 0.0909872679154956 0.806773000118676 0.0974579077577195
"cg06109482" 0.594120113806976 0.100085204294642 0.0426469260117542 0.0767061981523045 0.0305547484821992 0.710901169265038 0.0262020080016009
"cg24902461" 0.716224289180362 0.401152767361217 0.232155037528026 0.10416611228031 0.0633656138580149 0.827472513117968 0.0539506309213568
"cg13247398" 0.421762683621826 0.0897419031524718 0.102523965445292 0.103122440385988 0.0484182514889855 0.715063410908002 0.0512987496116204
"cg15381475" 0.671528781723981 0.298575553651423 0.12756036667081 0.161630197416792 0.0288635890097125 0.805426294802162 0.0229819350141815
"cg23018755" 0.732938838770656 0.253786562819141 0.127082588776404 0.274434063503769 0.105136015596973 0.868821610489106 0.0918616586500253
"cg13443575" 0.576626685771208 0.085358191281412 0.0468460195382608 0.0891257819613517 0.0538085540398419 0.754389975859169 0.0557713524608254
"cg04354393" 0.486894159559429 0.066502460034058 0.0512116868255548 0.0638607102958937 0.048232490874113 0.739691091516169 0.048863804220053
"cg05398700" 0.950574703916516 0.950141730996431 0.887162960969703 0.944636724258313 0.891895260313527 0.965762567014403 0.0637947538548219
"cg22381196" 0.906366156299757 0.901885462364315 0.800428702364295 0.907535868191533 0.671330993990798 0.92183354921006 0.0386456482922999
"cg16802439" 0.930203361960338 0.928681394107662 0.736477101229067 0.937167981422405 0.722819383468431 0.968955487169897 0.0762654500023054
"cg00660167" 0.94794219170062 0.946068078088539 0.834898482604535 0.948170888393295 0.784188889139888 0.959827255072988 0.109555595944623
"cg25739938" 0.88457977022675 0.884532063080606 0.714673860431542 0.886274455955773 0.863728142560031 0.901532573660265 0.078617626904755
"cg00705730" 0.86000533550767 0.874099935570407 0.606710332554431 0.88692995671698 0.83470607818262 0.875460719621385 0.059669512148168
"cg04858164" 0.901718472601439 0.893412874556957 0.793409388773138 0.902561945975938 0.851961715584621 0.911944353948967 0.0958290495040263
"cg15878616" 0.964236080371535 0.956387532007792 0.865830732720979 0.959948311869642 0.547025134479487 0.971210639349974 0.0728804946755539
"cg06270401" 0.862841087365659 0.858001541243375 0.502300957451734 0.8845043137211 0.828427789790295 0.873724880151789 0.0555731061515981
"cg19037107" 0.88344777558751 0.877612771112151 0.767474452062688 0.892036907549299 0.845469838043959 0.890651398476081 0.0857864178116497
"cg25600606" 0.893833954429379 0.896314448916683 0.751217770759814 0.898313859891576 0.846258127690601 0.911725109232072 0.0983558958497245
"cg13468144" 0.830352793076653 0.870367645722642 0.77470135892397 0.886726516275664 0.882837757733263 0.886084739199227 0.0869726626075151
"cg00439981" 0.900694263377412 0.901222347632351 0.791936332538262 0.89824845080325 0.601647027024987 0.914375216041333 0.0512959872997834
"cg23819411" 0.90722409202407 0.904385272119291 0.693826556437896 0.895244639053181 0.752861235982065 0.933713906170599 0.0860850633606269
"cg03637218" 0.884042474553939 0.878843964602823 0.539462168848743 0.896981580570623 0.866024102009874 0.878538869730383 0.0923210583022109
"cg12483340" 0.866492738722229 0.858723362001948 0.683653902136564 0.874916043264312 0.748529853720654 0.894568685377908 0.0618552409834067
"cg03340036" 0.864198297853867 0.875290476902701 0.775775267750248 0.882554262013544 0.756512749161219 0.889446579012639 0.0733309797000526
"cg01692842" 0.847527252926071 0.846458677969286 0.620614150237076 0.876460845118537 0.809385875014307 0.84982207942654 0.0643657780976214
"cg05936004" 0.878510743177844 0.859837794610926 0.711212517389254 0.890483294799342 0.800504321297335 0.88801190428302 0.0832619635632026
"cg08253808" 0.871617399458875 0.862254701917904 0.734833345909825 0.854345727134277 0.699886200621926 0.903861015094942 0.0546663019668108
"cg15658793" 0.896225659399872 0.882085079489945 0.62553228958054 0.897753408556724 0.697291473062923 0.897363805628176 0.0668284970681692
"cg11313468" 0.842262762195495 0.839583917260554 0.777614460137637 0.862328293660479 0.732662777440722 0.846561802122722 0.0534034381063246
"cg08154963" 0.848796687596562 0.847955192265847 0.623550203461863 0.856971900728376 0.780465872117561 0.870542905922251 0.0671808390718462
"cg09342997" 0.865319328305437 0.872258763224419 0.779401720048 0.867780957544737 0.755104647247155 0.881301532314677 0.0829674339880304
"cg25605731" 0.935741768229019 0.944704528944792 0.857544222642099 0.921530773158058 0.45749902365272 0.945505109276012 0.0650464471205121
"cg19055828" 0.880586001357399 0.872675883375204 0.734928713738569 0.879168709182449 0.608390814187057 0.894955109581789 0.0545981612187805
"cg10611016" 0.892457348350876 0.895184068479909 0.691993270106892 0.896326153182466 0.654182643312633 0.916647912664287 0.0784336380989516
"cg21685770" 0.877539646246446 0.887862686243183 0.496414841599665 0.861915645908494 0.666375381297746 0.881908843298211 0.058078309148655
"cg13785123" 0.955050248720133 0.956565303728101 0.867159250610725 0.961283516409571 0.839072514757267 0.961505078180165 0.175257833914352
"cg01699630" 0.859979529197887 0.866184956351977 0.71248416302388 0.86835003447168 0.858257085726529 0.871141822894709 0.10657439635941
"cg04609694" 0.864251500771641 0.871522537458942 0.735230255213131 0.863274402474106 0.78949067128051 0.880721033447286 0.0945680780445769
"cg17852482" 0.842060003409506 0.831590899632505 0.66045957110003 0.851974189037718 0.801867655484147 0.865330301547262 0.0800560289804565
"cg13652008" 0.878862302816761 0.878407647322254 0.78765331026959 0.886276386948514 0.804161136688712 0.898756269531948 0.117100635959221
"cg23338668" 0.856886613865506 0.872716835775543 0.663460183350685 0.88031256026657 0.842914232077359 0.862904156592737 0.111201038267495
"cg25074794" 0.899516569678563 0.898409821635285 0.79615113492503 0.906122606446454 0.813226988386819 0.927882317130765 0.137349260891591
"cg13595556" 0.879442255302375 0.796492591257963 0.630122935337492 0.880796694598244 0.638769562039027 0.884854089673808 0.0522324655434237
"cg01040749" 0.867925950054597 0.876025598815206 0.704186142804469 0.873294668940522 0.770523542130951 0.885337404462679 0.103392947538085
"cg21792134" 0.910212752017203 0.911271111587143 0.733348133880475 0.909752389156373 0.863130648896676 0.923410244852917 0.154589727566468
"cg07790752" 0.83071162397341 0.843118530508395 0.491469076350266 0.851495240748817 0.735845033394083 0.771772512005146 0.0571569695327283
"cg06526020" 0.86973127380252 0.88475534792738 0.752377783079004 0.889244258642914 0.819876072841638 0.905339567102907 0.127603970097312
"cg07409471" 0.885643870466404 0.870014220162808 0.74050521849567 0.899025101817296 0.764800880947506 0.908650384587644 0.116349108990623
"cg25693317" 0.875392068348892 0.86369381870615 0.685278755137137 0.874723018831818 0.78922686258512 0.893971246441524 0.110297783583322
"cg13618969" 0.867390880999577 0.870102933456008 0.640112464989095 0.862556159702404 0.851381693797315 0.892246404843803 0.123357313328203
"cg09535475" 0.843320306078474 0.856148860177641 0.559736532620344 0.853465071997108 0.663224879744229 0.880319752272971 0.0655758465923613
"cg23169883" 0.961374622000255 0.943061862619557 0.684537442513797 0.954213466400647 0.339514555830402 0.971164296788658 0.0671065622159404
"cg06465076" 0.879888725951655 0.881242078598292 0.59632967464574 0.880842484511927 0.741259165778787 0.905101673219146 0.107916783695411
"cg11671363" 0.913306898279232 0.891016548708076 0.718110159494929 0.909371418760871 0.677716831763987 0.93938303475896 0.116418111280162
"cg24737761" 0.866439982659307 0.836322350763171 0.63041559295671 0.867279028265792 0.796786638390294 0.871888949655673 0.103924038489105
"cg05344747" 0.877748549394443 0.874420994144857 0.800220937348868 0.818166714343483 0.82246315589247 0.900131104841378 0.122134358142993
"cg05627557" 0.823162039635711 0.826729241760859 0.552517456696709 0.825973596547648 0.647678489775735 0.872914073884784 0.0471045035738638
"cg15625636" 0.10506123614939 0.0812948162049938 0.806395907244442 0.604588702272543 0.489983907357544 0.0737568390828647 0.81013137650501
"cg09221159" 0.0807879869006943 0.117691743777028 0.445069110562837 0.191712565026415 0.437316022405825 0.0714674856300641 0.703102650831526
"cg26360197" 0.0709970059380306 0.10585514304134 0.152961456634777 0.314968130992514 0.719255348804588 0.0586855979978171 0.776439809770224
"cg25133951" 0.302480081220523 0.0958102334085592 0.509055806002084 0.0743728903109046 0.493374946173177 0.244300991909563 0.752224849062665
"cg23280720" 0.0705055587105184 0.34641519681512 0.620973733690548 0.273768739503225 0.59615154165805 0.0661593241555054 0.821005238375911
"cg24310395" 0.0936611304868884 0.0960126514823546 0.229332497647699 0.461028163380373 0.682587382469885 0.0729159331607402 0.808085418307931
"cg07613391" 0.097856174228502 0.138099474258508 0.437664046339315 0.304088685345077 0.691415611723757 0.117490971402514 0.806305513309796
"cg12810837" 0.0773062329706227 0.118650679234084 0.487939534510216 0.0804129554299337 0.695118469981627 0.058225708946932 0.754446840060014
"cg25140783" 0.118521896620861 0.126398379085588 0.708820180733008 0.451329614676596 0.826438636540488 0.0991299989597986 0.88487634244818
"cg02368508" 0.478377007169865 0.227256542402872 0.460094226857838 0.0728456605817249 0.298959979145152 0.493297295464067 0.803545163217971
"cg26106166" 0.118874317810699 0.127752453916319 0.151486505969302 0.176815265370605 0.678820183000192 0.0950180179549716 0.77650409011851
"cg00795812" 0.116803564748025 0.405523739818904 0.492717810859988 0.301286513991604 0.235904945049352 0.123629428080275 0.784589445115724
"cg00661777" 0.402732365060099 0.0865736797187855 0.616278400526017 0.0837958937018012 0.085260551183648 0.227045166268376 0.700318933121214
"cg17479280" 0.682717628636467 0.134700071478817 0.889032066871037 0.118818496881981 0.579095780253929 0.432030722339353 0.92065744216467
"cg26341831" 0.128887079563059 0.0628078310751009 0.100255300609132 0.0607868248966103 0.139116107822426 0.0628600270078768 0.614654137370871
"cg15474337" 0.225901527564771 0.121840142769683 0.324895285385684 0.0650727461048451 0.068550371214551 0.199682057184827 0.655589845367753
"cg02212836" 0.191256410629114 0.272137133304431 0.698346465255693 0.102602583205927 0.154127308432648 0.318050139080542 0.750064461505642
"cg27051683" 0.137412921108751 0.474184066011366 0.709440136854599 0.426785385284263 0.47732154638701 0.142625501754498 0.915162045954622
"cg15535471" 0.287612279548597 0.0892121907600062 0.229836449274022 0.379783144792486 0.429157636058523 0.413849678615869 0.837984601976982
"cg00754552" 0.473031449133908 0.249334937951538 0.548451562465639 0.105722784254704 0.116040386801527 0.48584673193744 0.808959194758156
"cg17843665" 0.267143638621216 0.193935270276388 0.321547671791301 0.0793917661233619 0.0866565396423758 0.560266076057644 0.741962029949289
"cg03526142" 0.0643773213252479 0.0821785485351708 0.234298230691954 0.32238111269154 0.751225147997356 0.0488982752860268 0.847287871701749
"cg07018090" 0.59433823660495 0.331502556558493 0.756356308031078 0.0652960585396053 0.181251362655453 0.629654017053339 0.90592310113463
"cg10699171" 0.0799098233491116 0.113267482766649 0.582337490269238 0.153498889420718 0.530056378296417 0.0744223769527884 0.829926311708405
"cg11354682" 0.409558460102428 0.100099426087308 0.748956755050516 0.0667164945468498 0.110048548815281 0.408270968699721 0.837175736931921
"cg23954655" 0.0887925901045963 0.141987791840432 0.638146626014181 0.0887578268293051 0.137264385709428 0.0852675647583357 0.763723552730948
"cg09993145" 0.0659737253246548 0.0474558676452159 0.449439650798971 0.163614275496004 0.0682563291000667 0.0417342527506396 0.782780885913503
