"CD4" "NK" "nRBC" "B" "MO" "CD8" "GR"
"cg00366435" 0.105794256833793 0.862005089697081 0.733246489258063 0.906080913849681 0.924130426712391 0.474842159559748 0.92160939484186
"cg16452866" 0.142433912838352 0.923491521583848 0.905696463323278 0.954051203042163 0.962987506842955 0.261655639793922 0.967982851868219
"cg07679948" 0.171816579301465 0.938982572810574 0.954894993454788 0.959394725021098 0.970439919636392 0.456283222097821 0.965456220290156
"cg03388043" 0.101811139961174 0.743029274003053 0.890428551981578 0.942662366673148 0.961905598786626 0.106505990964716 0.964006182233139
"cg11848483" 0.111838943864225 0.877019884721021 0.741358454650373 0.888387103955021 0.912425627830689 0.309982945371563 0.916922519654813
"cg26852712" 0.133770742056072 0.866052081437596 0.932755209393983 0.863416681482231 0.935684216136891 0.369403950193201 0.939955005046754
"cg07015803" 0.159609819883487 0.906822752157886 0.835216364013149 0.946208105527253 0.952168073112533 0.276053264777599 0.948626398007693
"cg01874152" 0.107638117276598 0.834848135007334 0.592784614701895 0.838101703464681 0.910295237980195 0.458151398739599 0.891093389148243
"cg06915826" 0.0951061098325917 0.817759232302848 0.748553174209855 0.863349181134986 0.867301434687574 0.313360514371651 0.866478545477699
"cg08338281" 0.112301773389714 0.798188534815918 0.885977103350825 0.818894183989102 0.900489768567061 0.159428652483716 0.90659899870032
"cg04347414" 0.153221123721883 0.844683507279224 0.688156575929676 0.884166456234616 0.928838019703315 0.30705208472435 0.927809585110001
"cg13750061" 0.1073809325148 0.818607860470523 0.645028398161701 0.860794544788227 0.879555469585867 0.152237370018756 0.875375801081576
"cg23357533" 0.166222132730654 0.861240228988372 0.863923452199822 0.893530431831112 0.884257177724047 0.48921786572764 0.874972925218106
"cg18735089" 0.145250361017736 0.815138779805688 0.715575608874455 0.894098135058121 0.908919712127745 0.259939930548648 0.9152831184061
"cg10240150" 0.112223443176016 0.780243235095005 0.60147473871934 0.870746036510456 0.869539079579953 0.326810747448355 0.85995936562606
"cg05705140" 0.110543950185483 0.782735522174773 0.66281325634022 0.778441023686308 0.900943274492192 0.291261447594908 0.88841842161168
"cg14522718" 0.169812693908186 0.758549825499727 0.93845430547419 0.918227708016097 0.943388779375248 0.316010346822718 0.931670435597838
"cg10837404" 0.214698872673496 0.88212676887273 0.884264861481417 0.905768981255302 0.914381999750992 0.734630848680651 0.91061391024631
"cg24662823" 0.135029012523932 0.699357489610721 0.700606332822873 0.884169541076392 0.90879856189768 0.443941372621375 0.902018643897843
"cg22230912" 0.124303035302423 0.835706229976937 0.493713868194339 0.896273376128788 0.878713277676365 0.311479659523946 0.827557124388765
"cg07970799" 0.180455438990462 0.732383920205929 0.832466938873089 0.916534037846218 0.940982969409044 0.507945653466278 0.947830620176854
"cg18650518" 0.118987848216328 0.66201922064239 0.792465025034649 0.870621670101514 0.903830658323734 0.269735100874709 0.90580329413643
"cg12353788" 0.145718485108791 0.834074072802188 0.610067096227241 0.877515893665055 0.875036746934029 0.364704442148458 0.861148233114763
"cg23896695" 0.131886932113084 0.816192864493675 0.610886205215842 0.844227360798076 0.873992836374695 0.348338178899001 0.847612101816549
"cg24841244" 0.112253902576671 0.710546385186407 0.67998214824045 0.87145449822376 0.883816334969441 0.151591476847768 0.880486018981058
"cg07545925" 0.0830524299042284 0.664356856014301 0.566971094017027 0.832706594276724 0.877155984401206 0.105298907617394 0.873790160523521
"cg20661080" 0.103470592214171 0.694556379932743 0.629188279683632 0.849568607654302 0.854321479698604 0.270415960585925 0.871941150280928
"cg00620024" 0.195590362613906 0.854522133788092 0.87335515658792 0.886984041382039 0.902199695864781 0.491373798123816 0.900943301360539
"cg16230121" 0.120067908490673 0.764402032366881 0.67133554734833 0.841293058871647 0.851038684023833 0.29934767729914 0.856855161718981
"cg10111816" 0.0992168436801888 0.751858732894686 0.746252437111912 0.836961973530744 0.844321538667775 0.144299658995888 0.819448514620306
"cg16193207" 0.142709968193278 0.78928679448864 0.764313382652906 0.84419781533577 0.867236091869011 0.374140709087569 0.86141459637086
"cg26166854" 0.0903601097080562 0.555851525306356 0.712853140832415 0.841094541941312 0.852706526353041 0.396227845391547 0.882249391900733
"cg16775598" 0.149744805658275 0.821314495945911 0.649277771785236 0.880987610395968 0.875235076486223 0.281376788042519 0.880253532568845
"cg06164961" 0.0974857342703522 0.637001519332227 0.594031633405902 0.868858961690501 0.88889829182313 0.115282326701138 0.894284109705527
"cg05070273" 0.20446949144084 0.885474044795901 0.729631313123172 0.900759738318444 0.897542831097072 0.556630509856133 0.897369514708971
"cg04340595" 0.110577907159158 0.52776784515684 0.833767865249925 0.859898007742821 0.935361062787079 0.182628167205018 0.932136589369796
"cg24441810" 0.0985334193413556 0.737947520284194 0.77676554703483 0.762982396951888 0.854631258751439 0.133685066073379 0.869603609066178
"cg19001909" 0.257444625652711 0.9199961718921 0.860069264476636 0.965207668609077 0.967483105279381 0.446968645735375 0.971366591507693
"cg04180114" 0.1253587676795 0.799014974578417 0.774014656304355 0.810494802441829 0.829059525167199 0.262932881622461 0.857249604017704
"cg09695307" 0.147801662117032 0.782840946962257 0.576687049741019 0.82438023187027 0.894930597244209 0.406323399305329 0.882431475468109
"cg24612198" 0.140481870702406 0.747399088028522 0.60550176675127 0.887630592707858 0.900666692219625 0.153663922657019 0.905486207418064
"cg11710595" 0.190079121417244 0.841123538569294 0.610403665526461 0.888469273934004 0.883368269772421 0.596730500216912 0.896958312782465
"cg07930673" 0.108005543013317 0.685602974955481 0.659556885974249 0.851158790239843 0.868133146052686 0.147615587482172 0.867680992919051
"cg00122659" 0.109579879985879 0.714423423479954 0.631069020940301 0.825543583562132 0.854540304977465 0.308907976124575 0.828985308212486
"cg25486399" 0.11512133363474 0.805010055157162 0.300032082305483 0.844770903989142 0.83315313512073 0.432884118444024 0.799864699953004
"cg25599673" 0.166696297426585 0.848189707694636 0.66951361367731 0.843764169199971 0.850482613119214 0.511272599462812 0.857229121509548
"cg18758433" 0.140670531727835 0.687392509296818 0.79159963977236 0.877283624395124 0.857576423423136 0.28360356234247 0.909551693602555
"cg01490728" 0.14190515506692 0.819496583156915 0.505100729872781 0.826002805673202 0.854653597230227 0.429250987404339 0.842359041948321
"cg11210357" 0.124837380834866 0.731350124546704 0.805338733326469 0.821512692066132 0.866255902868298 0.174434453835006 0.86377952188206
"cg01040649" 0.16413886841239 0.826999262615775 0.628852201777408 0.830939015647966 0.874345921024012 0.44164777624698 0.865704126953754
"cg07834069" 0.842233607534444 0.653841870117669 0.573601427166399 0.241833580469142 0.0473868554864873 0.854508212582476 0.048293930380753
"cg26564117" 0.764551522067546 0.0856916279380393 0.541000362632144 0.514843975539233 0.0772488999321768 0.548978342858295 0.0938581092352148
"cg04905719" 0.626882532157277 0.0852946843304415 0.0266981578185303 0.0437377450326163 0.0212156887101889 0.640918378906857 0.0259409219286631
"cg20281375" 0.72463155355572 0.330840556945476 0.10247378347751 0.165998154289661 0.0527106197871408 0.658534189960297 0.0522029751145049
"cg26681770" 0.652587252097594 0.0942569359502838 0.0401852026119632 0.103855374212788 0.0389407054417812 0.663749855109664 0.0427070672544927
"cg22742001" 0.82392471284541 0.690969700287592 0.376670049485577 0.125590960788306 0.042432349959572 0.879848168341469 0.0423330177913807
"cg04742550" 0.672523905734296 0.0435686676347558 0.126385822581938 0.45064492959767 0.0279412375934093 0.217515928810509 0.0220497307432095
"cg22193912" 0.710998465192651 0.211033289218252 0.0296309188801796 0.193535217618538 0.0334194365885474 0.824879614485957 0.0593717250543215
"cg06760238" 0.765081594981297 0.123538928960704 0.461934483055925 0.466219304669465 0.0520222258614098 0.702405221400085 0.0649579790071551
"cg10099758" 0.659976962057799 0.0694728021408356 0.0834682734378987 0.0787008974458254 0.0578547578513039 0.519589724119414 0.134640100434682
"cg19548859" 0.792647027178812 0.327992703740002 0.505574701227005 0.107156153314074 0.0513297985761513 0.679357769534208 0.312696204545459
"cg04682193" 0.828653724826041 0.103885188511665 0.725455508690708 0.781516326931622 0.0535659964986374 0.654239924127777 0.0421402675029577
"cg01233897" 0.681555500574103 0.232007331322119 0.0532045894890573 0.068161999766628 0.0550558760688585 0.581758922740349 0.0600575456347985
"cg23582982" 0.794815129462802 0.383851065023352 0.302743648988078 0.284296412461607 0.0735615381931379 0.797530922033955 0.0748841268815007
"cg11377213" 0.808869473637144 0.654154803975378 0.274743386701114 0.135878626005832 0.0426462959522742 0.766226133047594 0.0488759308852827
"cg21360910" 0.699879677970937 0.195155626983529 0.14024804318411 0.0781582830811324 0.115279941130359 0.497842321819426 0.110657200320741
"cg09169413" 0.766282541484982 0.396188793128066 0.314042521834683 0.0806454474963775 0.0621700790788227 0.761167395201758 0.127884938207994
"cg19369955" 0.742251295318641 0.263341871390519 0.437961294639628 0.147226016486673 0.0630217312626993 0.727852281276033 0.0646322387090185
"cg25031824" 0.775933623606809 0.424570614498232 0.0642159641863978 0.196816874038281 0.0635140342521075 0.799055833717076 0.0744680105581573
"cg04642300" 0.634857787215762 0.0521639203781785 0.0581343058146214 0.0842358927084059 0.0354052795356617 0.479761723931075 0.0381962175669881
"cg01543184" 0.797771207326085 0.332288739938114 0.0753803881424857 0.302023904277558 0.092464894595932 0.862887678914791 0.0987884895078268
"cg07837085" 0.737630592925813 0.120406767979726 0.395046391024991 0.395127741908157 0.0623209761585361 0.435109167913441 0.0573744313648586
"cg09037630" 0.642273207070206 0.0628059906402353 0.207276551261118 0.0427947706620237 0.0331537082993617 0.486424187085824 0.0434483937962209
"cg27058988" 0.66171705664225 0.204583501998413 0.056448310831637 0.0428276249819083 0.0248966193440489 0.478825407347907 0.0263889107311101
"cg09287328" 0.927909600761734 0.772346891841496 0.632019188409629 0.136663756569663 0.0916929763872592 0.940205586675305 0.217161473404949
"cg16261114" 0.812881330479266 0.470853130632992 0.177137871761398 0.247834299159511 0.0673244845900516 0.806259417070007 0.0595232072621006
"cg18739675" 0.794162952561893 0.0823564945287849 0.490548986134401 0.627284283963818 0.0374311791905491 0.569250708545375 0.0511706443594081
"cg25025181" 0.740714583099594 0.262405998857144 0.0995914363939236 0.172666268143234 0.0292775469654847 0.814144326638104 0.0415186055883043
"cg05228359" 0.707955559623111 0.300888823134299 0.0757936207670333 0.0556994413724216 0.0296222185162872 0.609846689719952 0.0295578334174641
"cg18150584" 0.819107426208383 0.630257429492766 0.0456124505272179 0.153255330898227 0.0384351180371121 0.818782968302603 0.0405242765268356
"cg26402417" 0.841347053054218 0.585166301136018 0.0851424119097856 0.166719618161046 0.0681883930556713 0.90184167475145 0.0968333269264347
"cg01231183" 0.783945345550067 0.375277372598664 0.124847621384885 0.0870668609392551 0.108167724369711 0.787659900057215 0.101821485270303
"cg09662852" 0.665515559328862 0.0707822716475221 0.0526781190032003 0.0925550262470793 0.0482247782683557 0.480940490007453 0.045979484371447
"cg21495704" 0.850437222190166 0.139886986014323 0.450184502348066 0.632089660344167 0.0723489826086999 0.781469293645541 0.0897927884294381
"cg26923863" 0.806054813289424 0.108711850675312 0.640494301519156 0.498373839305681 0.0381644894298991 0.718888914621545 0.0372733713713609
"cg16922167" 0.779235113525958 0.26545484339222 0.100911361468584 0.199677484998532 0.076215982136191 0.76445300970755 0.0812279778559747
"cg16097858" 0.708533542939884 0.162954156103723 0.123932131610874 0.0673575025573228 0.0547413670242608 0.602826554243707 0.0516036139343381
"cg25978218" 0.7054468643987 0.0524447272941087 0.211383392396356 0.21027274091041 0.0584637925337559 0.471339226806274 0.0428771318221583
"cg06650256" 0.847811869252155 0.2741919141489 0.497159257665579 0.499487842896763 0.0565530161619335 0.669770374557101 0.0745508266986147
"cg25729350" 0.681083507203719 0.11735289907923 0.0879420129060723 0.0657126354536918 0.0459440875209812 0.388725984860634 0.0562679661466125
"cg25394505" 0.755787365186115 0.101013677312575 0.229801421049895 0.169445635468196 0.102215667513134 0.615757980698016 0.120743477840788
"cg12465678" 0.826843772699618 0.0962970252002106 0.545532684567756 0.562233504146225 0.0532151949863466 0.614201582972703 0.0629196409520479
"cg11787160" 0.81875647923767 0.269064446450952 0.0931904060156964 0.165811451982372 0.120954905652111 0.804138024974408 0.131394255669183
"cg07785552" 0.7428944580389 0.1440097867802 0.31713338860891 0.0750789607205539 0.0557186675168224 0.611919255049942 0.0631360021709776
"cg19628988" 0.745669150186904 0.086387542115514 0.0747727384477896 0.197214356640615 0.033846106321454 0.693623925994723 0.0615788186126267
"cg09885622" 0.834570726939723 0.103800429903956 0.460724998097948 0.299727383582244 0.101608118394218 0.64829928942127 0.207027556531333
"cg02380585" 0.697708195508887 0.0639555672159636 0.0251267534857109 0.0262046979931471 0.0223758975496628 0.684188878631394 0.02704121039146
"cg13448978" 0.766442746011814 0.230745024308241 0.0338154756545709 0.109454650558837 0.0325563631773469 0.762556268124468 0.0473350681367837
"cg13468685" 0.78019337706539 0.097198367658118 0.38673093900733 0.247098658439928 0.0575975410419086 0.580586139154391 0.0560638969895301
"cg20455854" 0.766498014946986 0.153444143682482 0.0453851320287046 0.139126816504237 0.046049811907252 0.672606958376191 0.0664028284950541
"cg13617280" 0.8908381737739 0.135798314955922 0.802710448003717 0.802438483635275 0.89528479652673 0.764317019315294 0.8388426628938
"cg27582527" 0.831233456894909 0.0775284369731703 0.548534488292004 0.761336701461683 0.863231177915254 0.461853543849435 0.864234027528233
"cg05875239" 0.906789074010699 0.167624171938083 0.872222452667368 0.818961669169787 0.910034915815067 0.721929722561673 0.921690257366492
"cg25383568" 0.940317224602692 0.208039306756189 0.936659801425468 0.848989625374624 0.954763853002384 0.643911090992932 0.966096250613331
"cg12811871" 0.964672019202254 0.197177373994724 0.841343376066802 0.767782425624148 0.9734078347232 0.579244482170378 0.981649460103453
"cg15956469" 0.955051308131957 0.234299491905938 0.921194515487981 0.894121108013947 0.953304400185713 0.737734973854754 0.960687359454369
"cg03538296" 0.854697240307569 0.120614281753348 0.671654380999767 0.751512402394588 0.850935762610819 0.589313013677267 0.853044428452418
"cg07307830" 0.808012532782139 0.148617042990263 0.655524319478202 0.839995393705517 0.887459223332989 0.531145008382163 0.89057442393914
"cg27274718" 0.890595129854311 0.184378900504561 0.758052465362517 0.816256300197897 0.879153989229302 0.803084236182125 0.888305120287643
"cg02384859" 0.878443572369194 0.168353730802867 0.680582877861897 0.820749796522983 0.900976807864008 0.54882673881429 0.902951223780434
"cg27309871" 0.885524789443172 0.175839971351321 0.734174500012573 0.83619684075606 0.893287480291001 0.606605745441801 0.889166801086672
"cg06202778" 0.865051275709858 0.13844783878064 0.59320313355095 0.832498482598791 0.829750714218215 0.564736070599545 0.861394036088879
"cg21634628" 0.816086688791073 0.15092472280577 0.685204153041324 0.785441166559503 0.884971511521503 0.5702046391989 0.892274866803061
"cg13917614" 0.929417786566651 0.218822175178874 0.893646760689098 0.767021830969206 0.932214901806904 0.707359929447702 0.955496250261821
"cg24430034" 0.968640855387605 0.28329478616798 0.971193927246384 0.899137514437365 0.980627686416625 0.779195536572961 0.986968629673136
"cg06040872" 0.877879512709657 0.171240589302745 0.724970925136463 0.832896199989503 0.891237727104051 0.532512751037424 0.867143638129427
"cg01940139" 0.854488134164842 0.180943020834346 0.700391069231768 0.854889324986941 0.889442696128303 0.593052720587916 0.894838933932001
"cg26012482" 0.761102846981781 0.133571482701629 0.646474193185589 0.802575677779014 0.87119289528949 0.542468423296974 0.857078363252556
"cg13613174" 0.830742123816713 0.144483137466779 0.821757225118637 0.80349253306158 0.878869323527454 0.475123094259786 0.816928146829543
"cg02150910" 0.860640325385379 0.15806366364794 0.653055495738948 0.798320219075735 0.881238478825422 0.533654378788485 0.867159255117736
"cg21474838" 0.83683345131577 0.182232467791102 0.728385337393711 0.853335446378244 0.891756600934284 0.592503625568906 0.889265197735311
"cg20657709" 0.865214494699991 0.172449489785089 0.652471362369768 0.817911616637688 0.869259124679144 0.619655344237068 0.880568317898042
"cg26934362" 0.787711326688593 0.110544692760763 0.493816274151773 0.724061569095389 0.868067975668764 0.391940900357992 0.863126875154102
"cg19696012" 0.84721153605981 0.184074517576243 0.764797668698381 0.837999946822016 0.892073719024496 0.554411323289307 0.881033482550234
"cg19563355" 0.88964847208947 0.210207657267995 0.879772104837273 0.842956362091533 0.886099902304523 0.706913943833906 0.872199624054093
"cg22488278" 0.880916226237144 0.19493143060308 0.792889235117448 0.78691771757719 0.894218388730697 0.639595198484924 0.89731389259404
"cg11100450" 0.857921264352125 0.189396632473735 0.714200962892827 0.824901502618024 0.896261242055392 0.572050600288313 0.897400872434749
"cg26275360" 0.862203356338122 0.185573214762708 0.703889905287245 0.807686879715634 0.875810514429998 0.703010922536315 0.865366042608571
"cg00805874" 0.943848197235124 0.238892510455701 0.977946281736114 0.797814363840649 0.954774246640966 0.48137265570448 0.968075462644876
"cg21333217" 0.960686406389135 0.282259276531468 0.942920569733692 0.914013034464356 0.965374386486552 0.665681416204124 0.969496360163577
"cg04784635" 0.812153999783034 0.17392967008118 0.513492967346116 0.831647811337569 0.895568030301395 0.589367637506919 0.889645689662907
"cg20987610" 0.869780301196505 0.169261823580662 0.645297683563284 0.819358558871576 0.778454924563613 0.703822108266269 0.894052237929366
"cg23474890" 0.799473451075015 0.182463069472103 0.864879431538493 0.791335056739276 0.927533354794457 0.425640815374006 0.908501773858561
"cg13449535" 0.845576864382098 0.171722799672135 0.533216537721837 0.831848931289754 0.867784840115491 0.598529098304069 0.87252434499406
"cg05653887" 0.868261261781277 0.171610526670624 0.561566587230041 0.800988159372412 0.874792062025886 0.567078753887772 0.877289951213958
"cg13995453" 0.829811724902498 0.182627495892922 0.657181178053462 0.823728339552871 0.866796098057192 0.722891113024255 0.863551364333755
"cg10628126" 0.853888515307971 0.184123804207138 0.715176202939249 0.846788186427644 0.820410939625646 0.642752077144323 0.896605063943763
"cg26227465" 0.801115935803286 0.15059011178787 0.580129591232527 0.806621421850088 0.852030769360813 0.504427755974612 0.871169085868918
"cg18672716" 0.85614463606881 0.164403022876447 0.696604007986422 0.80898096850898 0.859669022220282 0.515632114805725 0.843077474216623
"cg22749642" 0.884002580815982 0.211999235568568 0.870188730805451 0.832573123401941 0.899942055631486 0.625516234978854 0.880875290231869
"cg10796068" 0.843213489622383 0.18771169738249 0.778550149120247 0.816827019689355 0.867160048045934 0.651617002996559 0.867084545653023
"cg21828319" 0.893008333523866 0.202474298677336 0.843452736168743 0.739028748914708 0.875004442850141 0.784505560481725 0.886731335283072
"cg05148385" 0.871840675365914 0.201956815943864 0.688976021206977 0.828747829842106 0.86628693347348 0.730739744846873 0.88327298925301
"cg08326410" 0.895591956906479 0.230284019284363 0.742016087562151 0.848661402122261 0.906472560110458 0.733025228385442 0.90986552533284
"cg15241779" 0.842429605124575 0.179966612248168 0.669360342430561 0.817858520641502 0.862979545301229 0.629258259043143 0.855911820435161
"cg11978441" 0.798377042242651 0.172659870944655 0.686820742553677 0.793973446675592 0.87326344442171 0.590895696112102 0.873948552180334
"cg05355684" 0.892612927492117 0.218922739075631 0.756061436225402 0.81064710541887 0.894136089295855 0.713500750498287 0.899165086952079
"cg10214132" 0.821316395580765 0.199025207204954 0.654575448904699 0.842651713614701 0.895191667123073 0.621708009604526 0.884317113343586
"cg14301562" 0.85618506649644 0.170375289208348 0.562001284252997 0.816306906846374 0.860424295889797 0.59248683458982 0.822823416576831
"cg05656688" 0.823776343127385 0.174760147865343 0.797937201274026 0.721701000987154 0.916687492286566 0.456657019598603 0.881844116910703
"cg01774027" 0.660134106720198 0.71196766167834 0.345110336561559 0.156811883214765 0.0622989235409709 0.629423263224067 0.113351075282303
"cg26706803" 0.542056953013292 0.706890636798006 0.0646861119401415 0.378966062975524 0.0500133479953875 0.5405223105967 0.0893610971416528
"cg03837680" 0.250807811502202 0.610506771555046 0.270419159505508 0.192565977905371 0.0429119749313639 0.46065650023353 0.0474334831336954
"cg02381279" 0.337964156967763 0.622420520343769 0.0925696308200978 0.149824613403288 0.0499448320434312 0.590732365436085 0.0561051963311884
"cg26823762" 0.154411205491442 0.566892733648728 0.0340652225749847 0.0923251753340145 0.0335226091807157 0.5507809117539 0.0384697621472698
"cg18907610" 0.803070077151716 0.752969302207921 0.195076188041178 0.162050017379492 0.0670967160914767 0.861472509421072 0.0958358326333921
"cg08178956" 0.534920651007351 0.665214013233467 0.172245357041592 0.0964489916531352 0.0427790970824142 0.727913361768707 0.0579943977515414
"cg23829102" 0.479776025895276 0.667258678391636 0.0554051738061116 0.245912419792458 0.041150508149416 0.628819645480477 0.0386219748722497
"cg09101151" 0.269120691248326 0.649189893106661 0.426811297000722 0.106477154232447 0.114096934825208 0.491567969160135 0.12424268365087
"cg09958402" 0.377524391916254 0.616910220815298 0.128722385248455 0.0808706002716802 0.0322635319605941 0.600217854789825 0.0437378171829354
"cg19736900" 0.450043869420834 0.650183502550569 0.14331496549784 0.124635622762345 0.0713263327976421 0.524519558308903 0.0682524153180997
"cg11481582" 0.355442024779199 0.603884481646244 0.0589546051306106 0.081688647683056 0.0347345493404063 0.515107367725539 0.0416809205820408
"cg21199093" 0.723609032901559 0.755111338240182 0.0964440305770072 0.262890361592882 0.0740983999562751 0.838502822829753 0.0811904169606761
"cg01447281" 0.0454238229318296 0.538389675623522 0.0699217454094251 0.127177969130482 0.0447077869511491 0.233008311659974 0.0392383465526635
"cg06630241" 0.622041481138086 0.710857488504428 0.0604112653280885 0.137052653869259 0.109771088987963 0.649002794636138 0.110553683847282
"cg09324018" 0.768970919228662 0.741795507870307 0.406994384474907 0.115721052834019 0.0670831255092964 0.740553701558636 0.0687684640520049
"cg22589728" 0.181573941351595 0.648943584666646 0.14639049978921 0.174881379911979 0.139975024663432 0.393212132844234 0.168470493920156
"cg11147278" 0.348519399842685 0.657820266666211 0.378307386295595 0.219562655341788 0.0343911504217532 0.540659883548348 0.0405384816330282
"cg05756780" 0.210802681633006 0.707084614405785 0.455165649128651 0.413770703439921 0.0555161084398638 0.608264182338162 0.105444431662302
"cg17087974" 0.484826134452382 0.693760290215766 0.248239215146638 0.133557804242133 0.0615467409044025 0.742681836356053 0.0692621307331732
"cg04887172" 0.441997437966083 0.673812060371015 0.0375053505919623 0.157022646786758 0.0751890039187489 0.59896766503605 0.076233474031724
"cg26971042" 0.068388943948549 0.576161312340907 0.060291312806348 0.0827332116001831 0.0962039867759864 0.213341203682837 0.116677457224897
"cg15945333" 0.753296567936144 0.732982967223105 0.0498613952446207 0.144100695259842 0.0473603487819937 0.804630197796501 0.0519230989130792
"cg25887844" 0.154035964982655 0.678770638760387 0.270529262329944 0.403852856484261 0.142889651199249 0.285372817469217 0.073596632239068
"cg22897715" 0.171596388701007 0.565181465137023 0.0314702635206627 0.121831238214414 0.0300462297123189 0.178143590408437 0.027090038828329
"cg25045219" 0.10827022655649 0.694574941796772 0.192270348592154 0.383325299204072 0.0897451479886532 0.693819892083449 0.113745428622429
"cg20790648" 0.664334816702693 0.763451312815271 0.200942039737764 0.144985962028463 0.0954723070880299 0.763277235833645 0.1551053432417
"cg07675477" 0.163383287048263 0.66745746522945 0.101273243726156 0.227931732484572 0.15037811910584 0.362610673321202 0.143698506650571
"cg05608790" 0.357230842817447 0.713522018750148 0.125270347127441 0.180657820191625 0.101221620783394 0.64123234873234 0.179958983287736
"cg08545593" 0.81303270603708 0.791030310077242 0.465487421133046 0.174532077458694 0.0491192968641994 0.881547685172411 0.0502345179505582
"cg01088404" 0.450952976175573 0.698298060559379 0.100213404747476 0.18436538954936 0.0433345328684613 0.762145413888706 0.0430147820505329
"cg09704136" 0.711417227706242 0.72657488484128 0.0808125232109584 0.1083159706249 0.0356605211938878 0.770546827078223 0.0373918881774708
"cg21232161" 0.335966466018168 0.722882573966748 0.435490642392842 0.161527839236412 0.166499883533673 0.585409649445774 0.0823383618917461
"cg26348226" 0.242306907533907 0.636294656240157 0.0946629311658716 0.10314623314499 0.0516864544644784 0.480295070371753 0.0731387389670751
"cg07687131" 0.467868601480915 0.683551141014506 0.0484752785463185 0.124809826980127 0.0603465943545077 0.539847856064839 0.0584463431949297
"cg20049422" 0.79720060887042 0.80881613239137 0.286983010791007 0.183873200576806 0.0581204633810938 0.894539779890979 0.115127316281298
"cg24728803" 0.46703781769445 0.701763958958152 0.0524168207874191 0.130860051356318 0.0671353908579029 0.670000841330752 0.0672141628650977
"cg03677056" 0.704184568123581 0.803928556896959 0.0705126863857621 0.22376103371931 0.109973304997606 0.862914405919348 0.117570846790333
"cg24315421" 0.282646707713319 0.714065133486774 0.201151106891006 0.415156249693132 0.0403039736491025 0.513435170224855 0.0356825084844207
"cg11173131" 0.295812341081932 0.676638024482026 0.0972385313466901 0.143592286011644 0.0379130068385143 0.598014899253949 0.0425692801311189
"cg27218978" 0.370080914989766 0.76349794157116 0.462351794607281 0.173728527947898 0.176975965992443 0.659841201256206 0.060402326494981
"cg09001226" 0.3571542412615 0.756945642006566 0.608446976079437 0.279852027506958 0.0727506555991806 0.519041121219585 0.0790875001195631
"cg04179740" 0.0563729409785385 0.649176959681163 0.431441382281204 0.19835303612378 0.0365206305413651 0.291131196755622 0.03505894993502
"cg12273325" 0.0971691906721567 0.652052897637174 0.14877782871349 0.0906744025260307 0.0334573648377095 0.383905283929738 0.106175022118131
"cg07381806" 0.106142881742308 0.724727067770774 0.51692062982758 0.100753985890868 0.075790523901513 0.378095884626946 0.277873565801782
"cg18881723" 0.0423334024320254 0.631627185137311 0.128422904172076 0.109036447709118 0.0486551790223423 0.240403815306851 0.0644835907220286
"cg13404688" 0.396328726386775 0.765501404350169 0.316105006365599 0.192256027065965 0.044548675149825 0.737849092973086 0.0747392904637985
"cg11358405" 0.259351228986254 0.689437967899409 0.0939020846094392 0.12924939212166 0.0375913153814035 0.492597309698552 0.0442928971389636
"cg06117093" 0.105735237156719 0.699899000187867 0.614873167022741 0.161654761553383 0.0434369259917848 0.380579565231742 0.0566582252248033
"cg17766305" 0.193119572240476 0.794141661521098 0.110842347796488 0.135867943921663 0.0387014367018045 0.532308035965239 0.0717482064241844
"cg06768361" 0.971418421135689 0.942979978900938 0.116852329613265 0.961051864775929 0.909531446597413 0.97258656444676 0.943495206209072
"cg18168751" 0.981076716964101 0.982570101612531 0.17899940579281 0.983902287797137 0.982693488078503 0.983025615189968 0.982545317414177
"cg14203426" 0.98249648013781 0.975950000862168 0.167146371150798 0.977023046664303 0.964483684290588 0.977489890052183 0.949229185766802
"cg17052552" 0.907672006075183 0.89393238783889 0.115838061593849 0.907634731387976 0.91821238805214 0.91163372306086 0.914439259065634
"cg15974642" 0.913404516882785 0.901610963763465 0.114210549822616 0.908536951885309 0.907041418704835 0.912645972360817 0.896245642574905
"cg22353369" 0.871465272805257 0.907616075260523 0.120244125729568 0.906389857051079 0.897590031228514 0.903987173677208 0.889937034046795
"cg11926444" 0.960551494659266 0.955052759468982 0.195752769810323 0.955893892900087 0.954378173397028 0.966597828034466 0.95283122382918
"cg04120520" 0.904074525373399 0.887241180960134 0.125697458382002 0.88987100463411 0.882514917745404 0.917061218936288 0.849071897839354
"cg20151221" 0.911055824282309 0.922551771483004 0.17424892881924 0.937569707523423 0.942442711498416 0.932882645199139 0.941309829861274
"cg11759194" 0.89547792733929 0.888728271708263 0.136966442055213 0.895703857323874 0.903225667357173 0.899677781904482 0.875133799337627
"cg08221288" 0.917012269894123 0.90818619495284 0.160290061108041 0.922369275737489 0.914779087512866 0.924486914957863 0.913119641296676
"cg12099546" 0.893269739854704 0.89797467710011 0.140810188855483 0.894734764534215 0.892562928550247 0.885755010711524 0.901286374868492
"cg21768884" 0.962525876738233 0.957702044277418 0.203388919361048 0.957116107669585 0.957700342907353 0.946392171368724 0.950129758778789
"cg17528559" 0.907117123745907 0.900308894335984 0.151076379227779 0.897122604722452 0.905064251755531 0.912287311151045 0.900177092622178
"cg13995599" 0.972376033770046 0.966447201376572 0.2201535032861 0.969714967574424 0.972313364346673 0.979414787303816 0.972817685616347
"cg09710521" 0.896582387687953 0.908617063628437 0.154146125846925 0.908423221974257 0.908006281703732 0.89703381757186 0.904343495884853
"cg04643690" 0.911720599420799 0.901717612444957 0.15165489094895 0.912430837099674 0.899879666449245 0.911108633648342 0.879755576322103
"cg26504110" 0.97874443280238 0.977667027189206 0.223500006302231 0.959138438327987 0.976297599030469 0.948678509458409 0.975813916791426
"cg26103369" 0.912151696577572 0.901374068209165 0.152726824586141 0.886470523767639 0.907694277401396 0.923052200793506 0.885144091616516
"cg26811065" 0.857507549442353 0.819896310232036 0.0942367445846071 0.865237263641028 0.858557440402865 0.796658885472415 0.812225150385043
"cg12973904" 0.880796016263863 0.867438709721858 0.136941222446636 0.896348848280606 0.884971706987161 0.856301646579367 0.885016074061767
"cg00344445" 0.963717224959644 0.943014373057319 0.102630918374226 0.956627352380376 0.82655610925898 0.973408019573244 0.512108639322117
"cg04780984" 0.911642375285813 0.920607756980853 0.169718314295761 0.923277792892048 0.905133829289052 0.928794110061814 0.885230000866691
"cg05686445" 0.91847759099364 0.90381420613697 0.17413464226839 0.921380751677936 0.912196208897932 0.922919177754218 0.915188799040694
"cg13863638" 0.899853535708685 0.891738374868254 0.151609365135229 0.896592028374325 0.888471287795511 0.904169480660799 0.879202000394407
"cg07232003" 0.920769108483677 0.923046365398627 0.181925557141947 0.92671296142343 0.921449331240861 0.930157241239259 0.912323981190312
"cg25105522" 0.782668639520708 0.871958601635753 0.0882059639340019 0.911981776891161 0.808846371962863 0.808735088123046 0.766545669235671
"cg27024200" 0.91897850312204 0.922754946466962 0.184789005867624 0.923038858073724 0.923229392991623 0.937057637561581 0.926479236206799
"cg10594510" 0.962489679291905 0.926253504539049 0.215012974676237 0.962116134381127 0.96805476704862 0.945211380227907 0.956627653851041
"cg24390871" 0.908371698586035 0.896855247054608 0.16574948289241 0.906072464802716 0.906423755757735 0.914336919185297 0.90207019920207
"cg25471557" 0.909417413577254 0.9029369183836 0.159885354749095 0.892128476137829 0.898042316465124 0.90161106886481 0.890507019332304
"cg00953201" 0.957334591645177 0.945501846852781 0.21266814471733 0.949222454740804 0.948487083006478 0.958811779878418 0.950745732124941
"cg03445653" 0.914668941256202 0.892996800254157 0.175728289128936 0.921209844246068 0.912173331089996 0.920779827236909 0.925365632227134
"cg22897659" 0.913976768512513 0.915976706537278 0.178529995589728 0.914215994342352 0.916029732377366 0.918055144450112 0.915784219652287
"cg00529757" 0.898646467881586 0.891325790328939 0.155656937121661 0.891107330928362 0.897470609460063 0.888206099306009 0.885111253523446
"cg02814691" 0.891286007027338 0.883094432104068 0.155757443362335 0.895574812513758 0.898217638586123 0.891602414058976 0.892753692806031
"cg26348616" 0.919280954377547 0.920783194373548 0.187674665157331 0.924562172822095 0.922501891286566 0.925109112670578 0.929277388242157
"cg23044178" 0.906039760929186 0.83578148286022 0.126601029111015 0.879635337881512 0.871695201393895 0.904641744014242 0.807374948761894
"cg12140749" 0.902501095252627 0.904122209806324 0.169906544560351 0.898152888616206 0.907377095590187 0.915116599013657 0.904840750103855
"cg04228042" 0.909785747391337 0.894937389916879 0.171621471599962 0.913260944941673 0.907536286510031 0.906721845772941 0.906159943358716
"cg17687789" 0.889246157417038 0.893596524536033 0.156426711111685 0.897557933248717 0.897221914353042 0.834665095442719 0.895093319332339
"cg09846625" 0.901431351314321 0.896719953971147 0.166514089443878 0.905821483958517 0.901134165602295 0.907741809550833 0.893304841369884
"cg16666745" 0.891742254598967 0.897986379692253 0.167041878934638 0.903187882391858 0.905238711982619 0.894990311541907 0.902859270032256
"cg08223760" 0.880904879844215 0.865847547280523 0.143213869699677 0.888429117350481 0.882110501827706 0.896130596181298 0.858099430548526
"cg16277229" 0.871712693435143 0.895317881430449 0.163746069566857 0.908969188652452 0.902602940967759 0.903335773692153 0.894126162800189
"cg07790778" 0.856468426827403 0.840544716569695 0.115120166070932 0.848546761281788 0.83459479676549 0.865305373938914 0.842656028650339
"cg07034255" 0.909779709217139 0.888514109551559 0.178670865821091 0.910163950942111 0.906431363781022 0.925749011498092 0.916552914574842
"cg22934200" 0.906522258580028 0.906264768926932 0.170251370637385 0.914204512937142 0.862520992106511 0.908412060138556 0.907501821809837
"cg10047173" 0.902034610621188 0.870670025823231 0.157315029788824 0.900843405276077 0.880223071193712 0.880917808251851 0.878525448802917
"cg13904968" 0.872080399630992 0.870528561426487 0.14871177900545 0.883591102228014 0.883387489177588 0.854481556225473 0.877806993401681
"cg16505233" 0.027661096203484 0.0492839385844186 0.422715518364541 0.0338650365250231 0.0286091165347269 0.0264217594891345 0.0475027953075084
"cg15599437" 0.043509499503733 0.0422809738584041 0.457869697223534 0.0525854801810774 0.141992308800147 0.0638202634296903 0.0536583635918038
"cg21370522" 0.0816694987086098 0.266816192920288 0.512117645793416 0.0424873518489258 0.0303734643842717 0.280206869546508 0.132888143791342
"cg20660269" 0.0284241586046803 0.0662005929880663 0.464229354355422 0.0339103483021406 0.186087705411475 0.029099455311469 0.0336036974287827
"cg19918549" 0.034965074005515 0.035578286785052 0.453044853395545 0.0366180065073259 0.0571413243843273 0.0299368922059711 0.140014886893605
"cg08767044" 0.216495390951717 0.183556598716231 0.489008185791328 0.0386031710431446 0.0254164086487939 0.120225466679506 0.0236954271935002
"cg17607231" 0.292568954985148 0.164789269193779 0.595514511314598 0.100412166095677 0.11771866815316 0.344233770532395 0.278977697619512
"cg22184990" 0.0825332054744218 0.0341940295048933 0.453760641034863 0.0915145883085339 0.0345635898432413 0.0417685594817055 0.033786038261109
"cg17707057" 0.0572383010628255 0.0543398565900042 0.472030662489518 0.1439905671595 0.0619635319377589 0.0596857859844784 0.0404361801871165
"cg03638781" 0.0594115681844595 0.0429337689228411 0.462485990858502 0.0728804003954378 0.0528826377855308 0.0386062666662432 0.0619100335566126
"cg09977703" 0.0379499630640493 0.0504199789723771 0.545260057415395 0.29290820210874 0.192049442876411 0.0167569628874297 0.140115267330208
"cg02508743" 0.363908125303284 0.0781789533246013 0.618768521661001 0.060803974204311 0.232498516525717 0.340627483511405 0.28197244573402
"cg18051527" 0.275207517851534 0.0658022290603118 0.607139406405421 0.348228427679876 0.272756677011619 0.107522881645013 0.0697612720001365
"cg00092400" 0.0951444530585125 0.0756505249250242 0.516964008158258 0.251411480627486 0.0408276356070935 0.0929611940527763 0.0625482234165408
"cg04987734" 0.126857896741259 0.178950981504734 0.582208935876665 0.0508402587653722 0.147572387526627 0.254599405091099 0.246997800565806
"cg03466198" 0.216934679937116 0.152382812452251 0.547491444533757 0.265260205945799 0.0226254348507473 0.0895760051473244 0.0169933327855704
"cg09742465" 0.181514699809565 0.0405304979792591 0.486825964797834 0.0374220858678385 0.0355953521070815 0.0736452815261746 0.0364654267534792
"cg27540367" 0.132534882395534 0.0916212534454855 0.550950271504669 0.364775523843389 0.0423107337613364 0.0733684343895297 0.0423367733450539
"cg05614346" 0.0534268290796213 0.0672316894285776 0.494027551520064 0.0840590340942453 0.0554297327026631 0.0547543707391344 0.0541648126266846
"cg04466898" 0.0563887771467571 0.0477883958438059 0.482681638254444 0.0472869369359395 0.0459005507245667 0.0506412928425561 0.0480707045146373
"cg08574423" 0.0196870740003342 0.0848669095676675 0.483132041164594 0.0260886256472823 0.0351327369835911 0.0260621491191312 0.0748168539207498
"cg13152952" 0.0993159243607074 0.0533886960673009 0.488848118270235 0.0386584550895789 0.0327986211887242 0.0883967218035719 0.032326212076478
"cg05596756" 0.0286142666441268 0.0455791090272209 0.494077791837936 0.0712655697984111 0.0338610651271939 0.0279631315270359 0.072651615031523
"cg11958644" 0.105531377380493 0.224774634612408 0.553384753724421 0.0408833208424961 0.024930174214226 0.316150249403923 0.0338368328128314
"cg00360761" 0.303283147820399 0.075142878999337 0.638984323079581 0.261081038383646 0.143066076113237 0.182514333684959 0.129425049553893
"cg09458566" 0.220659458312599 0.0848389226846938 0.576045524166886 0.157832392466935 0.0457185169028351 0.225175419926928 0.0424081607657139
"cg27485596" 0.104515878215403 0.108159483250325 0.655910725437969 0.167602655373217 0.237941471128006 0.23694631365678 0.290549295003194
"cg13639901" 0.0925036711271054 0.0760478778026288 0.558119575110695 0.133921663453036 0.0760865708614211 0.0770805039469331 0.0899766560954761
"cg12634208" 0.439102761722989 0.229544220263156 0.683342814965276 0.199291238884411 0.0905849157013138 0.391535154944086 0.0973760401276275
"cg09228833" 0.104637570638974 0.140092295607633 0.654316029350995 0.499383904575874 0.0932026915822444 0.0952197624200476 0.10227523545142
"cg08098128" 0.0295625345136524 0.0519452482278735 0.528761635610845 0.102602152993851 0.0421544274485775 0.0258562970848796 0.0270098377431505
"cg13415831" 0.080270049635483 0.03981594916584 0.563135759503665 0.261983058042078 0.0337395782968358 0.0573777165074186 0.0296048097604574
"cg06637812" 0.076581745444922 0.255544568317596 0.615224324299003 0.121548212186628 0.0950680994220276 0.0870522606191962 0.0924790147495557
"cg04960065" 0.104333407075598 0.0828021271623099 0.55078124198349 0.0383247747743961 0.0310732756597061 0.0977894546170531 0.0366209627818206
"cg03094728" 0.0992395483466329 0.0690025235509213 0.597030966831059 0.238533347726688 0.0748620137556708 0.0657167466646761 0.0711183734645046
"cg07884764" 0.0770486224945918 0.05635501320463 0.588463175055386 0.0586723831953187 0.160621949587703 0.0477851661844236 0.126076197924343
"cg03422583" 0.0817330526401034 0.209957539579266 0.57877540144043 0.0333555336917029 0.0236422062565476 0.210745917290026 0.0266730252892568
"cg20472746" 0.0468188043855977 0.0620328737800984 0.586832764530479 0.169037191472165 0.0601641176634767 0.0461498219632079 0.145555265684647
"cg25598890" 0.259114988929158 0.0353594783181311 0.575400401759742 0.0701175803767559 0.0280728200304682 0.0436038491908117 0.0338408179166665
"cg08317738" 0.16596544502238 0.107460176974354 0.630318247407718 0.080533155532692 0.0996384505776387 0.317409614869643 0.0944395924395997
"cg03636488" 0.0787895254381563 0.139207568126912 0.619228721239013 0.0618230918577427 0.0889551759195164 0.19843252186162 0.140917459909879
"cg15752436" 0.0393400593066353 0.0459125005946688 0.580200934061428 0.0438117773357157 0.0534694203727676 0.0440157558142442 0.106120101674923
"cg13408344" 0.0712342655073142 0.097505028726075 0.670846169696136 0.10906248395863 0.160791197357938 0.057056923129715 0.296855361052286
"cg23966363" 0.0583717026009963 0.0377811074540928 0.586032359634505 0.06755358130327 0.0511353008528839 0.0290719698288124 0.0376784733730748
"cg15153141" 0.304935581681384 0.0628151877654991 0.628746607058049 0.0288621839420811 0.0219859714236293 0.188291263927052 0.0505784506884111
"cg10768932" 0.0461987153801818 0.0641846243838925 0.663371045651221 0.0425754428390847 0.386051014222187 0.0350419668436134 0.0407055254544213
"cg13810673" 0.0289925948800046 0.0330941675200262 0.636733870224976 0.34044103733882 0.0327505958166012 0.0248930559633318 0.0648080987770875
"cg02003183" 0.0627007374612188 0.0762950001730943 0.649686227109968 0.0279636604961721 0.0628454687230072 0.127103068079515 0.108419429817271
"cg20979153" 0.0619230370608608 0.0831937624829385 0.749045685171647 0.49615833334019 0.0409505001829005 0.0426736688402909 0.0483326539719305
"cg01722297" 0.0924081743303089 0.144102220220768 0.777807279416707 0.252520472859296 0.0831730579220332 0.11874035234785 0.0903311424874986
"cg27106643" 0.925538923461696 0.916843568198478 0.809086702004932 0.145275056153859 0.936085894625995 0.94766477972336 0.955220521197772
"cg25131632" 0.948586325190825 0.93642299783459 0.741460301638663 0.181905669555426 0.955092196088711 0.909301948132085 0.949321241357069
"cg17768768" 0.968745165212404 0.955232748273016 0.865277227961497 0.208845986586742 0.962953766014783 0.972769625670683 0.969999019322707
"cg01024458" 0.880223222779655 0.869406585925497 0.765529870274917 0.146425535036431 0.918791663922319 0.882768157504546 0.930038712707421
"cg13738327" 0.967953066448626 0.940092600147188 0.842690007652488 0.209129283511148 0.9691039662573 0.929679484981751 0.974236043307446
"cg11661493" 0.876383110159331 0.866889149248539 0.851711121454429 0.133535939441723 0.86555206502711 0.865745731806861 0.869222399600162
"cg17995557" 0.873243332997319 0.794030742426906 0.818325702862364 0.123395290806306 0.874802718701081 0.86691542279811 0.876679546136042
"cg19276014" 0.97837389558041 0.965518414450995 0.897569368593696 0.252168310998506 0.976403792213345 0.978980410438586 0.97687392498682
"cg26318872" 0.893869097860734 0.891047651488636 0.78977512500738 0.1718368271823 0.89096898900664 0.904334780733349 0.895818145676358
"cg14936008" 0.900321131637138 0.891069173787057 0.690719739653405 0.171329993410219 0.890137589856175 0.91656223862242 0.901636390182285
"cg25683989" 0.880922410596502 0.853112738001818 0.60726939557087 0.148818072917217 0.87609531651896 0.898090285833328 0.873020990932229
"cg15532942" 0.873992111921217 0.832637341990816 0.628118008310674 0.147054938554009 0.878945281338417 0.864128955375259 0.879911506026388
"cg20602300" 0.901144851252889 0.891516387023684 0.847736754941385 0.191005477102504 0.901765628723074 0.909277376194713 0.90113938109234
"cg14066207" 0.855704406328514 0.903159354353702 0.734988158102596 0.195675000295102 0.940886207539825 0.850423418590552 0.946146956172699
"cg18250453" 0.88658679703208 0.799802354834298 0.839491754816494 0.166960054031052 0.896612408870153 0.881737871859365 0.90182923509126
"cg01598421" 0.963067444694544 0.947038509250494 0.744672856315511 0.248457220751328 0.964152681503509 0.966312377795013 0.968323959853103
"cg09469986" 0.874422144722331 0.835823691675823 0.502827196851612 0.147450237836877 0.87355581361773 0.857738625099375 0.888422105749261
"cg03860768" 0.846515372841682 0.825929019786358 0.578166612444507 0.133717174391204 0.872501939208366 0.793545750335558 0.859969109988358
"cg21596498" 0.845086853652123 0.84639211472102 0.657990569332008 0.162736558108723 0.889349161064489 0.908030760518207 0.881882036528458
"cg15035590" 0.893153327985366 0.880404366499337 0.739892174584196 0.187581975690291 0.893407758489944 0.909068385162617 0.893158345126365
"cg13356455" 0.891707400414287 0.819256285258547 0.646590109344189 0.161292666918139 0.890585331371289 0.851960354154795 0.879674472845725
"cg16085171" 0.849661079336312 0.877779739603425 0.684575041804448 0.171614015156096 0.8763597565885 0.882344746605902 0.892146353088944
"cg17679619" 0.844430791446443 0.846109082293855 0.673672683680323 0.143818918779759 0.856061749218525 0.839543307489948 0.841173941222501
"cg15348679" 0.941962143950913 0.948412210153323 0.723250151641957 0.224646570096275 0.894159775352422 0.9636877454846 0.924894369779095
"cg12604490" 0.846494371197353 0.809418648433889 0.614419230904255 0.133199016331086 0.848276782773666 0.856517494661608 0.832630342594761
"cg23683962" 0.896479971074752 0.868394155571199 0.825024016412359 0.196162654256834 0.897797178697448 0.894493517718444 0.898448975843901
"cg22826986" 0.819993574062414 0.78157445780078 0.492875025740788 0.11543813410709 0.868648357047242 0.756467233006699 0.843586237480987
"cg15235922" 0.863949456190392 0.860109099353537 0.640011975247116 0.146894239413118 0.847310527424557 0.807641359022182 0.82791166568507
"cg22212560" 0.905296698474588 0.868080275448581 0.808741689839903 0.137757087638807 0.671184355072041 0.913817694902902 0.866403839509589
"cg01868869" 0.891062029396977 0.88670909023841 0.680308288422472 0.193659863142813 0.892780252157666 0.892614752933168 0.893776386666216
"cg03402235" 0.889353433147849 0.868599366637241 0.752728347901394 0.17830745240037 0.860775383490395 0.912747859208044 0.844083217438646
"cg22381248" 0.870728352531336 0.83821244776783 0.577527740014576 0.150580194985135 0.824518680849049 0.851997978543768 0.870365531264595
"cg07698804" 0.501550330633629 0.766894981639796 0.888774627220832 0.106216029341778 0.866984714943057 0.755228043956267 0.943439846036277
"cg16411445" 0.979720131768892 0.955768884632663 0.793124590350016 0.279564258785661 0.973105529649948 0.97237609444693 0.981163004456704
"cg00760938" 0.873933557601102 0.808676017720049 0.596065434016913 0.159415334932744 0.872357602795817 0.871217231477636 0.859907680923737
"cg07558704" 0.943465543945362 0.935443232391563 0.891596886835913 0.257579980719723 0.941923596431342 0.944445469763482 0.94324825809387
"cg07435215" 0.885959637193812 0.858208192189406 0.728033971878555 0.173621980907595 0.874606201233563 0.885764115452539 0.818787174567689
"cg16654610" 0.857657248218198 0.853507086764182 0.673572792757831 0.168542893132376 0.867757270886892 0.85545744503627 0.852960706071287
"cg02212339" 0.938433759628591 0.93446051454787 0.759702332873727 0.258467999565393 0.952340754783635 0.946757644591654 0.960783141489166
"cg07721872" 0.804537788370738 0.866834622592282 0.849485347947652 0.20971035907864 0.929354739362764 0.904102016214965 0.933669998874682
"cg26552743" 0.884785854228836 0.85338113487555 0.601541693402165 0.173116049146919 0.85596055162776 0.883711978162194 0.861772571963422
"cg23948703" 0.851035207299942 0.81697832318231 0.641112762911779 0.160154900864761 0.861960777932196 0.852391220491632 0.859656018878277
"cg18184053" 0.871892914018193 0.74319101594256 0.535651307644241 0.121676699974243 0.814237952655073 0.812753615187161 0.819692466814455
"cg26810157" 0.843143773991757 0.781556986622301 0.77401048635071 0.149198532270624 0.83160745320638 0.830746416275357 0.83624954076377
"cg07145038" 0.880058166043199 0.861966592167985 0.552390581536688 0.186417055007381 0.884062793988867 0.859641556466753 0.876422672934265
"cg04828493" 0.96083666437238 0.708325244788674 0.941383233865122 0.212048281394663 0.87857608564453 0.951169447348678 0.96853977071883
"cg04947949" 0.86293112762996 0.867324116992045 0.748381173148587 0.193130612044271 0.874982632610816 0.873212193969185 0.869184717080023
"cg17232476" 0.858377343515822 0.847671924871781 0.712139785048978 0.178652617610829 0.840325352428428 0.878579440840016 0.872668023027553
"cg18590995" 0.856964853460401 0.840832623245067 0.578693034124061 0.138540579337657 0.788516579267653 0.849728712767586 0.793517612017353
"cg24667756" 0.807628066556732 0.762126381775616 0.646280660260214 0.142296078277883 0.851092730404843 0.860498177139144 0.839243658223896
"cg20541456" 0.0437670738748175 0.344702318456973 0.399865016038531 0.622235246456276 0.0498263430049129 0.0751980308848863 0.017106854323744
"cg24834394" 0.284438814083743 0.361512381675617 0.646177990403531 0.789524095494516 0.346084462965069 0.406212313622659 0.0493851971107263
"cg26427498" 0.254380496926865 0.469153248228575 0.556357154909312 0.713213775911213 0.0384735190221599 0.253569298763263 0.0336188808816713
"cg21638533" 0.265219160506584 0.779944405812695 0.705719742625634 0.825274094451379 0.0532042312172995 0.533732429567779 0.0544434340197509
"cg20236089" 0.105661199717724 0.0481283592127854 0.0759154939309522 0.584664574945174 0.0543706079229217 0.0532627521495402 0.167588588930917
"cg13374432" 0.763213877739892 0.0842355777231454 0.286810386514895 0.734596161405997 0.0404334074531098 0.561512828545387 0.0695425738801997
"cg10057264" 0.0647351675540376 0.325912926839507 0.169987533910386 0.675158978292387 0.163135680766661 0.207203650959851 0.113158320262131
"cg07725527" 0.0872356928149082 0.0999958592187507 0.655213343986745 0.631040269934877 0.121669216355985 0.090750626195989 0.0902392539229708
"cg07091500" 0.123383157841161 0.476467347667842 0.233664806977007 0.706287854376484 0.0717446930319289 0.360536173895006 0.0759456466135875
"cg19268695" 0.0672374672945568 0.0795117077635893 0.58725706049661 0.727684614452236 0.139515670909707 0.0451960519766743 0.584194736327281
"cg26954174" 0.588289139497891 0.193037482133242 0.0560587505474179 0.712853166655496 0.0508685544263487 0.485977153491344 0.0419005985066552
"cg23433370" 0.57326839782653 0.0932860943454867 0.726803600155278 0.708037914878767 0.0466096302067934 0.361658664347908 0.0213514925850925
"cg02734358" 0.349096069848474 0.067097017022552 0.439089599685703 0.751480551166858 0.0426995020720501 0.281706114523909 0.528711669399315
"cg08698943" 0.176837572515277 0.314948482077035 0.534081839629302 0.766694123885067 0.0918910322717027 0.329382299480231 0.351116609594024
"cg20380468" 0.0520136336018978 0.422013847891323 0.600727799676268 0.791960587795987 0.409550972391338 0.0872742586489973 0.137947432138416
"cg25616055" 0.0464405690351698 0.0916923001665854 0.37635332101758 0.599005560726145 0.0771450126588777 0.107617608150972 0.0298501638926107
"cg09076077" 0.473716867529699 0.0938430103314542 0.506457228799776 0.714873670932666 0.0683546174605055 0.445874337971604 0.072341377185818
"cg09335715" 0.473803002134609 0.14746363031464 0.112981889995623 0.710157960878559 0.0475923839491629 0.593215515661341 0.0447398237840422
"cg02779913" 0.3684355374186 0.167800094513117 0.370570317236075 0.679663460727156 0.0275022440439145 0.322796673138832 0.025740941859825
"cg00619207" 0.0713079470441913 0.0868718511314201 0.524143091505227 0.714517567402022 0.114214167075008 0.0556274763188911 0.475172564701802
"cg21291385" 0.0898551482136638 0.13657418577488 0.666101577655058 0.716969020774695 0.362948235509229 0.0895295504037848 0.0707407091684005
"cg27507284" 0.352783356449799 0.100600513066882 0.58745113629437 0.680377719569097 0.0517046957081659 0.260875818341401 0.0475595295553548
"cg14574996" 0.503090063238976 0.199257569794086 0.640536416295689 0.778515200252538 0.102240005849329 0.445334580424077 0.1286303343881
"cg00874051" 0.539773638364502 0.364256814485277 0.524909862439726 0.79971295038173 0.0825839102525137 0.509898269735708 0.0412524485381635
"cg00058449" 0.381221053933278 0.083238121053711 0.655781899956328 0.769143557869417 0.269999907385524 0.14523951773889 0.198637313440549
"cg17950348" 0.565982605140185 0.0754944873054688 0.541651404489039 0.734444813500375 0.0573257298311556 0.435195276195045 0.0402635032772215
"cg03889263" 0.098815656095673 0.603873959989141 0.203835354002743 0.758368620763541 0.0689108422575548 0.335093951771361 0.0698316882838234
"cg09849688" 0.195339968728277 0.163365757490394 0.467665031006542 0.665379425565937 0.047860058504478 0.135730553030453 0.0426785602896226
"cg25983531" 0.445029287773243 0.138918431184403 0.513852322115368 0.741617644085687 0.0792007178769605 0.38099379500772 0.0732378659056303
"cg25518868" 0.07381177207523 0.145884106055962 0.728037010575858 0.64831390632039 0.0384602743301405 0.0646501501075872 0.0335450840100993
"cg15361750" 0.654560001191516 0.191364146374238 0.0849502551752048 0.784685769618088 0.0756580486937522 0.603698638525423 0.0615135994575054
"cg00902153" 0.113191939042124 0.619777822618755 0.436721221465377 0.760226803438803 0.0394491963509143 0.120493467009806 0.0616317436358225
"cg15906007" 0.0780694374115115 0.0785343636319767 0.112175521851469 0.672477594296533 0.245833824010388 0.0693826744205347 0.0941213499462422
"cg01054402" 0.0779711541951455 0.488877682374653 0.371970329003643 0.77294607240475 0.23491863526988 0.135661261833608 0.0508230759075015
"cg08682625" 0.0870864882658036 0.262900972892634 0.526039841400123 0.692648070007867 0.0575125380193217 0.203489946925272 0.04994156827313
"cg02492279" 0.424342646951417 0.058208769471652 0.0546945104232762 0.688894574761209 0.0315125055199105 0.421498751748744 0.0276760863362462
"cg21278103" 0.415699475268652 0.42809955632482 0.0936441881022912 0.815718623900123 0.108915144891732 0.511129527347304 0.0815031610922191
"cg19269039" 0.047316115335445 0.0742763024219963 0.648761682713848 0.746104713394069 0.119837403818225 0.0336954560814018 0.37247373830525
"cg08560387" 0.0587673812548367 0.0444842143279886 0.308749195818431 0.62986782727037 0.0327840623639976 0.0361153743074581 0.0265799086880432
"cg07635227" 0.107459293451873 0.393263796572268 0.534525984813479 0.741773177848826 0.0287926100165004 0.149108640731224 0.0264408753243559
"cg14317609" 0.0641162101116138 0.0544745795563543 0.0420908297884071 0.641532895130565 0.0476732282888377 0.102276931869949 0.0455336129326447
"cg01156249" 0.257370374858565 0.592526731723416 0.704025507234539 0.850287853838387 0.0510184987472777 0.268896595029393 0.0455367995408321
"cg09300089" 0.342432290103956 0.0690238383574319 0.582662432345812 0.728310275766531 0.0446369277458642 0.159789844611563 0.0375480495867799
"cg23357708" 0.105129573553527 0.133392197652229 0.387780223106283 0.709730047179606 0.0464326324036175 0.176019814659359 0.0465596713547895
"cg08864105" 0.104707020390536 0.104903886104588 0.489096773232652 0.718466999261652 0.0593685349761131 0.0931830810578223 0.0587389230773507
"cg25336765" 0.291218526627356 0.0984450197029643 0.52465423619448 0.771911157023554 0.0485311759531404 0.291974104921589 0.0491658557614973
"cg17266282" 0.124624365826287 0.196193134488469 0.80993990394754 0.840337639554795 0.125686989902893 0.234846049308288 0.129169028589033
"cg02606840" 0.0333602877900926 0.0505888819469375 0.526148120092428 0.737737096991745 0.0944755661623371 0.0236300994646789 0.0313248354662488
"cg03429643" 0.0389102027073285 0.0505941801547014 0.361777392202833 0.729471795404945 0.0377317202485037 0.0351729745302585 0.0300262037160219
"cg26872907" 0.902260338586525 0.859250023618911 0.846489775803196 0.921189816344872 0.0935677942956454 0.959111017752436 0.950020552030629
"cg23244761" 0.95332699910084 0.900477890169482 0.906526202137943 0.943687927606279 0.146501102651377 0.977895806709275 0.969555707072928
"cg10480329" 0.900971690974239 0.866014946602618 0.898564681573108 0.892339462623254 0.105088584539841 0.919431373218922 0.850405326725994
"cg05923857" 0.810563983057994 0.874697804911252 0.86622647766341 0.893396002646336 0.100915185797407 0.934242514740299 0.850817866949613
"cg12655112" 0.908908567533542 0.88830959486679 0.728356948738549 0.882795913100767 0.111133804846569 0.949595770771486 0.751867760309234
"cg24788483" 0.877719698941492 0.885571170614923 0.835127820332823 0.909739604902169 0.155866913431438 0.962764053333989 0.914850273338527
"cg18066690" 0.885634146898685 0.864942411337809 0.775019788809576 0.898863901891044 0.147146871728078 0.910270924890673 0.899310014468602
"cg16636767" 0.87627845360365 0.837286815110928 0.834426520016731 0.858829345210577 0.129692938263053 0.887741427229861 0.870563114483111
"cg20610950" 0.87833209084382 0.856832128923942 0.868130272233838 0.886607973538076 0.0725039295686347 0.921606272351331 0.546094267651916
"cg18990407" 0.927739295260935 0.896983801939778 0.802072762943518 0.857141789365372 0.143890802209853 0.955638880294994 0.797896484952905
"cg26538782" 0.856238123684577 0.830419493609682 0.692532031816298 0.806982415805798 0.102329473705497 0.891884505993593 0.825173246458116
"cg12422199" 0.828504333238291 0.756973453897329 0.772247645158758 0.710369011501174 0.0772314764178727 0.861006908941897 0.856903890093418
"cg22675702" 0.817364460466353 0.793782910056323 0.835932273993048 0.818474553568213 0.103492064794389 0.849170759042155 0.809404595322432
"cg02244028" 0.858145346778934 0.824723980593714 0.64731180826035 0.861467267567036 0.126645141520921 0.887431637783078 0.811606498412471
"cg10624395" 0.880059465957595 0.850124233954227 0.756831294462485 0.891918959984174 0.173427869240724 0.902402651034698 0.910195742880054
"cg08908131" 0.824894763238971 0.773812450180414 0.568081708032928 0.842994368047977 0.0991966579069658 0.811483771522505 0.833693686128176
"cg09322573" 0.858659748255979 0.817413931899555 0.609454971162137 0.83175602632683 0.0770783657268719 0.882742663295138 0.632438914939188
"cg04468741" 0.811940603637427 0.819756566684907 0.798906959706264 0.864188031319671 0.130341138602443 0.88908328020026 0.814968410856092
"cg01476222" 0.868977860585571 0.777991807173411 0.850587768176421 0.76150547783643 0.11488267280324 0.804766788121981 0.852226600266845
"cg20559385" 0.759754398454212 0.777121600744054 0.653822857131087 0.797556252753949 0.0718734007114129 0.632561759019828 0.825387213026407
"cg00288598" 0.796274157237897 0.898652109492169 0.93339048741564 0.934213120356493 0.148516544689693 0.86743449970628 0.720365721596173
"cg23146741" 0.814953297512238 0.765353664324054 0.720994645325441 0.792659651068929 0.0798909379721116 0.785881965892572 0.757317982958807
"cg05669832" 0.863716341612052 0.852187917607237 0.790690509040694 0.729444900712305 0.135537497159974 0.905079864102012 0.858168403431061
"cg03339817" 0.953961461564114 0.924664684741945 0.680727407183113 0.853115469642219 0.220923353994724 0.970798990657879 0.970060799967954
"cg27366072" 0.865443361325974 0.821804876601534 0.709273592368292 0.815671265358925 0.109193501113956 0.889773082845464 0.709566767292896
"cg20641531" 0.872775453618433 0.858279885492356 0.814715373760853 0.875878949250105 0.145361964331558 0.904977601071111 0.729945863103024
"cg10278149" 0.857617727462044 0.828627698231855 0.564202223000974 0.768633321052634 0.0777874056696976 0.87420495689903 0.63989934533023
"cg16429499" 0.841747282478095 0.79939661260866 0.643413757373689 0.519888771489806 0.0706592031048503 0.895556846998804 0.853753532942824
"cg09220326" 0.867108080543131 0.833141191089252 0.72843441332188 0.867665356886801 0.0976347887922201 0.899251016594167 0.568084328455605
"cg19835973" 0.880099648994278 0.849126698730796 0.798033020314785 0.913537070055119 0.204679027699826 0.936284084828494 0.935858468912538
"cg02780988" 0.816138503306526 0.77739970111128 0.547233389822048 0.796909050629741 0.106152662886665 0.837398350239124 0.833137804977322
"cg06297318" 0.813913768610171 0.798090389155687 0.659886194433701 0.818078358327941 0.112664115350613 0.839303427654468 0.786733482054421
"cg11186858" 0.938946244477715 0.883748625777145 0.926503582099054 0.927525540962894 0.133244438400416 0.979129643404683 0.455051881096146
"cg07002540" 0.813602116755841 0.751745885104354 0.578535712149867 0.855935465439175 0.0897354734900373 0.872436999154398 0.691279155865897
"cg00101629" 0.860146210644129 0.838416250765956 0.664049174246521 0.827766994112969 0.140342877661297 0.841290721509568 0.80084211186236
"cg21459713" 0.875125405746672 0.853470497646554 0.862722756042928 0.87877264605369 0.188560319939623 0.869079354156235 0.876366453367464
"cg14109551" 0.866897600325266 0.833782056492601 0.542752028379907 0.873248616013922 0.131807149796661 0.899232120515266 0.725047440333748
"cg04478930" 0.891683346438087 0.839087290686781 0.663817831681734 0.860892601268674 0.148465070623774 0.901229628926341 0.753359557903095
"cg22259797" 0.796637214122348 0.867809270948706 0.891013720309529 0.905686078341771 0.0915350529269703 0.875061794721872 0.4570122258123
"cg23391288" 0.868719555367514 0.86381881099564 0.750728661556498 0.883197147729234 0.197952916577866 0.899183183837713 0.910085294630625
"cg25517015" 0.82999443265529 0.826208895518643 0.717207088034169 0.862550027187154 0.111946420637748 0.842165326152987 0.637660971404426
"cg10649130" 0.827111529697977 0.823278311383463 0.75605890544231 0.768089080716272 0.0865859827252072 0.795432569828428 0.624793309109335
"cg10499974" 0.862377304893758 0.836613284030048 0.578169845324846 0.842197123665173 0.0697146684471362 0.925778817709778 0.430665886552501
"cg08694574" 0.866209372985432 0.851832359197159 0.655629061149635 0.879361716142185 0.132288939035703 0.899716962810049 0.642443681286576
"cg18835472" 0.80080771703606 0.780232092712987 0.726445660354647 0.789531000025278 0.0867331783612652 0.8559069965733 0.64812372378289
"cg26690127" 0.823394066440316 0.834913728780712 0.66526518091947 0.716477775102181 0.104946608403677 0.896645974761087 0.717798754966073
"cg18770149" 0.828699273137072 0.78213689531643 0.590823407195131 0.847434763241924 0.139638415662267 0.811343202827806 0.847749876586402
"cg25898577" 0.88229228137651 0.807255668585283 0.735079136023256 0.896465795931159 0.15808381367642 0.886200773883074 0.744639087013389
"cg24037651" 0.775112435200256 0.732691754039108 0.661606272654964 0.730216124683354 0.0901782497560989 0.704391011507609 0.833654234759411
"cg19358608" 0.841524802562374 0.82448446918331 0.59668027880581 0.851775706626407 0.0781721205885607 0.8701769819941 0.466495255582289
"cg01785706" 0.185924275246201 0.242619692504963 0.663887645449164 0.2523848855983 0.827535157694771 0.155954903166337 0.820315571463629
"cg23007665" 0.0682392402735461 0.0928648283927463 0.603200616199717 0.0708603461259415 0.679031991579112 0.0422338097490666 0.623005115626186
"cg20611272" 0.168716808801404 0.185334950497826 0.623853675046261 0.467359334378528 0.868421246436339 0.144357559673973 0.865030658994559
"cg02505177" 0.255660399598853 0.175002491194568 0.565971678428478 0.100033467158006 0.782250655460178 0.117307703409163 0.779402048694157
"cg27031754" 0.529508562228358 0.139109409513269 0.580805921506152 0.082638733523547 0.855946563962521 0.381129245378708 0.828935023739279
"cg15519096" 0.0866345521595253 0.250684304578521 0.266206159152771 0.44513038102016 0.840262984766666 0.0813911312942427 0.851104385274482
"cg19510565" 0.0987539179158656 0.123939494245455 0.568308276373927 0.247070564683971 0.766986940570182 0.0422792482268557 0.774286842589715
"cg27027055" 0.135371583034843 0.200103951138291 0.668353560247784 0.433078144544611 0.856978841343947 0.048613704570278 0.850168101010269
"cg17078393" 0.179640313153702 0.329488077088634 0.654782101763948 0.155135937173026 0.842876777068735 0.113252394087211 0.853043065245288
"cg07706695" 0.0695555419424595 0.112696112510863 0.546377837860452 0.204601693833717 0.753773345146988 0.0307295406746505 0.784806354097315
"cg21959598" 0.206282470990945 0.115749390991853 0.668717684963242 0.208670333349668 0.820086055602217 0.164040317166576 0.855423940138932
"cg20055861" 0.166595253709864 0.335453896543235 0.564100863544975 0.0931457988536026 0.83575859417833 0.185260376395866 0.849419079996028
"cg12603453" 0.129937734089308 0.130478139263185 0.848303047871637 0.824008813969736 0.837112093134002 0.0870875391132718 0.371253305082258
"cg23213217" 0.120518146377232 0.45136109827574 0.684220666742286 0.534470018307275 0.787826625141268 0.110990475543641 0.118628627460192
"cg25050392" 0.10260793016906 0.170196486526192 0.657501646140156 0.384574090432282 0.844886419683098 0.0682336897681244 0.8445347250776
"cg21577598" 0.0633642446938978 0.18409726831341 0.64082506996384 0.28408944408428 0.813182069819817 0.0469278098060682 0.817194271916279
"cg00517080" 0.493173217665345 0.165044507370375 0.70325949583387 0.0725114345251268 0.868425161826746 0.258812106563048 0.834383692077577
"cg26217402" 0.236384349590182 0.365759721301542 0.390251980320681 0.21537475476321 0.882035998326822 0.208820500602792 0.849875110724127
"cg21999229" 0.121989027798973 0.174013378376171 0.527733618865482 0.0949763719265088 0.779336083992839 0.0731186102919503 0.814644194287754
"cg03961551" 0.126844845752196 0.147833992318152 0.426909597045927 0.274477552530119 0.805025104829233 0.0724799405624521 0.803589346360289
"cg08622666" 0.293788404502925 0.136377923113128 0.606542766843347 0.130342503462596 0.823354369287703 0.0933246790585868 0.841993965978302
"cg21201401" 0.0872561959667576 0.117510835516771 0.141178462578256 0.212725702542437 0.773157078335353 0.0543646759670695 0.859943312036233
"cg06208288" 0.22033211098381 0.153857651856024 0.67323934436714 0.484859438675703 0.919160601628292 0.198318157509381 0.918499967275775
"cg02879423" 0.104542242804876 0.127062423253146 0.565976891169921 0.73360408657289 0.737838252483844 0.0603157930669831 0.0726374289357236
"cg14364797" 0.111719251649285 0.0752243199740524 0.822774141978155 0.577937473187011 0.741383321048174 0.0350868195569543 0.211489879829469
"cg27183818" 0.459013417532103 0.115750611376449 0.732908963955647 0.0736810061487802 0.868532285605187 0.196079664596988 0.882807730133094
"cg24957609" 0.144762625132833 0.118636073953152 0.70391932615312 0.315706407013904 0.764506537516519 0.0662350716850811 0.493832577950383
"cg21830221" 0.11610757181741 0.126108945810024 0.462491947349598 0.0822871759708815 0.765678081912241 0.0765468600762561 0.777057844893931
"cg21359303" 0.109436893580507 0.185582460165154 0.903516083147661 0.370950179879377 0.896946277753697 0.103683859110518 0.905896586586378
"cg01849093" 0.242591999232525 0.168457852336716 0.402408047357825 0.22636727226534 0.847778665298375 0.205941276511916 0.817836072012298
"cg03916225" 0.0967935517926137 0.124089583051465 0.444239909092571 0.262726676406738 0.803298772432103 0.0685089711476796 0.787366550772163
"cg13554018" 0.169069838263446 0.118252881558102 0.534512865270787 0.0850460791431143 0.785484122938069 0.106672008490244 0.780890014697521
"cg16219283" 0.176398372560447 0.260585186807495 0.71906583873257 0.16492653137294 0.876722802804884 0.133699522673141 0.890531388589183
"cg04722215" 0.141218122598111 0.163032853372701 0.674164632668273 0.362756223516874 0.865057420947205 0.0835858555240886 0.809681134949492
"cg14165142" 0.109908424196206 0.243883694381914 0.168259973640827 0.255341610331369 0.830910868510285 0.0622279461745395 0.831434957304858
"cg20805133" 0.0860386486593447 0.287366437261198 0.73705875835511 0.23975222958623 0.883483956058623 0.0513884392018345 0.913576231008307
"cg10639435" 0.108806579266596 0.126265192690057 0.54508647049719 0.512307085506402 0.794040828352449 0.0626832607569899 0.449332776958972
"cg11316887" 0.143006799271618 0.115400212546577 0.513471133602645 0.106135180290438 0.805093135324706 0.0715071636211891 0.867370319434359
"cg08169020" 0.0947390414234761 0.15712239166713 0.820700377381164 0.431507883739472 0.902679894076985 0.0547237734974651 0.91583553640167
"cg12609063" 0.0863227991841829 0.101491347948438 0.472110803406259 0.369084381897609 0.794503649084507 0.0519602250440958 0.623239610200684
"cg17169196" 0.154559169771556 0.241046042458373 0.680152872553384 0.126395279146058 0.876917216900103 0.113972363831153 0.902905015915675
"cg14437551" 0.0838124408263805 0.106643497336942 0.40718537937701 0.0635721941953778 0.787103019029771 0.0615164123953749 0.833013898546902
"cg20513976" 0.0620969818106506 0.0946248352322517 0.128983282164407 0.225134330191373 0.812484553008704 0.018354339219144 0.908184799821872
"cg18148314" 0.0970154194319864 0.110891224048162 0.490597678221595 0.236772418515391 0.836218587594446 0.0472516657214458 0.854914244704651
"cg17587997" 0.327450945202335 0.111612367135979 0.612917965922107 0.119913184180955 0.873339284340309 0.130081154702872 0.876713958806497
"cg14441276" 0.0989663612544142 0.143896171122474 0.439540118671685 0.0824150510555219 0.807929182154187 0.0659953462065495 0.814669824234358
"cg14597739" 0.131829293461242 0.193820860687588 0.619659440599701 0.108385453978097 0.86205111260604 0.0811680037040331 0.887622813667027
"cg19097880" 0.0820379354889269 0.110971208545026 0.192296316746802 0.0795634255965123 0.763926356981869 0.0387373985542705 0.721209261681363
"cg00446123" 0.0875135885136394 0.117061499124734 0.147083640846336 0.238960066852522 0.852503153607563 0.0478475637585242 0.927115314795897
"cg03795574" 0.0623009810291117 0.326597804570529 0.664097356851418 0.0721189090097425 0.723529396366876 0.116492813654988 0.0626078115384939
"cg00219921" 0.790377661571376 0.801577048557587 0.755082395662328 0.887365405966143 0.880856272399377 0.179821204482912 0.880732725063373
"cg25939861" 0.704179762386327 0.571731635871031 0.568271523747728 0.827232618382937 0.841607182593542 0.103020705446542 0.857361489353578
"cg03030267" 0.433563232157571 0.568511791922216 0.621799591547041 0.842326696773493 0.884911232757303 0.138336953909036 0.875682252699676
"cg11531557" 0.658425980975079 0.776697741783034 0.727503615779568 0.867584063351493 0.87754119183266 0.224620336363649 0.872066070629792
"cg26234900" 0.478053758790435 0.58231263183964 0.835943649986476 0.807648321275468 0.894650129685738 0.160644134279953 0.894616185488722
"cg11946459" 0.481657716552962 0.698788993725971 0.93822670717383 0.842476693403773 0.897391742090595 0.213957605815021 0.887121606411945
"cg02324835" 0.451434760408095 0.71709375343877 0.807678379416631 0.851800604743904 0.860267929590793 0.198436500090493 0.87029292752847
"cg08777095" 0.370520358649755 0.72268181632306 0.685269086802485 0.895002889534129 0.917601531961092 0.210740300389574 0.911066032540491
"cg26518932" 0.282707016163912 0.67314421334716 0.484625868224088 0.870813649820145 0.888586498732103 0.16635975967742 0.886629865489769
"cg11218434" 0.375772199923898 0.578681204878062 0.840741674493134 0.858363232294845 0.879089547895609 0.174948701602327 0.873140071593321
"cg07016730" 0.679751016377436 0.764053556867311 0.763531515890723 0.785463514582662 0.868561016875702 0.243494694482424 0.861038023157734
"cg24215459" 0.273065372089987 0.632710733595806 0.493610606020233 0.775405161992103 0.843677106754215 0.131130407141914 0.831413193183519
"cg20105257" 0.685671575005245 0.920169207525404 0.884981210086377 0.957641437353015 0.968935491906392 0.359815059772503 0.969096162776138
"cg27316811" 0.577059039627791 0.89909258525253 0.963674396625356 0.947429661285869 0.969494743913336 0.341998635417576 0.966137418922971
"cg18174654" 0.778015367639931 0.83694248491234 0.470029842712029 0.867856275474665 0.849871345547146 0.279565905585194 0.854623847521707
"cg01771871" 0.308021575914424 0.653926765174421 0.543877922242601 0.829346059198752 0.866596557765511 0.174160189925738 0.868347461171305
"cg25535316" 0.600689689001867 0.730320461733744 0.701655859546016 0.831392119524418 0.860943358430144 0.238034867760179 0.828893318435069
"cg04759756" 0.370164573327914 0.652797349876165 0.734114714967754 0.86808386381064 0.891414225729766 0.216082949664367 0.89012302209942
"cg01673307" 0.607223368874475 0.705995113317445 0.749689713125709 0.839160595925711 0.896802022631611 0.266956822662555 0.890687270224849
"cg17608381" 0.426273708725213 0.611476020622572 0.864413158918218 0.772117449823539 0.812197758088355 0.182849271490087 0.820586354995401
"cg24955743" 0.438103435280927 0.736063608946362 0.896247874676062 0.90830877137263 0.912704471749139 0.280330723299563 0.920022034035932
"cg04329870" 0.833978500844574 0.840689176377261 0.555812630435828 0.866142946567542 0.861360479010089 0.319393637647024 0.865987650651236
"cg25350872" 0.936180247169313 0.872502376799627 0.715004897445786 0.948055878468346 0.947664695961986 0.40020666037125 0.951250457206165
"cg00864954" 0.355015435339196 0.598899394599222 0.758878884974383 0.830161736703374 0.851640245283268 0.19407229194962 0.840227724468014
"cg18857618" 0.750024033859481 0.864635233218309 0.716183326744651 0.883177342927245 0.869426129660687 0.336574542651267 0.85341134387353
"cg19235893" 0.419565740386464 0.732081191306373 0.643215757872111 0.732487300996409 0.834045427570982 0.219253316549209 0.839193840348321
"cg20156237" 0.466867883735723 0.827433186830703 0.767248620023059 0.909937570409339 0.869514863000794 0.308101863092385 0.903359200607636
"cg23001918" 0.664384247905077 0.814144322074192 0.787914831887901 0.85907092020235 0.864405320621307 0.319144664071081 0.858684642503321
"cg23923934" 0.465444704991688 0.471402711900035 0.722058191976787 0.710091204619584 0.82822123986293 0.179953577277189 0.852180942542542
"cg08132711" 0.61604944069778 0.419114355876805 0.636154249451402 0.819141940546221 0.832340659520777 0.203944873654103 0.814447718017424
"cg09654116" 0.847081894610367 0.800767201163657 0.646175704812116 0.858751486705292 0.862669338913421 0.341286358245367 0.865566287365297
"cg26146569" 0.589842089795351 0.442156301059279 0.461647323463331 0.411963688484639 0.844185887744422 0.138762339064468 0.852270826205836
"cg06419846" 0.895752009597167 0.925254832951065 0.848601186870781 0.958182303186019 0.958847877668812 0.447054305553329 0.958764421619412
"cg18782488" 0.592728132266709 0.731048412407837 0.681958422606225 0.777892581497048 0.85502564202062 0.279012964319715 0.857633686157855
"cg02598071" 0.430643379238029 0.830439138270607 0.757911552856451 0.87268967599377 0.854270183486825 0.294327274230554 0.855943152970471
"cg14614581" 0.5618303486288 0.479137918735528 0.727400537041511 0.817973762793795 0.870316931749721 0.242637132782594 0.863018265851502
"cg14843920" 0.25610854350401 0.684721300443994 0.606766059716149 0.806509886561721 0.82807253945885 0.200942686499999 0.764204314156772
"cg11067179" 0.781807879067924 0.826476613150999 0.74155525068182 0.822126060425508 0.865345926840324 0.348849860831055 0.866406517759378
"cg01860774" 0.364526337366308 0.692085382569468 0.852307367544448 0.679420408381436 0.877210545248388 0.242868373298514 0.881569490383078
"cg26472802" 0.627807064594475 0.806373153096136 0.971356773134953 0.923605683941668 0.975983991443313 0.402258484421366 0.968983007981528
"cg13068915" 0.716482357197544 0.744187759605878 0.525804714469059 0.744950694850262 0.777161057077729 0.269970814728261 0.778691776757337
"cg00576086" 0.557225124510821 0.673143201860475 0.630322338132041 0.781249169157503 0.818932346160564 0.257913004001456 0.795214150173281
"cg00742040" 0.439284541297778 0.627182064703717 0.762777137480742 0.837710685273486 0.857139542869726 0.266306201884469 0.849003050875949
"cg12655059" 0.338562003698209 0.807407187457368 0.652841619046005 0.859500890594285 0.866932433561655 0.292081759011718 0.866704045492429
"cg14011789" 0.460460327913925 0.895915756825376 0.763890744866317 0.897682152933242 0.925312822934295 0.365569141463107 0.916906112789923
"cg03318654" 0.695581895979334 0.684392826492436 0.591982814586626 0.706619756572872 0.709765561298566 0.234803737769773 0.720904676998739
"cg05496363" 0.787773319744896 0.825394653172903 0.704812108009126 0.859162439749718 0.875575982960583 0.37622002611315 0.867822775029468
"cg15852352" 0.539648469606201 0.656850217240634 0.647744416444637 0.878970641810802 0.919582774548089 0.326509464236818 0.91877978880203
"cg03293732" 0.581533273883858 0.477153060210454 0.717851123811385 0.546397431364747 0.904445450443881 0.233867883665782 0.900427882244893
"cg02678305" 0.536625118175506 0.544147393412229 0.592504469285401 0.791140373316317 0.841955958141488 0.256348695433574 0.841010496311131
"cg25365958" 0.543303580137916 0.25413549825742 0.12342037761394 0.16911380559785 0.122183901062454 0.672359284657721 0.127056774139111
"cg26818197" 0.484658986291289 0.311767022474625 0.073629363383276 0.0562461506760002 0.030507200164085 0.615805124554461 0.0408861737145077
"cg11714320" 0.331574029763866 0.131761586834509 0.0955444359959602 0.0335382876815922 0.0315447303952085 0.553676537540755 0.0428328148384607
"cg16810279" 0.0879881574095532 0.247182934141635 0.0379842337689589 0.0464394018814155 0.0340480233258321 0.53935239489832 0.0396513152811952
"cg21757281" 0.540413368416071 0.382999447875354 0.0935258916828563 0.194293526558157 0.103720900882063 0.691712108633502 0.0873609597236904
"cg01208318" 0.480963887051158 0.506301820657103 0.284999284520305 0.0807728342333729 0.216578087940298 0.755891947486946 0.264637313862505
"cg04862556" 0.458248459307181 0.138265947904562 0.0755726481221439 0.100914842588838 0.0765820785666366 0.609799112861477 0.0912390133493985
"cg03920999" 0.509433606693547 0.37742669078114 0.0827040652290894 0.0940396106391224 0.0556337949447358 0.656139630329917 0.0649321482581772
"cg05872923" 0.419974576881759 0.332836172871665 0.0953182701195966 0.129541761427784 0.044679382172094 0.634592414808547 0.0474578264961537
"cg26545245" 0.493190217340305 0.348107320053949 0.0640233743636792 0.21327682237165 0.0556450583449443 0.670774339999179 0.0627369963980516
"cg04177251" 0.559787502196437 0.177652781440959 0.0638729129532894 0.139729204334638 0.04453419115115 0.629888715854943 0.0551333829241886
"cg27518976" 0.518631634293539 0.274548516110086 0.0785067203836264 0.179342291279698 0.100334371431281 0.678308555918057 0.10248492996317
"cg09825309" 0.441630139199208 0.463583043132258 0.0777069132613398 0.156588421226816 0.0724908814333129 0.690822277350501 0.0778609133548596
"cg19482025" 0.440644445978763 0.402931872381991 0.0970551709164169 0.12564685425059 0.0718630288085186 0.672454394014423 0.0680976856995816
"cg25989526" 0.517082527717181 0.12189426799248 0.0540190993672708 0.0892513598826166 0.0408710145206926 0.610563660551721 0.0496164191414968
"cg01610979" 0.526614199519237 0.221124505235083 0.0580707373191508 0.128028600832095 0.0501407062373653 0.644704470093679 0.0637994765251999
"cg06689816" 0.410930121802869 0.267912092216171 0.151349413913752 0.181811079868172 0.0365079407907904 0.642733084810496 0.0339613186232283
"cg04924511" 0.529650690052096 0.277313075750737 0.0546087873302599 0.0698708954863232 0.0499708826170379 0.646241573288292 0.0568817380832774
"cg04354393" 0.401548258354718 0.105593500039063 0.0516069425753416 0.0710892540256714 0.0604119094076232 0.59869164268566 0.0701980988259945
"cg18854765" 0.511007946494744 0.390805133982819 0.0559593658421114 0.173424481236055 0.0416040198244211 0.687445368938491 0.0488174201876579
"cg17779658" 0.499948685487942 0.45249766567754 0.218752130827481 0.0873846547649178 0.149653811670612 0.749552217742239 0.2201042941281
"cg04173396" 0.308163093884231 0.545449890785898 0.0973828407113186 0.0977161129115195 0.0672937684297648 0.689983165373411 0.0819886839339935
"cg26969652" 0.511721210670286 0.272646717662873 0.204112177643857 0.16579918387942 0.0844981814283951 0.694389531685746 0.117133284062308
"cg11860005" 0.584883495085519 0.254888144287396 0.0563080846216619 0.238903175501027 0.0644260013894506 0.694881374802443 0.0677800895195251
"cg18569623" 0.584336101089608 0.396806320252251 0.140181597669981 0.151915218659245 0.0809993265473194 0.725411959303096 0.115247449444331
"cg19440734" 0.381135631967601 0.151474734538661 0.122009340521382 0.0498129263778607 0.0377869613666298 0.603855357567352 0.0414665591235901
"cg12600749" 0.60690546466872 0.234639111396517 0.125332489601178 0.156081352212137 0.0604533583205545 0.700812648374322 0.150804541611848
"cg13600149" 0.0414101100403358 0.113849798057134 0.0342204040621255 0.0413389294923419 0.118749664455522 0.561055775936473 0.050962555562601
"cg13247398" 0.358771812199425 0.126343016051047 0.103026364239592 0.103155791418836 0.0530285726183271 0.614442735057644 0.0612418081475682
"cg19563510" 0.419302215781608 0.101626482303394 0.0153118411034485 0.0697635353952443 0.0210324127945168 0.599303162913833 0.0345661846354854
"cg21340621" 0.551511696813873 0.312890378775658 0.128798843988123 0.256456532887845 0.0509889578486767 0.717838993402019 0.0707457273391157
"cg01620165" 0.632968739220326 0.258907611521574 0.0707031004592998 0.251401464013038 0.0750264366576271 0.72353307151334 0.0745424070931803
"cg20941855" 0.580507222007425 0.186073242316428 0.106956148869282 0.13725139689545 0.11049194239258 0.699638711505362 0.12139970820255
"cg06109482" 0.58078408144077 0.172965546314031 0.0430735472105999 0.125582656420038 0.0522147503134636 0.669435801391172 0.0699813786062656
"cg12042714" 0.450219152561589 0.387399330651213 0.16786728740523 0.0981912814778402 0.0445333429439779 0.69258760704089 0.0492319244694253
"cg14992144" 0.453697052168601 0.202938219001801 0.0216483413976715 0.0369815835743886 0.0246908851953475 0.631461278297266 0.0347948336033288
"cg07133930" 0.508711004982312 0.370591290265568 0.28990903410711 0.158479463035561 0.0391430859502463 0.715444467748427 0.0406920562363101
"cg22948808" 0.572066733145178 0.474333838719364 0.13289904783028 0.228463405898003 0.0796085133965988 0.792044245535576 0.200689296198253
"cg18067859" 0.681161709673152 0.203809669794729 0.0999350468406194 0.197631281336295 0.136846523846708 0.755866034576589 0.157029407743907
"cg15244101" 0.541515115738938 0.482854498752093 0.131672896660416 0.265086473159658 0.0477315887688008 0.76565475991614 0.0514546174246571
"cg13443575" 0.530873237254302 0.124291629366 0.0472821922659297 0.0826370575777403 0.0578981405902256 0.666240418338724 0.0701954091822284
"cg00188748" 0.539956201138829 0.416160949812725 0.109169626358666 0.134352322299563 0.0472282254591704 0.732842633105401 0.0490963783738614
"cg12426092" 0.679288927910951 0.279370479987095 0.0588692760141943 0.180786531682537 0.0967779684099439 0.755117455098283 0.105791947639868
"cg05768044" 0.448493053688948 0.146638543037829 0.0596341587066458 0.141168001342403 0.0630973968032993 0.679447755590977 0.0662370647338855
"cg16567676" 0.534096531841176 0.421201841656472 0.0545482221279102 0.208086394593382 0.0452668735386793 0.753728833819032 0.0531906341587104
"cg12118504" 0.574754300855734 0.410195559846811 0.0671652840689665 0.0897810683399907 0.0525095028178158 0.743391609976561 0.0652292974420277
"cg23018755" 0.711461404295012 0.300271981861935 0.127082588776404 0.269699114365842 0.140545484521778 0.82012513224981 0.14790464969633
"cg15381475" 0.601159484989836 0.285180881373878 0.12756036667081 0.110231245418776 0.0256031265587689 0.724344556306601 0.0332004954812666
"cg25711558" 0.65154847380162 0.202523658865011 0.0603782637799228 0.0519038758993409 0.033221833395088 0.770373494678309 0.0378653216023824
"cg05398700" 0.950034041432767 0.950413409186965 0.887162960969703 0.941783404394539 0.882876434996528 0.96750185633363 0.0733375692639543
"cg22381196" 0.904379009211752 0.897141455086502 0.790264529794851 0.905946447772607 0.675759247402401 0.943552947319597 0.0360484095255753
"cg25739938" 0.878082015977115 0.883570625596518 0.701894766539748 0.880934029590889 0.846944797497444 0.901412248308955 0.0699766418038528
"cg00660167" 0.948283012838789 0.944594954426032 0.834898482604535 0.949117080010565 0.786809120465384 0.963810023413032 0.107244611145217
"cg13468144" 0.85888821222195 0.863960966975735 0.763785908667141 0.879296688671993 0.870000043521052 0.909991957970362 0.0744061573517433
"cg04858164" 0.880101457756996 0.881594065271881 0.782921284678609 0.885016514055039 0.830761834249051 0.9001259570129 0.0763356416206718
"cg00705730" 0.860484867189363 0.866793393928992 0.5920965185766 0.879453930616 0.818207717076876 0.883026307466494 0.0545794255450048
"cg06270401" 0.870105190844135 0.856878335135437 0.487356222207591 0.877638767972009 0.817761250004126 0.881613526238805 0.0518302718704285
"cg25600606" 0.8939205009441 0.894751405357289 0.739614394611522 0.899700202373402 0.83303579551596 0.915465352885201 0.0895523025016634
"cg19037107" 0.87764241260786 0.870315716169256 0.756263757697672 0.882346679136257 0.829771469826327 0.890436690776446 0.0814731792468697
"cg12483340" 0.861711512400431 0.8734852070552 0.670311208604276 0.868833297925732 0.732695244796362 0.892876363940763 0.0480312091213849
"cg05936004" 0.887058612221815 0.859575846242198 0.69860628084915 0.888144664321558 0.781640451096954 0.900712323312381 0.0709855536547096
"cg23819411" 0.908955654138447 0.906578944599372 0.693826556437896 0.914783305300052 0.737912648319289 0.927032173765704 0.0822717310293193
"cg15878616" 0.958052371704241 0.953156336493048 0.865366238165839 0.957031603855167 0.553005977590744 0.982292776403066 0.0765545796926011
"cg03637218" 0.86468434740378 0.864167757060463 0.523339300976477 0.888795435232885 0.835481016977513 0.853257304353045 0.0719516664994751
"cg03340036" 0.854721931313919 0.866332379618794 0.764815476718942 0.87004390554528 0.735593063175641 0.8855633071837 0.0589474983960637
"cg01692842" 0.853380352289867 0.836442805711648 0.605315859201352 0.867112372307623 0.792247062043646 0.834123753994291 0.0540941497518903
"cg04609694" 0.866464301828043 0.865682638125541 0.723244122675841 0.867191292579918 0.781486727033265 0.889628533851952 0.0746665800863435
"cg11313468" 0.853834699233053 0.837656926918745 0.766815834023165 0.866533274377234 0.727705437915551 0.853216036632704 0.0521138395436974
"cg01699630" 0.862618538982541 0.860759401126457 0.699795862906818 0.863905743793262 0.845378791636981 0.87577216589801 0.0904054387057558
"cg21792134" 0.905880815330642 0.909012898533539 0.721401677967159 0.908877555986347 0.850690162505655 0.931744157539443 0.125354517506119
"cg16802439" 0.915773174226383 0.920748637092998 0.736477101229067 0.93175167749875 0.703441075033084 0.96888107384086 0.100930913139498
"cg00439981" 0.892549247362591 0.889844204376622 0.781722010062941 0.895598408983497 0.542249431036504 0.93206440303402 0.041627399843701
"cg08253808" 0.858968972009773 0.84976572985642 0.722822959736808 0.849470386292983 0.673646814338799 0.91449614506357 0.0467317247580453
"cg13785123" 0.952456698054287 0.955355331903276 0.867159250610725 0.959917149322102 0.847208709133218 0.967135843847863 0.169108711789267
"cg25605731" 0.941857138760576 0.941430275818061 0.857544222642099 0.932941572483252 0.472414361160425 0.960838303926608 0.061824317126437
"cg21685770" 0.883923726420027 0.879250606397619 0.481108225291481 0.872793536218955 0.642639769141491 0.886825040207491 0.0439211153814485
"cg01040749" 0.85996469006929 0.866840654201385 0.690940699382009 0.86669897228733 0.741057658205012 0.878962454439426 0.0739924785532837
"cg08154963" 0.846720162228913 0.841211882177543 0.60924611799352 0.853666539479826 0.764519183472234 0.865250673365627 0.0637720656988951
"cg10611016" 0.88437186104294 0.88618095158936 0.679240025715864 0.890408149954086 0.616631515644693 0.914934014035964 0.0591668030483458
"cg09342997" 0.842557429179446 0.856536874705798 0.768566960681854 0.846190688619892 0.725318606383116 0.863291277294733 0.0664790440175729
"cg07409471" 0.882305451836554 0.862418661289106 0.728982278730348 0.890895090428997 0.747292698238396 0.911149013223396 0.092524289706156
"cg13652008" 0.876745670531713 0.874390851230101 0.776835786613375 0.880466492491972 0.797180524280367 0.901365028117198 0.107725824748107
"cg17852482" 0.846301831509344 0.827677953392955 0.647071768836948 0.847909576003071 0.789495213462252 0.875783897940243 0.0759544494991934
"cg13618969" 0.867735467183078 0.865474698264115 0.625802322972394 0.858295770698581 0.841429159115431 0.885867130394374 0.105053701411914
"cg06526020" 0.844624057441321 0.871489107291518 0.740000594044715 0.881197285300904 0.80116331829901 0.883222132791649 0.102976963215738
"cg23338668" 0.849438354327671 0.856854319977401 0.649592316145465 0.865945241899494 0.81797429971745 0.858185675007152 0.0948371420724984
"cg25693317" 0.866131866463123 0.852249027019349 0.671666973576835 0.869264221397152 0.771379552048004 0.898084840155599 0.0910492084565432
"cg09859659" 0.868824989008699 0.808918952721788 0.688081808486081 0.867620902555295 0.836072115748523 0.890672284491583 0.0985610164735466
"cg07790752" 0.844553236142899 0.826806825154988 0.476085913862293 0.856117040682649 0.718125672075839 0.775359219103997 0.0453615728081439
"cg19055828" 0.85501330392466 0.855216604647177 0.722805647928264 0.857023075385674 0.579900528523634 0.872703465275018 0.0439270863772847
"cg06465076" 0.869854624857059 0.872404025154969 0.580594346425909 0.872318608388165 0.724400675728481 0.887649267633275 0.0845718768296256
"cg15658793" 0.889408544298065 0.867791050376089 0.625045867476119 0.894142884805903 0.685477647547562 0.886230102044388 0.0841454968098716
"cg24737761" 0.853499550986035 0.826799753486829 0.615658717586489 0.853346926238868 0.776396403762075 0.852011895163427 0.0881841051190248
"cg17080697" 0.874805783991177 0.880776571506489 0.736366921890564 0.876710691803066 0.784595978915325 0.894778096764217 0.12155693692867
"cg05344747" 0.862278389852478 0.858550889166939 0.790050350023918 0.808767446894743 0.800596546028125 0.902361530017275 0.108116863282904
"cg25757820" 0.884614347664433 0.875158650322859 0.675460509428896 0.884917699258605 0.720548367238191 0.911672402366801 0.10564125978457
"cg17331920" 0.824872057598092 0.874876534139364 0.786990950527128 0.876525750917233 0.868086448850385 0.885107391030041 0.135338069937289
"cg03146219" 0.944711791040853 0.944381709143685 0.782766618140681 0.949887464092456 0.917370016705546 0.962815203479918 0.206262451145433
"cg13595556" 0.878736439160617 0.780853822833348 0.615922193021874 0.878203630816204 0.627411365022039 0.886666110980994 0.0536488610070893
"cg11485012" 0.201726562258943 0.0956974406744408 0.466696603846912 0.69488029918178 0.0902608195987688 0.242050939740603 0.747123146177015
"cg25140783" 0.115839212734616 0.135202879853427 0.708820180733008 0.403065333300291 0.80966822782515 0.0682527774333076 0.870948383704036
"cg24310395" 0.0849595204560187 0.0973692222479323 0.217248457416191 0.417185694107058 0.667896308235208 0.0508969138962481 0.800034489793529
"cg07613391" 0.0875112591127865 0.138104596466215 0.421320706364595 0.270191420689616 0.665926496026065 0.101001690114322 0.794756804714047
"cg26360197" 0.0733181859653989 0.10819370319449 0.144349290190229 0.258288307339373 0.712390590393889 0.0372754665549196 0.776083121885341
"cg09221159" 0.0770591269842398 0.110616977584039 0.42910600570363 0.17842222083641 0.420329836534222 0.0533752611446143 0.703161432035727
"cg23280720" 0.0740482205710642 0.328651478376386 0.606407500270223 0.259175475599004 0.584118239715384 0.0716774544111606 0.822775820363882
"cg26106166" 0.117593271898952 0.123073831435983 0.142396228122931 0.154687725980207 0.640395498320007 0.0723977190766045 0.753907990680705
"cg12991306" 0.465419958279533 0.257084746036342 0.453521244615453 0.0835603644149209 0.100247760890876 0.372879654535131 0.735676707691362
"cg15625636" 0.0926616041562437 0.0755498985307399 0.795247040874589 0.575379165831517 0.440525012208966 0.0510676443477798 0.808580333440863
"cg12810837" 0.0713451690278405 0.112273281870923 0.471769012065227 0.0727331137687594 0.673193492782378 0.0356801571502711 0.754136764619514
"cg25133951" 0.262621202157545 0.0924095772503969 0.493267966149811 0.0681389181815651 0.450757628348675 0.190640119060958 0.738927701556341
"cg27051683" 0.171752892413133 0.449045555345873 0.709049711089758 0.410390042718769 0.475158989485058 0.174769168917836 0.892779585890905
"cg25094735" 0.50099471492943 0.203964576940071 0.467026215342623 0.0657608053245629 0.0661921945724964 0.409526587033227 0.727910890916039
"cg00661777" 0.393659356118841 0.0714285648971356 0.600186015056349 0.0703334352578865 0.0659586608918194 0.152403710286049 0.675946530396549
"cg17479280" 0.687208014169566 0.160567113718342 0.888295071833529 0.138336984802446 0.564433563212228 0.421506146138784 0.930099238801986
"cg26341831" 0.0947257989837205 0.0532040464296403 0.0945872520046242 0.0536512451852686 0.128211789257735 0.0400209386513556 0.600471318631309
"cg00795812" 0.110391054591438 0.3623884516749 0.477314895210394 0.266060555919229 0.236986906588309 0.139743529723306 0.774043554798316
"cg17161520" 0.0956878367494836 0.168820784722574 0.565650966547104 0.0792191146238572 0.740197959913154 0.0479681438376719 0.819283555210002
"cg15474337" 0.198199740336795 0.100000306080733 0.310079460485281 0.0582923459005121 0.0603700460856701 0.163700381793143 0.639960253995766
"cg19190593" 0.325923313835184 0.45600699988499 0.587238463937931 0.072808311571449 0.10323713812939 0.602574834101606 0.81429235405157
"cg02212836" 0.160711270112077 0.235178295604695 0.685508233151486 0.110599251519255 0.1646476239616 0.298228540363734 0.740600360487804
"cg02368508" 0.433047615545609 0.206607014903806 0.444111611870847 0.0687897893662936 0.278341044953644 0.459863976178471 0.804953072537299
"cg03526142" 0.0740508973184855 0.0862302286755053 0.223590885865533 0.321642074392095 0.752154711071722 0.031535316028627 0.843393227641919
"cg00754552" 0.408585464366145 0.227663123656624 0.532172996531043 0.109967653101261 0.11797993174107 0.419390927905264 0.796066208766023
"cg17843665" 0.205648513161143 0.174500914232723 0.306523883410172 0.068934950735408 0.0714599662849827 0.483088342180133 0.72732950781082
"cg15535471" 0.212220973226873 0.0871680799323741 0.21758461398999 0.338258467651798 0.398134517114694 0.29985060254525 0.83913389857002
"cg10699171" 0.0789040967373277 0.111173414703485 0.566239282351206 0.148781465708206 0.493777411476026 0.0628679765124154 0.807887010927102
"cg07018090" 0.568076270862515 0.318437706147994 0.756356308031078 0.070529355448356 0.182697557549745 0.599650298298809 0.900594581270735
"cg23954655" 0.0802155370496286 0.130001658998255 0.624408726726446 0.0856493016349858 0.136439913856776 0.0729246793842706 0.756371782265103
"cg11354682" 0.412426357335102 0.0831166532696317 0.736078450670194 0.0546545712081001 0.0889061157878248 0.3712257721067 0.842097502287376
"cg09993145" 0.0557556729890286 0.0459157946038634 0.449439650798971 0.130238912126328 0.0749799476269743 0.0284047751007722 0.773105652165372
