"CD4" "NK" "nRBC" "B" "MO" "CD8" "GR"
"cg16452866" 0.11213777033931 0.951059333127083 0.909317659978681 0.953465700880341 0.954532856413088 0.162877418526634 0.967891516384662
"cg03388043" 0.0748543242104387 0.759646582085591 0.879751131884682 0.945917704767119 0.952541200482672 0.0706597940816387 0.967960035591294
"cg07679948" 0.150055063953253 0.955520104171699 0.945981099014866 0.957428043876583 0.963140177692655 0.301840395941263 0.966272886917917
"cg00366435" 0.0772241865764632 0.869706586849501 0.764724533399896 0.905238464693294 0.910547141283804 0.239574651263261 0.915929817406651
"cg11848483" 0.0796507134323497 0.890833940926617 0.741233860182483 0.88778529632372 0.904042986269806 0.128365125670155 0.910673958027312
"cg07015803" 0.141784940350395 0.941260622535171 0.859009372087388 0.946259318131185 0.939154574158432 0.199578011504143 0.950995474963605
"cg26852712" 0.147967241303458 0.898659863171016 0.903182496611883 0.911350948305534 0.918994105209853 0.488944365752436 0.937040315130087
"cg14522718" 0.100637191349639 0.752028121023756 0.920632599664157 0.928374938365387 0.936919106860812 0.0722372052428595 0.940828334136409
"cg01874152" 0.0884953238749852 0.84237007405993 0.618194801339929 0.860858318982105 0.888402695224702 0.53153455496455 0.885452216736749
"cg19001909" 0.169756574391616 0.936406028545104 0.878215776012654 0.964611597844241 0.964152879795718 0.23872116977144 0.97209951412952
"cg07110949" 0.167319152542935 0.92416322938869 0.954130220479431 0.950304956585918 0.955917761370399 0.171248535434978 0.96399704690622
"cg08338281" 0.0976296344130889 0.833633632384435 0.861972855400686 0.864822037853613 0.886786705438582 0.130073919718471 0.899806413202398
"cg06915826" 0.0802597408883578 0.830823725509036 0.780166730587084 0.857516399820301 0.858988357722167 0.155710684508011 0.86632695346816
"cg18735089" 0.104609921613947 0.839104653919413 0.746771461044076 0.902570773013004 0.90201092445822 0.136897480642714 0.915284362294532
"cg13750061" 0.0816472776177092 0.838559816230208 0.69683479664533 0.862920936827002 0.868814488969954 0.0896330820607686 0.877873252533979
"cg04347414" 0.121016271193464 0.86282568429265 0.710813556778105 0.904197665083025 0.913297153886661 0.152650171181206 0.929700096351455
"cg23357533" 0.134485760592232 0.866091920772607 0.862930351532743 0.888786572126405 0.875155790907217 0.367015627890279 0.879048607747756
"cg05705140" 0.0872145018624209 0.80902140193314 0.710239884583431 0.763657355673176 0.891380969124903 0.286921314249775 0.891745985661741
"cg07970799" 0.155331742657584 0.727417955767392 0.836132077654046 0.918263263251756 0.934535270690787 0.547463719447617 0.944354377066031
"cg24662823" 0.0981771503131014 0.707242107846144 0.728030528554843 0.884187740828419 0.89731388651795 0.278692302139366 0.898437618792845
"cg23896695" 0.0791838536309941 0.826776642470742 0.656702401064659 0.872950056545506 0.861372478789549 0.0923443309361171 0.842811984995952
"cg18650518" 0.0836593346232605 0.663307864326603 0.791474051462547 0.873678267139151 0.895050721338951 0.0891482247444067 0.902211351588189
"cg04340595" 0.0793615506473925 0.536388843098208 0.808043388469267 0.88638760903646 0.92659159022153 0.0746455229139141 0.950436652413554
"cg10558740" 0.115129322453801 0.842041439388772 0.746562331491835 0.88915850941719 0.873647554338952 0.16071361810575 0.882427741823874
"cg09695307" 0.0834706935740863 0.800481477382285 0.627386254993295 0.818493345785425 0.880220919547702 0.179048559615314 0.872466286701611
"cg10240150" 0.0916049578369823 0.794675773154514 0.643043717876347 0.875773138553657 0.858438323728343 0.224341882547399 0.859396426619122
"cg24841244" 0.0754610712571197 0.723118317033248 0.7009037182797 0.869104944372916 0.867067765746148 0.0785796780391215 0.870121819711065
"cg01490728" 0.0822545264032298 0.839053004345709 0.590270050707917 0.837802459638777 0.844442127796761 0.233422436177919 0.840597425081812
"cg16775598" 0.113122748466964 0.845745768104672 0.689264562937722 0.876645313488555 0.868207535371635 0.207340253030055 0.879927705694492
"cg02387618" 0.122150284889509 0.786626066625076 0.736186928457889 0.894072390472785 0.89568119050272 0.133286613618368 0.909412230828314
"cg07781401" 0.143965888029733 0.85874570331913 0.81097204178422 0.894733036175173 0.895014399021286 0.149465476956048 0.896403831132189
"cg10111816" 0.0853635126479169 0.795128449550488 0.752066450431682 0.853750367744469 0.837370017741871 0.115655111409783 0.80924664866723
"cg08639389" 0.126522617645075 0.810417277652757 0.773134882121885 0.844268286070444 0.892837324623713 0.192990589859921 0.887486670303081
"cg22230912" 0.0966473625541955 0.862485592451192 0.535430698417478 0.901481331467434 0.867317868429093 0.125856824845363 0.812384960798251
"cg11210357" 0.0913430205224323 0.74846270068919 0.802674621376555 0.821363778323453 0.850955684497575 0.0948331456285089 0.861252406541929
"cg16230121" 0.0875235566503647 0.773654122099266 0.693197741693254 0.850479961575188 0.84123489828086 0.110068474556939 0.855396593082362
"cg24008435" 0.161615171498556 0.8666841541005 0.821160106982158 0.879918357252238 0.871651102223168 0.419511361115664 0.876886585517351
"cg05931551" 0.188270623466775 0.868327084510048 0.809591143597896 0.874868419382019 0.872968743720431 0.766846824060058 0.879639322905072
"cg12353788" 0.129777309347879 0.858992609985448 0.621542045242701 0.875439110311949 0.866867813080569 0.343212136969315 0.870768272653492
"cg16193207" 0.103217434712501 0.796138278018803 0.780458394485912 0.837932260734741 0.85195530569303 0.108684552244374 0.850682611233803
"cg24441810" 0.0892068236829988 0.78417683439255 0.801290638641984 0.757062270971983 0.849772816954575 0.0943556793288815 0.860712044312627
"cg11710595" 0.17383495926997 0.860754124767236 0.67567208057017 0.892793422907426 0.874138310116553 0.664893543203167 0.889113250828874
"cg20661080" 0.0761198814389062 0.702426908329754 0.665191278247298 0.85932009981855 0.839611045513902 0.0809389788735427 0.864474011130812
"cg17458693" 0.0771363411921967 0.63708749155224 0.687857499056826 0.853718752233015 0.868309581239098 0.142948647510345 0.865314844404175
"cg26280976" 0.147144205522944 0.808087442048227 0.79211215741411 0.895830313402336 0.904148687716174 0.165450880518352 0.898614647776335
"cg00620024" 0.198026910196579 0.871778365378557 0.869004703123456 0.888530951087552 0.894935989844059 0.576893767234682 0.901686151848402
"cg10837404" 0.218792462372366 0.89128526997905 0.889754886855561 0.906380801186294 0.909799436441969 0.651742792560705 0.90989104814488
"cg16675872" 0.146806129769767 0.855144746177589 0.741333476501861 0.857373464677155 0.900309667635305 0.193318236510742 0.903133510628925
"cg04180114" 0.0972356638105742 0.814798812273005 0.7772346735879 0.804821262207562 0.814400362172246 0.117188751103931 0.855807892295731
"cg26166854" 0.0958306947111961 0.564366170399773 0.739289326861925 0.846521127055079 0.844806814595167 0.528319102606134 0.880312103190302
"cg09662852" 0.654341334727355 0.0684405857269865 0.0595095653214079 0.0968856593609811 0.0550201136641925 0.644727019057107 0.0481667656441935
"cg24401262" 0.772235868472825 0.52782338965678 0.298708556578616 0.0690551375236147 0.0379373540687341 0.812888061760246 0.030471444826532
"cg27097542" 0.771394088331405 0.334046905354905 0.216155673903597 0.263879231356795 0.0672250599070741 0.818759816096043 0.0492229556689213
"cg22742001" 0.840249298792483 0.690357767356368 0.399883288966969 0.138014342828524 0.0562672732028119 0.858905848787037 0.0487624611395816
"cg12799049" 0.861191053344028 0.120657746814283 0.593213750357047 0.756195490720033 0.0603831628936677 0.848473207071673 0.0591404781887594
"cg01231183" 0.741273736486442 0.323442444040191 0.146205399902393 0.0821183639935955 0.110939100551528 0.690146855002944 0.091511215938697
"cg18739675" 0.824578586918634 0.0668798199814917 0.479679131913798 0.689053976231463 0.0479282493435075 0.815307080520425 0.0669798620137914
"cg27027151" 0.709219326784279 0.133398403770291 0.177162677809254 0.0632497236584615 0.159478703290637 0.434962369237034 0.160269587333268
"cg12465678" 0.8367435768306 0.0943400212468701 0.526173832342853 0.646196894193198 0.0696969114851773 0.813693372024211 0.0791187171670246
"cg07220903" 0.827203628915543 0.0840500005793906 0.310661968464702 0.630360275977312 0.101054074435418 0.806640511772761 0.142381710673272
"cg01990910" 0.813373352801562 0.384006570264133 0.0967653113504565 0.378540329651295 0.099624038935917 0.858536984670098 0.0845079976017905
"cg22193912" 0.673927446581485 0.129177410583066 0.0343155873366212 0.0796369516718529 0.0350324540354939 0.780972485873086 0.0268019319493421
"cg21252105" 0.850166995964 0.0818623514487385 0.50104781581613 0.776076047617981 0.056344428543695 0.832747440179969 0.0231183803630906
"cg01022219" 0.906179169786371 0.337210737460339 0.179908379345182 0.709523071684448 0.155409436692454 0.906558635127974 0.126004883651258
"cg09287328" 0.938227312679862 0.772245939932919 0.631970913737534 0.122291871269808 0.100908741961712 0.950474777328998 0.192569822871356
"cg27058988" 0.669228736690511 0.199445127259912 0.0691140466846976 0.042640123607486 0.0317506782308875 0.526442391408968 0.0293259887916766
"cg15982099" 0.835216229857842 0.75759532067825 0.102904552565528 0.130481566980802 0.0585823136887205 0.871553183579928 0.035448294421916
"cg11666770" 0.888465517957508 0.311009044147993 0.212381324230573 0.295989288574828 0.297646884469313 0.851552821009132 0.259529086551825
"cg23249922" 0.929717876743268 0.818016670446326 0.601125405894817 0.109722254000385 0.0544543070617609 0.96571595321846 0.172923363503482
"cg25025181" 0.729841242109633 0.22331150631987 0.103258508524168 0.183883921333769 0.0349019963731496 0.78749599451982 0.0476420433134593
"cg19369955" 0.76113858855095 0.230261676255513 0.406594686096068 0.105913925180705 0.0694164689868268 0.742909950276616 0.0616266163509401
"cg11377213" 0.838038411657389 0.661909351164473 0.312933930598004 0.125458339926801 0.0504293783556724 0.793743964202639 0.0491652329933403
"cg05228359" 0.7250832905377 0.311611907862382 0.0969863323509905 0.0556488338985596 0.0385772669784864 0.715598288405434 0.0343717566324258
"cg20281375" 0.752137569086833 0.327804462323972 0.126403792840821 0.109145483185748 0.0568385261010553 0.749772997011771 0.0478448111554026
"cg25031824" 0.772054644788644 0.406795290646226 0.0982961748382922 0.0926255484686589 0.0714710109175021 0.780708361745368 0.0535427942998714
"cg25394505" 0.761916471713579 0.084237808102635 0.245671975973835 0.183295159112409 0.107581362221213 0.735671759115674 0.134523504382067
"cg06650256" 0.890920488859395 0.291148934556285 0.464287219904095 0.573178960634667 0.0664248627647636 0.894216829584799 0.0801799028591181
"cg09885622" 0.850291404061861 0.104329105895464 0.432134596854705 0.347366675935722 0.114921918244339 0.829472806019222 0.25234158839796
"cg16261114" 0.823565578356982 0.46096981841616 0.216542555824412 0.195830431132339 0.0696708161695533 0.826798464511931 0.0499386060538392
"cg18150584" 0.838762280755001 0.664861071319919 0.0988413414927867 0.124170101208725 0.049709623740924 0.874960318719868 0.0443218620593371
"cg21593001" 0.746236384944743 0.155625085683187 0.0589098211016838 0.211117678881934 0.0662525429210513 0.783686480034045 0.044651287670899
"cg26923863" 0.821909781644452 0.0575212428347643 0.583492369211158 0.509393756088585 0.0390231561732591 0.712716147468624 0.028250276010281
"cg01543184" 0.785917381719483 0.273236001663943 0.0843612013365496 0.205001647366663 0.0875057329100492 0.835604193191345 0.0696208518321439
"cg19628988" 0.725191383972902 0.055854726823924 0.100587998097176 0.244486821114867 0.0451521935030999 0.64156996312576 0.0664710249909056
"cg16922167" 0.779329479826179 0.22446361559361 0.122221978373572 0.227046660052778 0.0855583607649054 0.746161454688888 0.0670615019291697
"cg07598385" 0.685578020331501 0.0506404283112462 0.0384302434917434 0.126131700859288 0.0397902648475912 0.567207148332095 0.0205396014914352
"cg02380585" 0.67854772726294 0.0339407885211562 0.0407453493055534 0.0311251056226907 0.0308698879284418 0.724131985773116 0.0254991211511265
"cg21495704" 0.875382602339075 0.0909338110277925 0.438700699148409 0.641740048716231 0.0788562708487033 0.867280502008991 0.0790513930792497
"cg13468685" 0.811545011550898 0.105289588964636 0.386935126329411 0.303555016467803 0.0725618097416244 0.822750940819404 0.0630946745441965
"cg26402417" 0.834237640579735 0.539916229796617 0.0989518693456429 0.105130713293917 0.0678376319650247 0.864987019082092 0.0683423274766584
"cg07785552" 0.737500934754053 0.104764094465249 0.295183980879206 0.0681198789895871 0.0603472124682979 0.608918793178664 0.0480428934565491
"cg23582982" 0.844764840909535 0.343225315824511 0.281847526784242 0.24527705205254 0.0798180364552681 0.873574300226014 0.043285091089129
"cg16097858" 0.759729119493459 0.172086822076805 0.148087666343051 0.0735088292229087 0.0674882979092114 0.780950631953031 0.0614984989001069
"cg25978218" 0.758110656089233 0.0477994148370768 0.213866537973409 0.202609175596039 0.0525130428489812 0.777786222037454 0.0430459866321805
"cg09037630" 0.725184046057915 0.055660208761104 0.200886396054584 0.0427029309604889 0.0392559941257699 0.722450210674701 0.0479630570335564
"cg25729350" 0.741084905262249 0.130639435213824 0.103209258311621 0.0663252927068875 0.0586844288582775 0.639189058613723 0.0617599420789382
"cg13448978" 0.753989505729391 0.169807884815056 0.0471578605236749 0.116677088398544 0.0371950023665754 0.684716612931585 0.0243347452167333
"cg11787160" 0.843263413072198 0.227441992132673 0.131809906352991 0.16689815270377 0.126263943364665 0.836552762684469 0.115371122447358
"cg04742550" 0.810505015475785 0.0408783773772438 0.120225601068265 0.523223018176613 0.0331184267850712 0.397250807363092 0.0257377607658289
"cg20455854" 0.769386605609407 0.0853968891955749 0.0511658064415712 0.133018673511822 0.0536686680043309 0.647802288051846 0.0321139116473672
"cg12811871" 0.965276995566298 0.169494297340746 0.783590011883668 0.842861650997956 0.963947486954568 0.858226754879105 0.977266422577221
"cg25383568" 0.949308736718161 0.182737382405127 0.85435943966955 0.866303456315494 0.943927919206392 0.876529292407665 0.955641327619295
"cg05875239" 0.899383758997449 0.147839191240989 0.805145770412508 0.828203176269736 0.893302753131706 0.85403219155057 0.909500982266638
"cg27582527" 0.854922799197674 0.0773768893109023 0.555135367472358 0.781488954867303 0.84150598731707 0.796932272833982 0.850666150642733
"cg13617280" 0.878687338898757 0.105620892578634 0.706826663947237 0.802553407684599 0.861192546310232 0.826361500006764 0.824765613111
"cg15956469" 0.944874324380354 0.205627349528942 0.875676392382636 0.897875459125397 0.939863749556388 0.897334520221519 0.948441486915334
"cg27274718" 0.881928213878465 0.127328583268583 0.720875441358094 0.821955040538415 0.869015236691665 0.835552466256223 0.878858894075127
"cg13613174" 0.889115741164954 0.136168449709747 0.786396258206706 0.819968007818248 0.870217680005458 0.833528195571872 0.835769273458558
"cg13917614" 0.918912472499596 0.16870483636134 0.769490160803771 0.798867584955249 0.914214665625482 0.837565685449398 0.94306758541738
"cg02384859" 0.892669752833513 0.154885143616743 0.681995289765696 0.838652849532904 0.897125038527696 0.82861461778076 0.904510245077705
"cg07307830" 0.873762715120063 0.141934707676292 0.66800488481013 0.850245835577701 0.877478481978101 0.782798801431341 0.890380504811913
"cg27309871" 0.890135828938183 0.15795669416137 0.727931352353137 0.84655298435889 0.88714925073659 0.833456636076444 0.890428996242873
"cg23474890" 0.809797120885974 0.165536973606443 0.833545439198516 0.875423925471619 0.931874964816456 0.619001523440195 0.92928865800735
"cg19563355" 0.875069048034578 0.161058839939366 0.812180178979731 0.848082757246885 0.867371585240331 0.811593281866145 0.871803185918246
"cg03538296" 0.850750681957814 0.108958327068777 0.678316280059414 0.766997238485626 0.837161163325383 0.745532728745818 0.843506241532511
"cg21333217" 0.961844999556128 0.250485714523432 0.899143197740802 0.919012504921556 0.959788179207914 0.901931456974509 0.967703232587938
"cg05656688" 0.873802072511991 0.149397737653787 0.734338683510456 0.816890775662078 0.90354225296748 0.696554828661888 0.871134933650951
"cg26012482" 0.789716875282897 0.116890450557318 0.658031592049978 0.821552585803552 0.857208894589288 0.755363513213887 0.848398038259622
"cg06040872" 0.894525836637674 0.157112355772128 0.72019720262204 0.841188455152884 0.884361698700616 0.816354378135737 0.845700196194924
"cg02150910" 0.879261389504613 0.148047561397305 0.656031927536665 0.843121351072004 0.867759553763899 0.820810940834138 0.865622222422336
"cg24408769" 0.925230214229605 0.15004379644616 0.838128547932894 0.856081826409921 0.788818649095348 0.859732729739564 0.806435438174949
"cg24430034" 0.968881451090049 0.258141078041991 0.899758959259147 0.9054285579091 0.971758324534794 0.879900886037747 0.978798981607267
"cg00805874" 0.944188910603386 0.212596195322689 0.84155332809573 0.820602116554398 0.941956262116678 0.795103839181582 0.955163970985631
"cg22488278" 0.882242811246279 0.165860995577521 0.769597087792791 0.808509976398267 0.883962184173673 0.813132868094559 0.888401769897175
"cg06202778" 0.874577925030299 0.131727764625577 0.615110331141173 0.836363682907789 0.823763828009416 0.82598133475962 0.856938851070258
"cg21634628" 0.826085260509845 0.145088011109904 0.681281263150549 0.806657658555258 0.877259018044873 0.79943988987426 0.886355420432323
"cg21828319" 0.887613384653921 0.164361366871388 0.806405065411141 0.7786284146158 0.869038023758402 0.832271245228387 0.879044211734617
"cg01940139" 0.883786825646624 0.174470278217021 0.715765439526283 0.856399908565825 0.884738206971045 0.831200633405986 0.888625432232445
"cg22749642" 0.883107644714922 0.178638547033632 0.770669774256534 0.846500579248639 0.882246438185119 0.844849614960923 0.873027921972399
"cg26275360" 0.865141085045006 0.155373521018658 0.702330611552659 0.825834339319596 0.859482138568349 0.82382967028888 0.866733508901386
"cg21474838" 0.870598332471508 0.174755155829495 0.726901337320256 0.856113121622091 0.8818502556908 0.830367954945359 0.884876699977848
"cg19696012" 0.885128300161874 0.182580559163162 0.754798695784043 0.84877888467436 0.884660577887512 0.829371088085306 0.888153243187834
"cg26209730" 0.930138248608585 0.221188204661003 0.824893270420829 0.850912999039683 0.92665187264286 0.860016791975227 0.934324297107595
"cg11100450" 0.877998347865132 0.17072590866077 0.706028003478713 0.837331318905502 0.888076749582524 0.750859579001988 0.892728574022796
"cg08985282" 0.858745021318261 0.157905361412549 0.748017078825728 0.781800542305976 0.86871707418832 0.775449561796691 0.878033036418439
"cg20657709" 0.866346159370334 0.159326356757277 0.663415772828168 0.821871028294557 0.86077467066962 0.835117154463628 0.87370952309034
"cg02663352" 0.883145537218476 0.198558705891547 0.834521817870543 0.837129654577912 0.891917111351146 0.839492473729703 0.902006753791204
"cg05593759" 0.879084795837344 0.164313852875706 0.637832201426073 0.833874769043167 0.876196772112119 0.806081682849703 0.879316264137018
"cg04527989" 0.881195645558066 0.188459238043622 0.790185308318803 0.834546865218238 0.877974621644936 0.854442392130847 0.885871299291598
"cg18672716" 0.877519728233205 0.155990379016507 0.69557018805994 0.824418181434095 0.849842027265703 0.794085689293172 0.8493522206457
"cg10796068" 0.859095028883802 0.168226579903245 0.765999991244159 0.838698945309101 0.847168329225417 0.822018961157345 0.861185207001551
"cg20959189" 0.820640502168603 0.163205147622841 0.718737779000494 0.844643563887704 0.871210794532463 0.769093712577993 0.876334006294543
"cg10628126" 0.890923251237065 0.178924926200722 0.721203837382172 0.857455439728475 0.838654860341159 0.851534856284973 0.8938287406325
"cg04784635" 0.835981281545399 0.156222954020826 0.559123873313824 0.847580693830591 0.886126915661813 0.783328897738827 0.888317012076573
"cg13995453" 0.865349139360521 0.157779417092839 0.656206055501027 0.832485456809054 0.858863548786851 0.772711835005698 0.85940956636596
"cg05653887" 0.871597864856224 0.156727476543706 0.585168198587494 0.815580670979611 0.864977832285098 0.816995149652596 0.877432740105628
"cg20987610" 0.886637809100459 0.155537998414629 0.64759122521709 0.844753228573878 0.784758560745459 0.863847543561177 0.884813043030115
"cg26227465" 0.849712166138585 0.142721888599188 0.598622036690606 0.827887764845061 0.843506442141521 0.733742798580937 0.868309950101216
"cg06815003" 0.87932314850495 0.17689926845721 0.668284986764622 0.825924827114088 0.870597271773098 0.866216492242981 0.878502282054639
"cg05355684" 0.88561706511094 0.186376405712141 0.716400549460374 0.818556188175418 0.882835231441929 0.834892308070067 0.888641464994509
"cg26823762" 0.135626304233372 0.57058688900175 0.0947915289751885 0.0825737676082171 0.0468174412145645 0.344634991822218 0.0435702509677298
"cg08545593" 0.828928174142806 0.79594961281135 0.469965012382537 0.189744398460167 0.0589252933116897 0.867316893747899 0.0500022692259928
"cg15356966" 0.245206331311139 0.591272030654986 0.108971914620363 0.108846830127659 0.0628085974242796 0.192134266845094 0.0562657030135285
"cg11147278" 0.368500089252295 0.69491607374008 0.408362396388598 0.243814274693874 0.0477109276844241 0.549404195929501 0.0494574613633058
"cg17654050" 0.499183985506213 0.745100010145811 0.200931966431944 0.227900270992664 0.193668105838996 0.407428609940793 0.193646863610103
"cg09101151" 0.20210271871797 0.660074665246425 0.422028138780154 0.10187706928033 0.123908482276821 0.278353244251739 0.143598238272876
"cg02381279" 0.245347679814975 0.622477827597335 0.162082102592592 0.115170272868772 0.0691813493205433 0.402115206288465 0.0712691950296368
"cg21199093" 0.699689521864402 0.754162707346561 0.156429481346458 0.207512078918023 0.0921699954747817 0.76007577998184 0.0946635554078467
"cg03548857" 0.127371912897504 0.5699601481206 0.0864523904246386 0.131401858924528 0.0430687374514771 0.196702707190971 0.0427404312789235
"cg15945333" 0.765832923659136 0.73853802584689 0.102578756758161 0.152446552822463 0.0622960278585152 0.804068741262905 0.0524297886743877
"cg20790648" 0.674611246109424 0.773805028261528 0.258518183078267 0.121905403946897 0.112385499885556 0.768377680046479 0.188241130190401
"cg11481582" 0.36296641936594 0.62683109482766 0.110598355138083 0.0795745615774993 0.0450914324099874 0.443006707195593 0.0437538660756382
"cg25817701" 0.170298980446369 0.829501552288369 0.601112043107047 0.103782060339237 0.430135679551994 0.151678407865573 0.554458179783356
"cg22589728" 0.161225553585546 0.656205574922973 0.191060117730646 0.155247211255755 0.161557795570782 0.19520971750539 0.192015870404658
"cg00629585" 0.139739717308635 0.61214743489999 0.138036890427866 0.137600430229053 0.101495412397498 0.20450346206651 0.0959265059748847
"cg01447281" 0.0572440365825485 0.567326256856049 0.124487171737878 0.12378867489189 0.0521729163900094 0.131248364735952 0.0477730812544972
"cg07675477" 0.206705443362822 0.682574562057456 0.178615646307205 0.219932363798307 0.160077775676579 0.342968285734478 0.150241962169596
"cg03780927" 0.152969566641471 0.653892574693626 0.112451355766848 0.278415232157696 0.142006354157567 0.135388388098965 0.138909768386527
"cg09958402" 0.286911739356282 0.62933127067826 0.179258736780407 0.0688160601328281 0.0385253876141509 0.476140853152525 0.0456098366674789
"cg24315421" 0.343760841893443 0.739545033986454 0.257354150901852 0.47962006560539 0.0617803868514811 0.576649856962703 0.0514405436797877
"cg14649507" 0.448418644917476 0.712331070696261 0.370671950282885 0.138159932516595 0.0791325101647 0.427914502641543 0.0869556620150464
"cg26971042" 0.0672446420166446 0.596716488639617 0.103109463827169 0.0840524723505459 0.112309098128288 0.0809475218162787 0.126028109851083
"cg17087974" 0.399565109009854 0.697264856537041 0.276209781988425 0.123222934463159 0.067683237322655 0.605469464649649 0.0576437750240628
"cg04887172" 0.375931569057728 0.678811573669385 0.107033381417001 0.156213990615558 0.100928174224082 0.435175689038037 0.0729893492893473
"cg26348226" 0.262692390035093 0.64994677862754 0.159574537489097 0.104142999104115 0.064412574604781 0.442350725201682 0.0834865689926005
"cg09704136" 0.730600409134521 0.736977266090159 0.130926181281426 0.0894295973448151 0.0479399340779202 0.756953058937135 0.0408289342518938
"cg19736900" 0.410397029683818 0.695685182458759 0.183029148155671 0.123451651848893 0.0816083655383524 0.550432604495573 0.075021373902565
"cg03837680" 0.104660717830579 0.611623964940766 0.293019581048226 0.109226319611712 0.0451631174088477 0.197211751290916 0.0366448263825658
"cg01088404" 0.439717179227452 0.709458011073752 0.157903429746323 0.163274527969571 0.053298645116391 0.697535743337263 0.0498153404012132
"cg25045219" 0.0967202377074159 0.73293457962582 0.200645303545726 0.390378254730311 0.114921537409981 0.625503378793102 0.135000506191934
"cg05608790" 0.286537438375751 0.733660684183144 0.203457970356615 0.138783457511928 0.122255604153618 0.578885314143129 0.212146889395585
"cg21232161" 0.237114580952146 0.729762319814379 0.476684370734971 0.14827966547895 0.185668254622025 0.337649729981396 0.0731998412095966
"cg00084338" 0.109510088944978 0.678549824159841 0.110432789552567 0.194709060990353 0.139984164978113 0.389551230562798 0.119532307717058
"cg20049422" 0.796722572060788 0.822431059109051 0.321644525799744 0.132445701104781 0.0618118875484073 0.880221668796152 0.109911944411022
"cg24728803" 0.44465392646618 0.715744389348616 0.117352328292705 0.136292020728168 0.0852194952521002 0.566792292380402 0.0741978682729083
"cg22897715" 0.20383492962141 0.626695357324024 0.0841047660372906 0.112477538204937 0.0383689322653697 0.244762534168781 0.0332913895627026
"cg27218978" 0.308101798020822 0.779298444734778 0.497204444169796 0.187751118684345 0.203322938997548 0.470900694615666 0.0649761087432328
"cg09001226" 0.287476787707704 0.752052117004432 0.588003530570558 0.253011847971942 0.0817104694343473 0.234446515049204 0.0770160498702861
"cg07687131" 0.457301150359107 0.71883597031066 0.0902126454290764 0.114805949929283 0.0704583820426213 0.553975574574679 0.0620541810562415
"cg06117093" 0.138319909298349 0.724657442491603 0.60535714183419 0.178182338368325 0.0565968507772359 0.338588304999009 0.0723904852476113
"cg03677056" 0.634038134291438 0.801432880536857 0.133622640434524 0.168802053936294 0.0983647980393338 0.717979083334705 0.0897579021829181
"cg04179740" 0.0564371977082869 0.678690372363025 0.463557803233452 0.180445601318296 0.0506520102212005 0.0770289915560356 0.0479521593703875
"cg07381806" 0.09910758636057 0.724261509882889 0.509899008500516 0.09811873462857 0.0823150042084991 0.120337381440238 0.219203041718179
"cg12273325" 0.0891242711138987 0.66470725436487 0.191647781336267 0.0938729801261557 0.0452430496941296 0.204210520504556 0.119553805066677
"cg11173131" 0.210415612107856 0.677681214399279 0.149545908626468 0.0993930014254764 0.0444888948747874 0.329055435400959 0.0391006202997714
"cg18881723" 0.0501630336230054 0.659064025646256 0.190088667814191 0.101133184092319 0.0571111332656018 0.184910389297425 0.0773580446345952
"cg13404688" 0.307258318476903 0.774387380584109 0.350014530727496 0.148573730826177 0.0576839013505199 0.567635293528979 0.0810020640802505
"cg11358405" 0.166207791458438 0.70266764105707 0.134797278956515 0.107579793834315 0.0413629951816115 0.318446665889998 0.0311634352037105
"cg17766305" 0.0769726250721743 0.804711286294003 0.163298938277527 0.0962424470177153 0.0461936686160015 0.207827162120118 0.0776195435164123
"cg25105522" 0.874690676743109 0.897431741609289 0.153795446602753 0.927487019070573 0.918958189430926 0.874923889594668 0.887269419499256
"cg06768361" 0.963303151263254 0.937066876226716 0.209140605827353 0.956841768835627 0.894013082897628 0.96015372454959 0.916732273218767
"cg14203426" 0.974848819532887 0.968893803652253 0.255102225945557 0.970562509381553 0.961422445394505 0.96892177868277 0.951794322187905
"cg15974642" 0.907998950808688 0.899085296394487 0.193698316267397 0.899645845647614 0.901321330925692 0.906411279731849 0.887679167723422
"cg18168751" 0.973035868061865 0.976684963658029 0.272107417882509 0.974470578108854 0.973545915962637 0.968889543948673 0.97128150290712
"cg17052552" 0.893519680002499 0.882432482960699 0.216287955992348 0.895841986896128 0.901710148545377 0.88488150354289 0.89539720943964
"cg22353369" 0.869018761728184 0.906550474073472 0.215055257509639 0.901628633486395 0.889573074333964 0.889133269999996 0.884905167899245
"cg20151221" 0.910578445316687 0.912760112270381 0.25676618200684 0.928879781198251 0.927520604836564 0.915401069999446 0.926425234749553
"cg02349468" 0.975802994174325 0.970113238676578 0.305885318622933 0.970612978097588 0.970916562745103 0.925218783302936 0.964199953110835
"cg03445653" 0.896846027429309 0.875945283592029 0.235358746176835 0.9102287375226 0.892818834338887 0.888074014034062 0.900885831150758
"cg25580656" 0.966436196398934 0.932670835851362 0.300191812068394 0.96519646327315 0.967432831924084 0.959844547522643 0.962874067339637
"cg04120520" 0.896071497320747 0.884784196909367 0.22473299445964 0.887653649412426 0.879733263900267 0.890521392786026 0.85092637798219
"cg00344445" 0.95621301694642 0.9263900691386 0.173628111948362 0.947839830626089 0.799773936519139 0.955989824268893 0.469739434688203
"cg26876834" 0.896726153839694 0.917555422023033 0.249076128207047 0.91427611342677 0.888601747932124 0.89524997751044 0.898113800924738
"cg11759194" 0.885271374681906 0.88046121407999 0.232258236865585 0.887818158068053 0.892254856681552 0.888562234466099 0.871785768001122
"cg04643690" 0.904732607964283 0.898949568428211 0.240011688486173 0.900107034618848 0.886736230454922 0.904338845023185 0.86660695942294
"cg21768884" 0.958301256152023 0.957342458809587 0.30250226000196 0.951622005082321 0.951124621605154 0.957242746461894 0.946487371383735
"cg22379472" 0.91201129245717 0.905914547485146 0.259533343052 0.918376559836798 0.914143977084232 0.903320645411788 0.899789848473008
"cg10594510" 0.96008861967608 0.920400335148903 0.300642979056435 0.961186175301469 0.959382115154009 0.955219560063575 0.947710444125601
"cg14160419" 0.932436623641893 0.91294566999728 0.222049816907701 0.926448208972469 0.732936203514737 0.936119398569268 0.877402678525996
"cg23678058" 0.896273945953577 0.842248085333987 0.233499356128986 0.900012196877317 0.883643957381353 0.903824229312267 0.872813350148898
"cg11926444" 0.95074087873924 0.950798378000906 0.302547076888972 0.950364560373146 0.948279820971034 0.950812015198209 0.945737293350021
"cg26811065" 0.879713435870768 0.825227238524774 0.204708052802026 0.876042277831535 0.856964048558719 0.86256297025949 0.81717852785151
"cg08221288" 0.909576884040813 0.902385534320161 0.262403738029295 0.911574710191357 0.905528799646337 0.906803823696326 0.899943798900984
"cg26504110" 0.97680982016601 0.975641172838229 0.330990445927185 0.976450985716813 0.970930396702742 0.973946561165835 0.970538187804086
"cg12099546" 0.889624728229916 0.893873913571705 0.243531837292057 0.887108400521082 0.877796442063741 0.888632700583007 0.885426442716571
"cg12973904" 0.886269044435703 0.874125111170976 0.238737536886844 0.895092975924509 0.875674745289832 0.886314784850721 0.873427164394433
"cg17528559" 0.898340289577721 0.894784164508937 0.253287515662017 0.88900351307157 0.898049609297524 0.891786373047394 0.893517699189047
"cg17927096" 0.897561957815745 0.894984815307703 0.244866075954848 0.902951139191728 0.861200617674942 0.890062524387193 0.878887215672594
"cg09710521" 0.894747654590178 0.901818789388515 0.25919664975307 0.903268860468097 0.900221767815511 0.90234989799755 0.894139771370394
"cg24134897" 0.929771358736099 0.931877932843867 0.287749329652698 0.940957600771896 0.918915518551354 0.929471742905783 0.920557551854937
"cg13995599" 0.966645915022869 0.960004903683079 0.323397749185504 0.963872667377538 0.962536916360238 0.96199648367566 0.964059635260381
"cg00529757" 0.88586105836806 0.886244344611943 0.24651322398683 0.886268664951094 0.889563110766316 0.889883757905948 0.879836856483394
"cg02814691" 0.892449039508609 0.88506274739888 0.250466678297254 0.892556364270588 0.890758720387796 0.894637329115202 0.886745459657133
"cg17687789" 0.901966225931007 0.896142698554859 0.253812168302682 0.894576972131445 0.883110859380868 0.903969974241316 0.886379541207569
"cg04228042" 0.900058854462487 0.889596523907289 0.257434420435826 0.899577653360422 0.893747584823865 0.899068361740306 0.891390998658328
"cg15856832" 0.921969188531625 0.911316431656141 0.277756734214736 0.922774142616799 0.912623164105793 0.911218587019429 0.909322964117735
"cg13904968" 0.876454074540228 0.871382384697305 0.238710913139706 0.884559989581356 0.875491329016523 0.879644139385327 0.869875674747873
"cg26103369" 0.902455950518185 0.891639026419583 0.248942391521675 0.869561073025943 0.896491472189862 0.905666559331048 0.856708699376362
"cg03767333" 0.864426410921584 0.826676846150916 0.208383238086579 0.867791461903758 0.842078807689843 0.854291390212184 0.82149222106952
"cg09846625" 0.894546964530274 0.891442131772462 0.256954125706792 0.899182971968019 0.89319252485581 0.891889710484787 0.886319770650877
"cg16666745" 0.896652884553076 0.898663209432777 0.261541639552977 0.902079754590819 0.893117387415306 0.904662629669032 0.892214325214508
"cg13863638" 0.885029082193276 0.88317097239562 0.244016324039557 0.883281548329735 0.877773559928145 0.885045234627977 0.857907948478085
"cg09547025" 0.912055962401307 0.9018230258192 0.25716113189346 0.913485674029268 0.875289304623867 0.91436682307561 0.847922861220233
"cg07790778" 0.842487892495675 0.840290863429393 0.209181787307425 0.850361143980149 0.834025445156921 0.862249934710762 0.838621911646207
"cg27024200" 0.910504333596768 0.918331836355368 0.282500836733592 0.917787210181667 0.912746646587417 0.918419227135745 0.915517553043479
"cg23044178" 0.898811856296058 0.826417456623177 0.212047160205144 0.877711752067171 0.853780915135362 0.893737650390087 0.748243937786793
"cg26159832" 0.867020195778798 0.84513586799255 0.200151065783336 0.864479427417411 0.80430716838934 0.876245496541236 0.776059178273548
"cg00953201" 0.94529986318753 0.941340118313439 0.309794318088639 0.944367844835398 0.940033604887596 0.942469532339011 0.93960998133344
"cg24390871" 0.898317719039788 0.890185921679234 0.26267148021091 0.896985431858996 0.89435363881014 0.897263128546909 0.885641990440261
"cg09742465" 0.248570965721167 0.0463534220161284 0.472103306471266 0.0457241899478645 0.0438599157774638 0.190499403027357 0.0480155158424614
"cg22184990" 0.0708409595122192 0.0421980041283167 0.441901292409719 0.0760269621201252 0.0451849570504545 0.0746874115055872 0.0457179970738274
"cg20660269" 0.0281603634697085 0.0630910864848251 0.461387441340505 0.0354167571564072 0.176725798986491 0.0335637034012711 0.0390328587007851
"cg13962347" 0.0378114923532288 0.0379896779613102 0.438020669550633 0.0358453935242748 0.0493311861468928 0.0396000165632422 0.0999338383053201
"cg15459165" 0.0844682542688257 0.135417324373693 0.609950641519763 0.0641515304127119 0.294401447412209 0.0721466208069355 0.555415710268938
"cg09458566" 0.312407043722132 0.112054973084 0.550531179724475 0.220960929665504 0.0636080083860911 0.348093742238622 0.0603558072212891
"cg27485596" 0.0717946498379144 0.114595400720922 0.620537632635425 0.193333701140902 0.332038884466844 0.0726803613470941 0.429162940148264
"cg04466898" 0.0574915623861875 0.0514984333585887 0.448355876178594 0.0512189459960616 0.0494888345873854 0.0585943532775229 0.0513840122763085
"cg08817540" 0.0893087700676301 0.172951478062827 0.637850612865708 0.390571927325347 0.0719938923300039 0.123296962310928 0.591202388428219
"cg07725527" 0.106935260801147 0.107028076944514 0.611778506669485 0.677701988160206 0.141022503346342 0.124378185737957 0.106311842255602
"cg05614346" 0.0600705284728465 0.0711545120285696 0.467022387447067 0.0934953363391006 0.0596044575472642 0.0597244113870009 0.0592561852412656
"cg04342202" 0.0632175807906609 0.258940503242564 0.69350717374861 0.345250659936003 0.172356580362876 0.171936908493131 0.714379822618394
"cg22286382" 0.0628618700820755 0.106412339562255 0.611905457783429 0.664155060666368 0.205388192886223 0.070057084505912 0.0653354662887278
"cg27540367" 0.121617552290304 0.0872876905509135 0.527329272990217 0.367120398161104 0.0498598513612351 0.0607573295902198 0.0479367399962036
"cg05468843" 0.0467398586968107 0.0620637747703215 0.550739231143957 0.578488797051395 0.0519356126629762 0.0511813072484999 0.0668531377584644
"cg11630392" 0.0860527928189869 0.112352996731263 0.64193746898945 0.159837509223606 0.320054787118857 0.0979616401132308 0.521115523871064
"cg00360761" 0.323709303228125 0.0724581768200186 0.599685199071554 0.211316676395064 0.1764591004811 0.296694101581102 0.166137086836807
"cg27437304" 0.122296171793784 0.648697292267203 0.686303167047397 0.232824185031557 0.0989103143090954 0.274988104073677 0.30807452505969
"cg08574423" 0.0255933323911645 0.104166497629683 0.474048071150536 0.0303873687924852 0.0463364939796812 0.0366675128339851 0.11200176123413
"cg17448192" 0.613709110361085 0.262296275924611 0.713569357121925 0.0701599899968652 0.107074031454358 0.660635089165779 0.379585104537975
"cg03094728" 0.114082054326651 0.0842724636869273 0.551589395877114 0.277691760922388 0.0973036538954132 0.0973250018057591 0.0931251037991145
"cg02212836" 0.0923464967059687 0.200865826314763 0.662753430414178 0.0898440991136357 0.143974484217873 0.0844862462372607 0.710118206795705
"cg13639901" 0.0936059721214373 0.0820328265093286 0.529065505499151 0.116185484756608 0.0839306097926837 0.0893492539220383 0.10887161918622
"cg15694422" 0.423736002110867 0.63238202423958 0.712413877796724 0.226378254165588 0.0853611158869861 0.21073657543298 0.0960093974458636
"cg13415831" 0.0953699829643864 0.0438551862245426 0.535400851548944 0.299219480218046 0.0408729979605099 0.108586377895919 0.0350416209497274
"cg03422583" 0.0591411145453925 0.203771926597987 0.514211913407343 0.0406734762320086 0.0306104652433182 0.0516940952484582 0.0317977479423165
"cg18081760" 0.204156411760654 0.119619368914917 0.62725369142739 0.574664536928075 0.0772605286767049 0.0639732208036035 0.0491823342736002
"cg11958644" 0.0838855602954544 0.196034727856263 0.525551035189659 0.0442216312880434 0.0320161667571646 0.124336657301943 0.0370542816949727
"cg10825530" 0.130823577851881 0.105721019296849 0.683738050092961 0.544797485879794 0.166176602939266 0.120886956657502 0.328770919934019
"cg06637812" 0.0738887331935467 0.269522707756334 0.573810518869872 0.11681635686695 0.0959866553835347 0.0667357887073833 0.0992177826746237
"cg04987734" 0.050440570866474 0.161348498021622 0.564277110906327 0.0487778152835616 0.12279357405402 0.066629879258151 0.198627945368991
"cg03636488" 0.0772412217559063 0.124645266786102 0.56388352296505 0.0679890280686947 0.10598640833729 0.0907361170879437 0.159065595365433
"cg13408344" 0.0760710984813761 0.112090417791917 0.626993151939078 0.123442421664867 0.20168682991805 0.0659511406124615 0.350962416095014
"cg20472746" 0.0570005942709165 0.0710378076426654 0.561010846802817 0.17452134658919 0.0681688974832665 0.0624933072021226 0.163496470076894
"cg17266282" 0.11878424238012 0.188440150030861 0.727095438624506 0.846567841609048 0.142785408848034 0.137886920696287 0.141065045680683
"cg08098128" 0.0397507396351721 0.0659589360347125 0.511762985597437 0.0695395673508802 0.0482115002695712 0.0424620455210022 0.0346084847985208
"cg25598890" 0.183202574857436 0.0385901319644366 0.528221342513758 0.0523677576595863 0.0345585561687599 0.060961014292314 0.038074637767254
"cg08317738" 0.154005596146237 0.0923136636777129 0.578296752541817 0.0899475315572244 0.0951599509311138 0.219117415753411 0.0912646870667922
"cg07884764" 0.100311468197489 0.059480171906057 0.578343113843477 0.0662957495558549 0.164026771463995 0.0720356234366281 0.124450029017613
"cg15752436" 0.0456266362968249 0.0491600628072031 0.540982038639247 0.046550003456418 0.0586164928064931 0.0479788908229567 0.134661491210816
"cg06832898" 0.145831799823354 0.568160177212463 0.695393964809757 0.0933653051436577 0.160606750702235 0.315100730638174 0.0541356089372327
"cg13810673" 0.0421489560322275 0.0398067074259391 0.579309258241951 0.361699031163972 0.0415833403920827 0.0426945739759361 0.0738980931799302
"cg23966363" 0.0859486801315267 0.0455720844777178 0.545047339558283 0.0946394508224193 0.0637372852617776 0.0562510382844518 0.0509074955072016
"cg25518868" 0.101918704323271 0.168650445752168 0.681378280617563 0.719306612639541 0.0494862108933296 0.152698337200751 0.044014029302769
"cg12634208" 0.39137205633097 0.208037484372839 0.681566460912099 0.190413186131638 0.101718511689844 0.365774353016368 0.0983831015290865
"cg15153141" 0.269467686893711 0.0662298035380351 0.577376998422282 0.0372704407476569 0.0329405917332116 0.147388606808016 0.0727441781495746
"cg20979153" 0.078770232834141 0.0845861413634905 0.656136267415679 0.564370124270794 0.0530889220101214 0.0718402360815693 0.060842280689776
"cg10768932" 0.0476136699771872 0.0642371324046045 0.638003412404314 0.0492411638396963 0.375624952510882 0.0500764424549477 0.0520888451628454
"cg02003183" 0.0314673124910204 0.0663539351000935 0.576980004800128 0.0341380352923593 0.0581139149063333 0.0428366017690401 0.0870358528568612
"cg01722297" 0.108790074460415 0.159775233070737 0.732311564767427 0.334958936277698 0.107110394463225 0.115956316011702 0.10465254558008
"cg17768768" 0.964030204203886 0.954229470799494 0.843952102162278 0.156841757319674 0.957136624271462 0.96284833697422 0.961228454565239
"cg01598421" 0.954486009146607 0.942979205466171 0.754550341130598 0.151616779848208 0.958006689933805 0.951009746358509 0.959617263562943
"cg27106643" 0.897572418257995 0.903198368671054 0.770796908911682 0.128395609742798 0.922059900831696 0.907261720591197 0.934390940758016
"cg13738327" 0.969391621936005 0.945014620407851 0.847931375146482 0.181894094704578 0.965421213318345 0.967230010610249 0.969853579982905
"cg25131632" 0.948673718757624 0.941101028731432 0.746662990689823 0.155558490841136 0.946031116618932 0.949873344010425 0.94209768021313
"cg19276014" 0.970731047641151 0.964953980710535 0.882629630788105 0.206805674488028 0.968607800518416 0.969726534747482 0.96839684528688
"cg01024458" 0.873818086165259 0.862011245490759 0.780692327569673 0.130582292236101 0.905989109528168 0.89294986679853 0.921602909053076
"cg11661493" 0.87366915424836 0.869245202640111 0.821753381130642 0.118494455276462 0.861217160880183 0.867345290510808 0.867605215296857
"cg03131366" 0.901918987939972 0.874188186602087 0.775928506957459 0.131994818643191 0.872969203723038 0.90331548396287 0.895817251378515
"cg05484949" 0.955820816827104 0.951544129422678 0.85409889867709 0.205036991615242 0.949410931529913 0.952221174778051 0.955215267769258
"cg17995557" 0.861486015933885 0.799466754046836 0.805022630522163 0.109966550217665 0.864588251725604 0.853724804023648 0.867790579851907
"cg26318872" 0.887701473121979 0.889146098190213 0.791402945491287 0.146368630646062 0.88779027795694 0.892530877956869 0.889093276195384
"cg16586807" 0.904543364271278 0.902756108715477 0.805717823720972 0.162206621412626 0.899883290594861 0.909080265130215 0.902231825650354
"cg14066207" 0.838308115706121 0.900899433710967 0.742364384761979 0.161526941664742 0.931183545770004 0.833664069691623 0.935181164633691
"cg02212339" 0.923869766207376 0.939621488698119 0.779839935389449 0.205721999964733 0.953702579239758 0.930223410365085 0.956939449265864
"cg16411445" 0.974310815578837 0.95417071595011 0.798003268480615 0.228308033567846 0.966534256371582 0.968831030143374 0.973087465370136
"cg07435215" 0.881896455492501 0.854097770250977 0.734498853506499 0.122680424965375 0.858335031154736 0.881015100738776 0.804211340551526
"cg09201499" 0.953538735670542 0.945411753814914 0.885675771453206 0.22400532917491 0.943725183680856 0.954934946445735 0.941959184620602
"cg20602300" 0.891315604203125 0.888143033579436 0.828124821881971 0.167683308302042 0.891652230345588 0.884865520603977 0.891122391787033
"cg15235922" 0.891257020381422 0.869030674440057 0.654679235034966 0.125581380470121 0.846266872162399 0.880981953606442 0.826124536396306
"cg14936008" 0.898472977673739 0.887932072706481 0.720709702235156 0.16236483788781 0.882907004703477 0.901721299123757 0.891060891555426
"cg03860768" 0.851240438514776 0.838683548647559 0.61167132553711 0.118946533311374 0.868996136191657 0.836240141902673 0.857358186892069
"cg25683989" 0.874139207489967 0.84804607849971 0.649644792171771 0.135650045740729 0.871775878222241 0.888405888908647 0.868012289799271
"cg15348679" 0.948330716553915 0.954900824950654 0.737601456665649 0.202861272738587 0.89396552528838 0.976097020166705 0.924905656737211
"cg13283094" 0.897349338053181 0.86987056285651 0.695752833964922 0.156133514084789 0.887863670556022 0.891168464576524 0.879540004656531
"cg15532942" 0.876575220427178 0.832898313905903 0.639045634802962 0.133159313885518 0.876295457520974 0.872485997126264 0.871480576068393
"cg01868869" 0.891350426068716 0.890223951500621 0.71176515625168 0.165253881625364 0.892064890798134 0.891401328640501 0.895108666235638
"cg14482811" 0.959948547205519 0.886957333387333 0.803690558643968 0.215423809063515 0.944366114932776 0.956399367871708 0.948919489908308
"cg16085171" 0.8314066378353 0.879400226495362 0.71056106735122 0.147105335664486 0.875156946554373 0.873769944840387 0.885170682283841
"cg17679619" 0.8589809025632 0.847887023137521 0.70971849904792 0.132482954377997 0.856404639996324 0.88094630660714 0.835954302192242
"cg21248060" 0.934441543683672 0.709955162632099 0.776751638814379 0.171403427249011 0.939345514258864 0.898125730482584 0.949113156666575
"cg18250453" 0.877439327083035 0.793436814482425 0.823327018549832 0.159255363982746 0.886225272466738 0.876969109449407 0.893666393792503
"cg13356455" 0.897626913900345 0.803799098388338 0.675585894598195 0.148389144220772 0.888925613715164 0.889111455575665 0.875687037740648
"cg09469986" 0.869028138067528 0.82496300237526 0.547175869804132 0.128544671861818 0.86489943235105 0.880066327499687 0.876766075443657
"cg07558704" 0.934823967834779 0.931511027603503 0.86965127918009 0.228097689640466 0.927444100787411 0.925511589730762 0.930788690356691
"cg22826986" 0.823692762372742 0.788549953391585 0.542887890125472 0.105244471822893 0.86678573008839 0.824951340493737 0.838752213358442
"cg07721872" 0.764564894846077 0.86107531028258 0.83375085871576 0.175457610423602 0.92061042188414 0.846051007962543 0.929289963641176
"cg15035590" 0.888376044095422 0.878533459717551 0.754029264272498 0.178766538408885 0.882380743067507 0.898245145507731 0.88259659274413
"cg21596498" 0.805276802259123 0.834528963395083 0.684932702736086 0.141019275641042 0.874745543785597 0.852076416014797 0.869610229140294
"cg00760938" 0.868794399306146 0.800955142820942 0.634922275542023 0.136511310253601 0.864563106176038 0.877367553881438 0.856812950369804
"cg22212560" 0.903695793044113 0.873144468705834 0.789522697030887 0.119541769005877 0.648011947337032 0.906091456416944 0.854417516196482
"cg23683962" 0.897866813939475 0.867933855374718 0.811985882068641 0.192259240848479 0.893973955179835 0.898479754726025 0.8984796330291
"cg05524458" 0.87187242652252 0.851646297770081 0.663883624832255 0.126666757931176 0.851276834875776 0.879887819277055 0.736654840902891
"cg19931733" 0.86003690676435 0.846792408510443 0.816932519983866 0.146551191100994 0.810790045269668 0.860110807999752 0.833709948467239
"cg26552743" 0.885851720680502 0.854226401619722 0.641489352307757 0.153319095409242 0.860145148647865 0.884597637146501 0.862318043986427
"cg12583572" 0.899013041492445 0.905823759860327 0.838542059082121 0.212793437773445 0.913466507010163 0.893804322765829 0.916434808095827
"cg23948703" 0.853769909911831 0.817495829528943 0.672709537468379 0.139044283367031 0.851728229912851 0.858873034405744 0.850008609213928
"cg03402235" 0.888218483712768 0.864030091123058 0.754469880705012 0.164667807209643 0.85518511070537 0.889802969925472 0.831943190032851
"cg22256853" 0.832406421982118 0.771981373376456 0.62645030817418 0.12475577353978 0.843617069063031 0.860978793404733 0.869993297769763
"cg11972721" 0.868966041431758 0.841712307030255 0.78292365030453 0.164868427140812 0.85530114458854 0.859681227906971 0.868087422433866
"cg10057264" 0.0739908068083093 0.370500708726596 0.209170779506556 0.724795572841874 0.190885043138529 0.324968539153226 0.144437419637388
"cg17738521" 0.314824426648585 0.571085741221428 0.26879632121854 0.813071548659737 0.187092622566167 0.329086902330181 0.145963019076398
"cg23144473" 0.177131664638484 0.0899557000945178 0.113560961052803 0.64225620762214 0.150587478702655 0.175612158161804 0.0792333297830822
"cg26427498" 0.314497861596295 0.508970800936176 0.569123401384036 0.782394321060054 0.0540751911690483 0.351182868686566 0.0418741610533112
"cg26954174" 0.70669418723975 0.206809412167576 0.103257279826434 0.770029837569825 0.0611165432499816 0.739112622302746 0.0504353665461361
"cg17478979" 0.168003718324208 0.21814737269354 0.0989957534491014 0.640391677254208 0.0660521361456079 0.152009747483635 0.0543550365897955
"cg07093324" 0.188666115561818 0.458353431115471 0.678107787794542 0.782872557322709 0.113193576440236 0.299607323388851 0.0613366591469846
"cg18020065" 0.729479055360779 0.0690420553719151 0.384354468783632 0.762415428828121 0.0699802546546569 0.481034592938939 0.0576917563039595
"cg26366091" 0.213881776034679 0.136272685951961 0.470929128562685 0.677096237099963 0.0366238001554659 0.286060711407684 0.0535479526081176
"cg19268695" 0.0617615826290936 0.0881160567706166 0.574674323576593 0.766077690910983 0.154926095122254 0.0562160551418251 0.597743854183849
"cg21638533" 0.171845830854294 0.78532438010696 0.69003631419142 0.835344074410589 0.059885783786495 0.301978939774812 0.0570844811644408
"cg03272225" 0.0477412506376231 0.0583892236061735 0.337225422436014 0.613950527338861 0.0730130174859893 0.0428713427276344 0.0538356159309682
"cg17950348" 0.586016166694181 0.0631329352115338 0.510662557196706 0.753648740231631 0.0600301860220646 0.513725029490007 0.0408825012880817
"cg09076077" 0.475965401139986 0.0727909492706699 0.509254062080248 0.744611419980105 0.0743217358309975 0.458604965187825 0.0814314066161153
"cg20236089" 0.137752557962556 0.0595565744465859 0.116408314767954 0.638126019981816 0.0699370253849357 0.122210101940956 0.202631578443802
"cg08698943" 0.145594351721255 0.337106103803533 0.544020495405184 0.787698197884936 0.0866489620283035 0.333528012567739 0.328555539335891
"cg00874051" 0.544106952452459 0.348472162489472 0.544008829908713 0.814031886626316 0.0859827606631247 0.466816205565438 0.0469228407104201
"cg07859439" 0.0732387895670662 0.548432109456088 0.125020857421355 0.727490929407267 0.133651499749422 0.157679272709306 0.0892490484434261
"cg13991834" 0.167224679669686 0.470745128928053 0.108517561479551 0.709358062881972 0.0596867514060925 0.275265920572387 0.052224366777495
"cg23433370" 0.571215601012142 0.084380586403006 0.675451369092019 0.76782091941889 0.0509741900867106 0.449674173370449 0.0253686870129616
"cg22729539" 0.17527577282993 0.690275065012712 0.110367508805861 0.752243742121864 0.0499668066003997 0.280211622217704 0.038659512356082
"cg00619207" 0.0731989588305594 0.0952125103838624 0.528827989761547 0.750304733201162 0.129490340234437 0.0710660846786622 0.500560113283123
"cg25983531" 0.380486393291729 0.120722979318228 0.528852037766417 0.746820062565557 0.0949917469066934 0.323747441697194 0.0806415616003692
"cg07091500" 0.111990734002237 0.490437880295912 0.285385679682343 0.740495358630057 0.0880302088453203 0.185566643244063 0.0922754094453007
"cg20541456" 0.0411465870499183 0.381395969701952 0.437735748961551 0.693981410227906 0.0539936252340311 0.0743681020249228 0.0257250103747994
"cg08682625" 0.0697570721815356 0.287839300754782 0.537642573401801 0.701736180829698 0.0657470324175345 0.0941563205441379 0.0571447576521861
"cg21291385" 0.0607165914365572 0.14030574615838 0.633852068685372 0.767731875257716 0.383247178335219 0.0680783196935257 0.0838198198361812
"cg00058449" 0.33245077841105 0.0763311030960962 0.63175020742997 0.811475803708901 0.275267730014323 0.248344105204508 0.229472387481483
"cg09849688" 0.244593168556334 0.182665509116055 0.441058233986394 0.709071722707333 0.0607368038147316 0.200560384179107 0.0605747715999053
"cg15906007" 0.0867967839537052 0.0842728881942727 0.148023903698706 0.693028581621733 0.27680676356464 0.111269284638494 0.123717113497838
"cg15361750" 0.73287157702108 0.190005845037793 0.126496792047822 0.819172267884681 0.0829452554000893 0.825495590382088 0.0736601221450579
"cg03889263" 0.087073444794346 0.589135647787568 0.222120522112383 0.751052855553242 0.0838773270770268 0.119212361874842 0.0772701171193814
"cg02492279" 0.480672841576315 0.0570330237840759 0.0812777688521448 0.716369646581079 0.0378570361695168 0.585916427980272 0.0336549139209425
"cg22446709" 0.0463190160378407 0.0441260422280368 0.0628055502115456 0.60175330122312 0.0468085827018395 0.0560578984919903 0.0331165847773578
"cg01054402" 0.0881497688833246 0.508077565277744 0.412072156344919 0.808990200880122 0.232188412335169 0.137400375957029 0.0705476659127157
"cg19269039" 0.04840189139157 0.0808803963200605 0.639596826000511 0.777807253876737 0.15645403383714 0.0556948153104416 0.410197807475281
"cg00902153" 0.143541408094517 0.677365965536795 0.48698378215104 0.834164251087557 0.0518867707356643 0.163432800361886 0.0806876182655541
"cg01156249" 0.297846687596938 0.613991578952793 0.67001877352547 0.867951597187648 0.0626452157876127 0.211798062854499 0.047100149838631
"cg09300089" 0.33372070493035 0.0680247473836793 0.559255747817761 0.749196127486106 0.0528146411599685 0.195201135696334 0.0454557184344163
"cg21278103" 0.411666811882434 0.42405352828664 0.164635482899196 0.834815232775836 0.11633491594999 0.428807433927392 0.0906774648289402
"cg07635227" 0.137985495791092 0.424737497238858 0.535528120017658 0.785733457885069 0.0334851973632795 0.106177407724207 0.0292223327034039
"cg23357708" 0.0956582393298425 0.13691167454793 0.401159839833858 0.731656851123776 0.0533553280167522 0.150250130687843 0.0570367318273138
"cg14317609" 0.0643300923732248 0.0481754571363483 0.0626572524958727 0.66638617129896 0.0537799119451081 0.0692554966975829 0.0470311302761215
"cg25336765" 0.234843930326781 0.100063586158077 0.52362464152258 0.793020885537153 0.0643260906727102 0.277071995052763 0.0604449281361944
"cg08864105" 0.14872406459979 0.0996608617332768 0.490194764557416 0.769782374378925 0.0637750994766287 0.192849110108879 0.0618262054730584
"cg08560387" 0.0753959653015763 0.0427523267665207 0.331595154464614 0.713321883988852 0.0364711246800647 0.0488521503223917 0.0332619808054022
"cg02606840" 0.0378898106114201 0.0500327823651109 0.521975181903962 0.787008696235713 0.0843614469024363 0.0414480192339139 0.0444256409138479
"cg03429643" 0.046868471546185 0.0524670769908021 0.375491135225598 0.782255197112077 0.0453485421692559 0.0526707275907005 0.0430064775374399
"cg26872907" 0.925589019775018 0.881626416768356 0.817270785341303 0.920578280797613 0.089837516842437 0.938508437001688 0.934947721829603
"cg23244761" 0.962908123597488 0.91826150713392 0.902556411432029 0.944424709070723 0.144336546853161 0.965880209118627 0.962109773243375
"cg10480329" 0.902870768420029 0.874470866159096 0.883271964980276 0.886918204804388 0.108928617532423 0.909761380972801 0.848270835878602
"cg05923857" 0.836598134029555 0.886040233568515 0.844203879339015 0.887695815121013 0.0986735514115089 0.923955167602618 0.836074391173074
"cg20559385" 0.872475277715245 0.845046272966832 0.694312516825614 0.86635998750694 0.0733414377795633 0.895361969181854 0.832430125816595
"cg12655112" 0.931743522576761 0.899539357406918 0.743597839906351 0.891726965000861 0.118733969306735 0.945372014902418 0.78502538189433
"cg24788483" 0.891924479339253 0.903841247115135 0.835056897619964 0.900515518825023 0.158079261320643 0.956873940229956 0.902412760654505
"cg20610950" 0.88938284079843 0.866574600546642 0.866975412855021 0.882979442199117 0.079889278623527 0.908335830494843 0.537127956795521
"cg12422199" 0.865555169190625 0.773069955668039 0.767486039529759 0.767095406331282 0.0805315881703557 0.864536402275575 0.853656081949196
"cg01476222" 0.887562953740639 0.815369646229561 0.840088137708245 0.802869952465133 0.113581893155982 0.897572409912335 0.835874496672
"cg00288598" 0.86282517139019 0.908851992983828 0.916600372306153 0.933956909930276 0.150301667482802 0.934204015983872 0.732169652360199
"cg18066690" 0.892003692378138 0.873268044050574 0.790602073556569 0.897458930188332 0.155578014134991 0.900261367887043 0.891362319622215
"cg16636767" 0.879646920577327 0.8467116203657 0.81877205220339 0.862456161929515 0.138037708589137 0.885893722039716 0.863393728629351
"cg22675702" 0.833316434188962 0.810816351243375 0.835423847340513 0.833774437134164 0.106577378602563 0.857474399111268 0.813576148595012
"cg26538782" 0.86222070908436 0.843500991846052 0.740335693802346 0.856595053696398 0.116094886354025 0.874327781280503 0.825295538664946
"cg23146741" 0.854116088963763 0.800907722758878 0.729446882090287 0.835861549271457 0.0874732646648645 0.865077471672361 0.759708341803734
"cg18990407" 0.92696335806746 0.903607786337869 0.803984407999361 0.922314126785525 0.161158769118699 0.929549806227337 0.785207796892377
"cg10649130" 0.861704960230775 0.850523787455133 0.759628216443958 0.831986950335137 0.0940836015890158 0.872117673338791 0.68161406160856
"cg09322573" 0.870635097270268 0.829837768651323 0.662145883586574 0.851604389840441 0.0858796598293291 0.878069286609402 0.679318284273933
"cg08908131" 0.84905247137276 0.796162913366474 0.623178061221807 0.849287006973165 0.097848659439752 0.861667321920805 0.821970935887618
"cg05669832" 0.854780613798104 0.858231795119799 0.802090189219786 0.796905680911473 0.134699810925686 0.900737768237236 0.85082179133954
"cg16429499" 0.860776601791153 0.814094827994837 0.68260909952705 0.606656100604321 0.0753019653280887 0.886310264285485 0.849957590001978
"cg16736889" 0.830529469275863 0.808140379458504 0.74052951230117 0.759430313519362 0.104483823603453 0.85703240438414 0.854856842422338
"cg22259797" 0.879671693588513 0.877080841199055 0.817282259545675 0.909885800198992 0.0909300176001892 0.921736063671052 0.434547576015572
"cg24954967" 0.870557828398912 0.818894250669179 0.619647437171446 0.745062798237566 0.0800015087782662 0.87920496493379 0.749422934689994
"cg04468741" 0.818295440335441 0.834586281199794 0.808651339591015 0.863760390742578 0.130897762985737 0.876138274524964 0.801238070619434
"cg00101629" 0.881743194760276 0.853708976670638 0.700532803335402 0.875932335548495 0.138995621120384 0.899104746360952 0.797752970706854
"cg10278149" 0.873057196393406 0.841089098767174 0.648213170023287 0.77744920642097 0.0833729760232228 0.883370461684499 0.66842034450236
"cg09220326" 0.879151595264497 0.841196118485411 0.745780675086366 0.87120691312914 0.116157630969894 0.89147176705032 0.659522758020706
"cg27366072" 0.86897812367459 0.830449629303954 0.736228648437044 0.825531346095313 0.108855444021615 0.88035936006268 0.694418982900268
"cg11186858" 0.950282962722678 0.89464240864748 0.918499282709105 0.930665054600036 0.1416020320194 0.967159692965451 0.453774343675543
"cg10558233" 0.788048397772973 0.794270137060761 0.699159002581083 0.82771608953667 0.100702901691658 0.838881355362083 0.793829838951499
"cg24037651" 0.826536280749929 0.759131378540985 0.70209885069198 0.802309361120448 0.10002395040854 0.840482523228742 0.817026415364251
"cg02244028" 0.863204781184184 0.834525080408149 0.684098181794445 0.861210398319548 0.131689475125809 0.882519174088325 0.790824847443302
"cg03339817" 0.964665910795198 0.938305677075615 0.714465292265754 0.938105684216139 0.23482393642572 0.970416599810874 0.963148349031945
"cg21459713" 0.879618971582383 0.863500934369558 0.842582723940865 0.876254305366384 0.183113149243821 0.884257059480487 0.870835347989893
"cg19835973" 0.885106774825595 0.854941088127257 0.791961395733071 0.899084371066216 0.189746092438326 0.892905466279952 0.908000830265837
"cg26690127" 0.829312933359306 0.847758563896666 0.711765809790282 0.788377074854469 0.108530330887332 0.886965718727036 0.71607227610486
"cg10624395" 0.898845678440869 0.864886839346229 0.779084631413064 0.899570407800354 0.197788929472329 0.913813590563143 0.9055530973444
"cg18770149" 0.867549889587925 0.81084908023336 0.645090753402284 0.855854644523131 0.143551828351266 0.888034264929342 0.841968403518342
"cg04478930" 0.905124218486736 0.851785029746387 0.698829609752512 0.889333598732812 0.155963434248444 0.910570896640724 0.748369860143997
"cg23261319" 0.810253982818724 0.82708737185351 0.739649262050804 0.853195829649897 0.0842465316518371 0.877926569345261 0.517669717790153
"cg07213487" 0.895319348341003 0.796364766053414 0.84908817042025 0.772388049761904 0.167382033912802 0.913836691216454 0.893702816153056
"cg02780988" 0.833496441088284 0.788367463391378 0.587217983981081 0.826044970348752 0.116155757958441 0.844390523562322 0.829264814663503
"cg06297318" 0.822587824004362 0.80727105667609 0.692959260846338 0.82707749353356 0.125335136068838 0.840530629828308 0.797273824433402
"cg10499974" 0.876391716989972 0.842350033401342 0.612570578259867 0.852031631182562 0.0796856054925505 0.910140643756705 0.471547414200624
"cg20641531" 0.8711134289485 0.860756120108517 0.82729668044714 0.872731893436682 0.172017923126866 0.88984548754306 0.775998700734659
"cg25517015" 0.853973343089675 0.841381687564672 0.725618292034724 0.858754059807344 0.122738617089273 0.874773963932124 0.643388038905807
"cg18835472" 0.822523096089881 0.786520420108048 0.735401604580605 0.806576596582941 0.0993226474000571 0.847277785087551 0.66206123228002
"cg03337218" 0.832591644562975 0.691856348351869 0.692159037917949 0.831106381783449 0.106461721719648 0.868030555609635 0.785818581861114
"cg02505177" 0.290727125477476 0.164096169598711 0.550636372232222 0.0911805228583051 0.779576131823791 0.196750585105468 0.785678869768993
"cg19903805" 0.1554208774513 0.11382063518416 0.445884089492848 0.0835724283383053 0.724170662530483 0.188450546370316 0.752046370165671
"cg02879423" 0.108061586135816 0.110162994082989 0.586900871788969 0.807308021234096 0.742819403078502 0.129922263986564 0.103989419223833
"cg14364797" 0.0854232497194704 0.0720015600197834 0.762024988487787 0.658187400169956 0.744033922841814 0.060419627002949 0.242139694382991
"cg04858631" 0.0661608878026315 0.16684000701498 0.309700125749217 0.250117915126255 0.724845571324596 0.0669603451605605 0.723303999610607
"cg23213217" 0.106148725420797 0.464021768335962 0.695421627593459 0.601254788123409 0.800588406245388 0.107356700996859 0.133534294597246
"cg14375890" 0.0629873779470641 0.331784699820317 0.315397407153657 0.345640928062638 0.79609220337692 0.0694643167421473 0.795389607711149
"cg08622666" 0.348384460322891 0.147332722088308 0.599462624298754 0.140407774010769 0.817438756381809 0.153765511844291 0.843338245892642
"cg12476487" 0.134335673943251 0.126159341024908 0.654796180055825 0.602096719724641 0.875183985147802 0.0459340397564977 0.89673319968305
"cg27027055" 0.0974609290230573 0.202385743666911 0.674928491217775 0.444237339270916 0.848878625956142 0.0676729474083697 0.845632749900504
"cg19510565" 0.0835620779881107 0.124142259397336 0.568325385921322 0.26726564889446 0.767426304086158 0.0515842243021144 0.782300496948794
"cg05052463" 0.17339277686562 0.245487659646824 0.700270942738967 0.0840194476221924 0.798983130964277 0.0627433668554723 0.811051942067552
"cg02737268" 0.0669894460860991 0.616385367112959 0.788254587288859 0.0917181084215889 0.899624764800839 0.0389794561921705 0.947487654621078
"cg07706695" 0.0605235717661923 0.120875871706195 0.558541899062375 0.262218477239903 0.76583314564234 0.0417391067452933 0.793265229452285
"cg21999229" 0.0757269377473475 0.142282652561032 0.49685793860095 0.0797755490810776 0.720626757221033 0.0532494825598022 0.741339960054785
"cg15188939" 0.30412022605888 0.276474929369351 0.622412728533864 0.146783591654276 0.855515248747106 0.152375985663953 0.878811433540482
"cg26348243" 0.113988649132662 0.537840932721567 0.741731444146321 0.284412953590914 0.933029621299608 0.086926250159101 0.955742815488956
"cg17078393" 0.138417479016569 0.32432677441082 0.658359212462718 0.143185449136747 0.834551403259178 0.103135669959613 0.846274769116884
"cg21577598" 0.0497405167048609 0.178605536195209 0.636372950480137 0.258767027927799 0.798318592431143 0.0403604016806897 0.828972171352283
"cg20055861" 0.155581723359641 0.347512705166601 0.573313830539867 0.0827248990465948 0.832282583981084 0.14602488046652 0.850774242422557
"cg00517080" 0.431111463848077 0.160544378073461 0.67291349231038 0.0696578738559447 0.856577014295391 0.268969429651769 0.833495565500111
"cg10639435" 0.116214967105811 0.120593079011126 0.561122161393934 0.566672170134348 0.800132010445279 0.13615620228721 0.492663396898749
"cg21359303" 0.0802919512149726 0.192472585752932 0.848377479789187 0.409216882844984 0.890736538969248 0.0568981621616709 0.907487515365774
"cg14437551" 0.0582497257861584 0.0846363947665964 0.356135474329255 0.0603251053261176 0.705866010372335 0.0506205468222545 0.749482889670763
"cg03916225" 0.0837058509528473 0.122677972122365 0.461738017652057 0.311008920904768 0.792882238071698 0.074691379186048 0.791321937888851
"cg14057303" 0.0894205268870444 0.15144113513567 0.199252929189122 0.446365507919817 0.795578139974802 0.0689261527948888 0.795456370902091
"cg17587997" 0.415119518850566 0.117681276822276 0.621033595876554 0.135702107969657 0.870406209422129 0.277677328943371 0.879835830085809
"cg03961551" 0.0978122608401306 0.141903503747873 0.439993121428067 0.317291603382724 0.806078912473206 0.0762154078568459 0.818669206467904
"cg12609063" 0.0757158894705995 0.102888931226926 0.509171543232856 0.417697167295917 0.789203804367951 0.0721804557885042 0.650277422214085
"cg03289764" 0.298723037456525 0.189702042572178 0.204525615323087 0.378656350672959 0.856000561283907 0.210302015852377 0.854768837001886
"cg08169020" 0.0749694118725838 0.152987356667487 0.739496695217981 0.48384903477259 0.896404317866391 0.0535375832826134 0.927600534209106
"cg16219283" 0.132518803365753 0.231569815877689 0.670392022476546 0.150056046924597 0.841159167283048 0.102496502748625 0.861650071007944
"cg21830221" 0.104409923521737 0.13866201107213 0.486576052397416 0.0892581354486068 0.770344792387213 0.10459663721265 0.79799289297729
"cg04722215" 0.106665483126794 0.153206393654483 0.653653412033656 0.379174932801735 0.854362743338946 0.0728982063622329 0.806386654367965
"cg11316887" 0.124245029177197 0.129109959259929 0.549634840686292 0.10582607960093 0.799347105878277 0.0903116585354714 0.866632442219887
"cg20805133" 0.068203822803447 0.285981860350255 0.682961679253744 0.218034301581634 0.872627719312128 0.0443903545062299 0.925279060147148
"cg13554018" 0.10529708221473 0.111729028730956 0.528621445626757 0.0698377027611489 0.770092335898167 0.0770840783997367 0.777937337644997
"cg26217402" 0.186509900194092 0.35266548164545 0.396857851856642 0.229661148427599 0.87427693392507 0.174238115188827 0.838288355408773
"cg01849093" 0.206932457000188 0.154228412702549 0.428268686735588 0.245462667534519 0.841174855639058 0.174844526098618 0.821743548522984
"cg06208288" 0.133996732278262 0.125776233458029 0.618698204831386 0.493759449720161 0.901604711579843 0.0753240844925236 0.902911426469797
"cg17169196" 0.109915769828743 0.209969590726147 0.658471455818412 0.115532986462941 0.853473102781396 0.079000722351854 0.880608658182316
"cg18148314" 0.0793373196216154 0.110429141871898 0.47763242471302 0.272020986016104 0.828985055254172 0.054666400033474 0.85365529697975
"cg14165142" 0.0854037562116364 0.247769395697869 0.210375110182892 0.259889431889848 0.824997399666581 0.0611381965109374 0.836819491558403
"cg14441276" 0.080874459284519 0.140930955872652 0.443152663587754 0.0787589177581971 0.787835109423536 0.0672972662075392 0.791336319294128
"cg14597739" 0.0866891448769104 0.163034252664508 0.602398998007533 0.0962222568409193 0.83140598250864 0.0679135613605428 0.856641259916143
"cg03795574" 0.0602901469685417 0.346792983564979 0.626455396400024 0.079126760902387 0.721571947986646 0.0681068998222158 0.0706049616869047
"cg21201401" 0.0751531157239326 0.117663924493229 0.185135547675458 0.276232199836323 0.82448315329957 0.054813900558479 0.905668395401877
"cg19097880" 0.0737073843527043 0.118102006623372 0.232300898879679 0.0831381765653739 0.775570974930601 0.0593152127896732 0.73213225611851
"cg20513976" 0.0465908123324121 0.0990760063594951 0.200422657605521 0.310056514356348 0.85695953918107 0.0247338277695803 0.941474887986048
"cg00446123" 0.0765669216436593 0.119842986826562 0.202401365786716 0.307361578963679 0.877057434023724 0.0588813328107688 0.940193469194115
"cg00219921" 0.759957696357082 0.812249500295209 0.786765054258482 0.882152569339773 0.878449047827562 0.134569985765648 0.871485932249883
"cg25939861" 0.638826585735144 0.587879067595499 0.610323091529961 0.831710485063819 0.834142075943745 0.072673976741112 0.853786865169243
"cg11531557" 0.729204727030035 0.804118856697613 0.744652679026061 0.869948699865757 0.869794952319351 0.167028634104423 0.871842929321418
"cg02324835" 0.492012012627979 0.73173640240602 0.815241699541838 0.86265353758864 0.849739082649698 0.133629117513956 0.869227068659111
"cg08777095" 0.273185651222711 0.718220549829643 0.710821919831994 0.894118879891867 0.901257771770311 0.111968134032572 0.903583067502591
"cg04394724" 0.765098963231447 0.597847415575939 0.88611834791773 0.871782728842244 0.893355013164485 0.17722344454213 0.898838571804735
"cg12655059" 0.265052136716582 0.82875534173972 0.7052213973664 0.840622257076292 0.85658127956322 0.109065151752501 0.860785516663578
"cg18483549" 0.510684026617535 0.85962116437066 0.797901660747683 0.803284197727844 0.873916794260962 0.161298332067266 0.872247227322398
"cg06419846" 0.878293682974351 0.942728407880811 0.873625327086786 0.958766012439463 0.954187418892846 0.299542817287763 0.95626416551397
"cg02598071" 0.374092811315437 0.846294276254906 0.770133612847107 0.8767377323614 0.857007739581386 0.145551347241724 0.863990401181653
"cg25535316" 0.580657558169306 0.745180372552118 0.71410484748969 0.858397960368199 0.85388419425441 0.143988885055287 0.827105567345244
"cg24150662" 0.197985118660804 0.74660265032956 0.808387912468128 0.923143553450795 0.940123241929608 0.15051047558631 0.95719174217355
"cg08450017" 0.156587398307451 0.369279590953375 0.802190944166862 0.883621771858879 0.921448241326376 0.0607482402994126 0.93774137607351
"cg01002223" 0.802062482741629 0.910271330205585 0.785187674922215 0.919100817643093 0.914634100647535 0.262147378123132 0.913410222369408
"cg25226014" 0.0864489293102481 0.558484135700952 0.83666219316796 0.84197394844001 0.883486631881725 0.0736322802919845 0.887513291524395
"cg24955743" 0.442064239977063 0.737650993321479 0.855643830402169 0.903992958669274 0.898593219596087 0.183126119508341 0.905139046643585
"cg21407196" 0.115990927909894 0.783375643724358 0.783773681889878 0.850813660059422 0.846746519082681 0.111028840393681 0.830952063299451
"cg01949403" 0.823281228459667 0.837020773474089 0.761249083177054 0.854106867590541 0.858099713670776 0.230281597268702 0.857922775527567
"cg00415665" 0.291989711674053 0.798222117195481 0.927658071047422 0.947042232520178 0.963876367663898 0.222241881645645 0.97214484035096
"cg03002526" 0.114430977944617 0.799416311920561 0.77492723672087 0.862889527807747 0.831715701183271 0.113928269153837 0.838908900644573
"cg00376816" 0.138508575155988 0.687695130874837 0.848061443634446 0.833731390615071 0.857187754679551 0.109329350156633 0.859842528802385
"cg07545925" 0.0675944864126835 0.656740390041634 0.613959499195879 0.816904445317379 0.859129835271003 0.0689540985985353 0.869407974937052
"cg04403423" 0.193590101955651 0.732082109060122 0.826601415556472 0.798887638905872 0.848441055847745 0.114812996342254 0.848091923780691
"cg19825898" 0.217558814456758 0.814336578009488 0.801013840845889 0.91097264666604 0.916692178025708 0.181971888049861 0.928947264126862
"cg10471113" 0.222662715633897 0.563556565956789 0.825545701594127 0.805669128017492 0.912455158094776 0.119902724600353 0.920018875421289
"cg18174654" 0.780063545879515 0.854228254191441 0.560557626772729 0.870432432810326 0.841169284383239 0.21376970937375 0.852423013892555
"cg26720010" 0.137907734561272 0.787702045330873 0.767868324210626 0.870693509094453 0.846597084061708 0.128955600966354 0.84844003029887
"cg05367967" 0.200898965727008 0.864721289246463 0.787804660094207 0.775143287128861 0.940649202490832 0.178104525660015 0.951203657067317
"cg26033526" 0.218270977785625 0.641754314303438 0.663735207280651 0.76400088171957 0.853593786605069 0.0941763210589322 0.883012729093768
"cg26921093" 0.129299458863994 0.71817926578286 0.746683813336302 0.873595496071662 0.882953419878554 0.129411530992176 0.884162119124553
"cg01372366" 0.717577561012195 0.357986537226005 0.329138257583324 0.150229433790582 0.0483692501334974 0.74847911241573 0.0364258371459995
"cg04905719" 0.58947902575057 0.0524775752294778 0.0345043870259274 0.0487036579195061 0.0274945609651627 0.620630350400623 0.0235127003608225
"cg15381475" 0.571439581652435 0.243202531761464 0.115297121538299 0.0503231896701075 0.0290715822615057 0.664560974659386 0.020527610958193
"cg07076836" 0.711544603788504 0.166782194182398 0.185794842331604 0.465574716128389 0.0725550227461782 0.778922966949217 0.149308594182633
"cg19746186" 0.681924577837676 0.478930076149026 0.113520729892206 0.102097074180067 0.0674568639382948 0.754232260349587 0.0764727533993967
"cg14016236" 0.755960870198809 0.39723129644837 0.155844363158539 0.328523458807677 0.062791604638536 0.788019576754565 0.0554772466844912
"cg27073066" 0.740107156154908 0.105458711246926 0.281845009104853 0.380695574150752 0.0644673059983933 0.759672055876886 0.0843998186263491
"cg12183501" 0.675579656226685 0.214165051896042 0.103023103130247 0.272875074200631 0.0825588177833429 0.740124531972084 0.0802742136434998
"cg23018755" 0.655851160409153 0.239774166773326 0.128981507349251 0.190243287563516 0.145909566657325 0.75459863043692 0.128015520670303
"cg10721220" 0.692146989328668 0.470311913187423 0.134910764166653 0.112365872383044 0.105977546138074 0.772490993048001 0.0696062587633256
"cg08243626" 0.602456277894707 0.455591087926876 0.290524492385618 0.22013880222506 0.0521393371626221 0.773424121071406 0.0430158612727432
"cg16207263" 0.526425477965383 0.0820912152566896 0.0503166212382725 0.0663624071860508 0.0541374576346535 0.645494820147681 0.0482145423170927
"cg22948808" 0.506636894895272 0.467227504655611 0.160766634158201 0.22576771853993 0.087916043647182 0.7874283429235 0.213888304790814
"cg20048655" 0.629827496999594 0.5835636819841 0.361844120564846 0.0980183007982375 0.0901147531948298 0.803882408450035 0.0639753125437791
"cg21340621" 0.563302574585902 0.301970255633295 0.153781468118977 0.227971754291073 0.0600628667614775 0.73739904923228 0.0731925760765525
"cg20545410" 0.777426744682842 0.290822062632245 0.44551147694012 0.0946271877321305 0.096767050425546 0.819088276227407 0.279809531232476
"cg09832245" 0.707767999937432 0.494290518035614 0.20061778175354 0.0768982377012183 0.0655417330817496 0.77347047211186 0.04649020771769
"cg00159523" 0.761448173179013 0.443958560929079 0.0948373666756556 0.136064877973706 0.114201642110888 0.80268906716854 0.121987586202242
"cg04642300" 0.638756551631789 0.050752454156022 0.0664007804172685 0.069844301181882 0.042888293605678 0.669373357816249 0.0401855039792365
"cg01233897" 0.681440887501131 0.231537923518409 0.0745871640425747 0.069441524154456 0.0652251110888584 0.720302912923398 0.0660183837034747
"cg09169413" 0.786704069031842 0.406428394603737 0.33013324343378 0.089846775674842 0.0770441694943897 0.815195634175877 0.153108472670755
"cg07799277" 0.62001170400912 0.476354477848522 0.0966859446097306 0.137962114534383 0.0666467162099265 0.772806188750579 0.0605217366679556
"cg09349128" 0.512133124131684 0.137930692987233 0.165155617307049 0.0885655392333164 0.0611874418058069 0.709364848144027 0.159781247959034
"cg13854219" 0.749006378736526 0.523859673995826 0.186352417496981 0.167168930302387 0.0443791235394271 0.815655859878671 0.0608317165782413
"cg09914404" 0.654298667337382 0.12827162959901 0.106959865285065 0.22471424668795 0.0823542171506844 0.741342940484559 0.0530740497168154
"cg17329534" 0.117146353579612 0.337633116880561 0.242381932926595 0.617682672577919 0.0600108478876019 0.792857793244162 0.0611390715835578
"cg16563370" 0.642783333547344 0.101356436546947 0.0854475857383496 0.13822337574919 0.0953195822448285 0.749434812681154 0.0718472234023164
"cg25711558" 0.609148353561567 0.172069341313369 0.0792510439863434 0.0509268015197941 0.039008859543891 0.723900451693089 0.0331736801490983
"cg24902461" 0.647979559008265 0.400646912261145 0.247517130562046 0.0914642585729453 0.0584623655656309 0.807758214190418 0.0556319872973562
"cg05398700" 0.936887134976105 0.925287813275742 0.836249990677766 0.93021934543882 0.860893742469175 0.94724355647834 0.0652084385799419
"cg22381196" 0.9002578858606 0.879392121831374 0.781093468083336 0.905440769914057 0.643544752024531 0.919813017872501 0.0340961996553536
"cg25739938" 0.878203966597968 0.864330107903569 0.719987257556108 0.878105032454526 0.848575723827061 0.892005328949059 0.0735049106321189
"cg16802439" 0.929148533390632 0.891232673571907 0.731915530200096 0.938896774129296 0.724309525906778 0.965049542186384 0.0765168406886607
"cg00705730" 0.857924741989561 0.845490757940655 0.628693532202759 0.872814980496028 0.81499400742036 0.864837954214662 0.0510532276919823
"cg00660167" 0.942320018591842 0.932101780996301 0.830676953876827 0.943143963795124 0.805199233422757 0.952202839333839 0.125725544139495
"cg19037107" 0.880278018550009 0.859558090771239 0.75614595287439 0.882240454303108 0.829887159018114 0.895794312373589 0.085515912159825
"cg06270401" 0.868687082455764 0.835358522567044 0.530327465375355 0.881064718807744 0.80584556459756 0.8902195805522 0.0475449623841827
"cg13468144" 0.876159906822082 0.844176150979596 0.762872263188728 0.880181099388913 0.869393730776782 0.889849804581464 0.0943707521566339
"cg11313468" 0.86373208996641 0.821159625023128 0.741556021997412 0.871709469004271 0.734858389644405 0.874668412298852 0.0520121601204467
"cg04858164" 0.886329365409675 0.871676102034357 0.769006800904074 0.886691199920072 0.823816190956948 0.88643561192414 0.0964873281319342
"cg01692842" 0.861656350564597 0.829177025073602 0.637270031054148 0.877201845078061 0.796381819579955 0.87894261037974 0.0606001666209479
"cg15878616" 0.96111600307928 0.936100360266749 0.836957989640372 0.957697084040522 0.535961747070052 0.970463755636527 0.0753643577872366
"cg25600606" 0.886907396174478 0.871310150524297 0.732889797856578 0.89407709257231 0.830876944856865 0.896802169331803 0.0996201512754956
"cg12483340" 0.864448739654475 0.852839600271374 0.676676864740108 0.873179425271896 0.718365701768356 0.887569793779268 0.0538556423632373
"cg23819411" 0.90923433253616 0.882485050168534 0.687633206638852 0.912382495501257 0.746221698559256 0.927516026453459 0.0871362293021189
"cg15658793" 0.902522039388564 0.847216627437613 0.629003224551969 0.917422131529104 0.687466980210368 0.927126056815612 0.0582954830548923
"cg03340036" 0.860638719759856 0.855162483082501 0.752391031592245 0.874733038909575 0.738289011860177 0.882228353471997 0.0710062136585676
"cg05936004" 0.88274535294404 0.836495672309463 0.694328976605058 0.890623772447658 0.779828252799781 0.896947889319146 0.0801419282474435
"cg07409471" 0.876905217407028 0.849789933826451 0.74528005019557 0.885195206010454 0.740645091534252 0.909816876518782 0.0808275736823134
"cg00439981" 0.893451821262287 0.882603094438633 0.769975244202372 0.890950912345659 0.55690569594313 0.908105204373967 0.0457301508060915
"cg08154963" 0.852984900786719 0.82364667137276 0.623468383234547 0.858142716336491 0.771811740626087 0.867458371265688 0.0583653294491161
"cg25605731" 0.948394457292491 0.928293792412759 0.826960946443666 0.949289913778632 0.453268926472476 0.963189105603403 0.0649219953640301
"cg08253808" 0.851504948727277 0.828233506056666 0.723463921537768 0.841529235524893 0.664681749779797 0.879871282221145 0.047117685153685
"cg03766264" 0.861504533627385 0.859178636613652 0.779929607803983 0.87012145836705 0.842832613968655 0.893405647920127 0.115341857094193
"cg03637218" 0.871259430903492 0.860434966688297 0.587239500257581 0.882837936614121 0.83985772790418 0.861261555788498 0.0948705659202432
"cg04609694" 0.862917139733871 0.848598682563654 0.7271746255158 0.86427983461665 0.784099797871071 0.881809351899367 0.0918483961263864
"cg01699630" 0.863330461928219 0.842782025765999 0.705488385495053 0.865146598144945 0.843951474828629 0.878292435053228 0.104108420441221
"cg13785123" 0.947384386697127 0.939743292433957 0.82884337882415 0.955989695220659 0.822554628488455 0.951458086979848 0.168727052903922
"cg17852482" 0.844220609204715 0.806539181792693 0.66709021045471 0.848955206846719 0.787830746291982 0.863603833015525 0.0720272620598464
"cg01040749" 0.856783081734158 0.852424519933906 0.702573023338843 0.868623440428632 0.714028277773404 0.869356080510927 0.0722411133868709
"cg07790752" 0.869096545453775 0.834249877321171 0.537379122847885 0.885570574053509 0.701532259240875 0.895223200336644 0.0541194957526831
"cg11596902" 0.865326988396719 0.84772347616852 0.645925231342195 0.881427741961343 0.653671666003261 0.892309575307331 0.0578917585966003
"cg10611016" 0.886431103309564 0.872074019728097 0.69015768476915 0.891714130332787 0.632356783975381 0.904967035451796 0.0741170668602276
"cg21685770" 0.890717522790495 0.872458392935211 0.531539741149868 0.880732559499285 0.627506635724252 0.894784581721158 0.054737650148487
"cg21792134" 0.908217750574704 0.890098980538892 0.747929528812681 0.901750055067759 0.851488002066483 0.915452739482295 0.149873783123626
"cg09342997" 0.849781026389235 0.842135488756177 0.740506034013186 0.847670860212661 0.722718088351749 0.863896887962878 0.0838907174700382
"cg25693317" 0.866444517659394 0.838303666273815 0.68896707260169 0.865157630058053 0.764560634989785 0.891648044913444 0.0994825263317035
"cg19055828" 0.864332957050264 0.843925977511302 0.711735371043416 0.862107427313186 0.586394375898173 0.863448650948945 0.0551952499165841
"cg13652008" 0.875295957454196 0.855569681073441 0.777279119515628 0.879205151271317 0.811898256037261 0.892938572038874 0.131973387348503
"cg13618969" 0.863387307005011 0.849794944276069 0.664843017740089 0.862815741162925 0.841352611004522 0.883537339906575 0.120989244448347
"cg13595556" 0.881756780621011 0.750186625750915 0.636585441256731 0.877448449269019 0.597673387963016 0.893452054672957 0.0425293625046256
"cg23338668" 0.853593104101192 0.84887772063278 0.650549445855673 0.863151917392785 0.819760833820507 0.873489349159348 0.115455050983462
"cg10487428" 0.852405073278462 0.820878311287332 0.632314497903267 0.862129140886695 0.725182924814765 0.874906742677736 0.0829300998530615
"cg06526020" 0.854040500939434 0.860218189289721 0.725765025857665 0.873990734991555 0.803885428483746 0.878905304558973 0.125480765868168
"cg24737761" 0.861790575957602 0.814645470777577 0.646291150360627 0.860093999356962 0.778025676575222 0.871503288847169 0.0989008659468031
"cg09418321" 0.849877817962666 0.776447938555678 0.445308263776354 0.856808768972392 0.764838583837646 0.869272644322512 0.0628949357494132
"cg25074794" 0.903707114592435 0.869688197921322 0.775167910663952 0.909893959469345 0.809121253370854 0.931363752405628 0.153999819025216
"cg05344747" 0.862652803310765 0.853852197492877 0.765161339769384 0.847841888490239 0.804526555697929 0.881212626478169 0.12985063800375
"cg09859659" 0.859894344012123 0.79615365198857 0.711149222460269 0.872959536196369 0.840870127521342 0.879118332812823 0.125927078790513
"cg25140783" 0.0931881955993377 0.129989128724308 0.69044876802322 0.425386428374759 0.791924773039466 0.0660748203793095 0.861552075862352
"cg09595079" 0.150722278838994 0.59189725592295 0.42608855340553 0.121970397477555 0.16432691714676 0.322861961198766 0.736821323785585
"cg23280720" 0.0681097881154024 0.356608762080953 0.609604525492189 0.279807333761726 0.592945112533655 0.0672542250377515 0.818947415196755
"cg00221794" 0.503877889415525 0.140156742499908 0.363709489370062 0.0842202056124679 0.377350737977885 0.552450618644231 0.76559205716409
"cg00661777" 0.489463336970777 0.0981974238737045 0.592906464482734 0.0814358599550563 0.0787620984016917 0.325798158279315 0.685416799341411
"cg12810837" 0.0655719218909377 0.122575072908916 0.47212256226263 0.0734346555355364 0.672401527496604 0.0536869951423033 0.741980175942485
"cg12112870" 0.624086810711809 0.17466720460685 0.588512910496382 0.165761894853689 0.224420737079622 0.475196025478036 0.794058438636792
"cg26106166" 0.140680216800274 0.140675569309689 0.187371577069986 0.189412570809343 0.666054792928995 0.129261066686318 0.759132257712294
"cg11485012" 0.146966597316154 0.101175643893976 0.494581965803841 0.760992190250055 0.0918367794702919 0.114920569520305 0.739407384441901
"cg21774136" 0.217607522503422 0.319740879526432 0.349945676685765 0.243733268633445 0.660532284219315 0.282724717074194 0.849124653176046
"cg03889044" 0.103901451552657 0.372638058294015 0.596722426578733 0.321630635763919 0.435207435694995 0.094609370113466 0.810344592849778
"cg24310395" 0.072254163991275 0.107817334536842 0.231046450977723 0.332314476611489 0.621579964342188 0.066671441548857 0.774822160129869
"cg07613391" 0.0735810834064703 0.134318367970475 0.433319706225907 0.231744447766642 0.672876183714648 0.064389124894659 0.797964050611598
"cg17479280" 0.640914666687271 0.164029554296363 0.823617458180379 0.116076101659421 0.559979270219927 0.525670019412336 0.929961029069053
"cg25133951" 0.220105886514921 0.094566299918107 0.512599289399448 0.066680922834195 0.443381497303398 0.0922660372503893 0.739418543138603
"cg15474337" 0.238285957002634 0.12815578068533 0.343133435290949 0.0664860227862651 0.0707418196492213 0.241484735418232 0.648119613560325
"cg17161520" 0.080174223552789 0.171550168550505 0.579826561385686 0.0760805426157695 0.738884500315789 0.0665992549268743 0.825300959673555
"cg26360197" 0.0608240684690908 0.111270385657363 0.188321748418526 0.240902208772964 0.680760006140999 0.0482136130371514 0.787838486172625
"cg19190593" 0.207405535298023 0.441485220793871 0.61280635453334 0.0719709941153602 0.100243302700239 0.410872294738071 0.783841756034779
"cg00795812" 0.107000924850705 0.362960249525311 0.495794688421861 0.237941086956496 0.227821431377057 0.104031286212264 0.77948082691731
"cg27051683" 0.122139559074684 0.450074190911753 0.672835030652786 0.396183564042033 0.476717818982704 0.0995423462404018 0.917854333477508
"cg02368508" 0.38793059905327 0.200568790970443 0.453406485235279 0.0635452553710501 0.272281710792202 0.408883048205315 0.801400431659089
"cg03526142" 0.0596762680204426 0.0923705596956075 0.294746507940382 0.356339838498219 0.736506580165884 0.0476074563691324 0.855741838240573
"cg00754552" 0.371515449538612 0.2310221022761 0.547939628100453 0.112009710041285 0.119452786661931 0.367292824983905 0.785612234763619
"cg17843665" 0.211218224613672 0.193766391903998 0.349957784809052 0.0752512555258637 0.0784205293055458 0.468703822907706 0.726470917655002
"cg10699171" 0.0852229415906508 0.125645991556554 0.565042761692386 0.183711914330572 0.509434616027913 0.0945504076298599 0.821682627021908
"cg15535471" 0.106698423795985 0.0948604474287132 0.267361994189506 0.36223981565456 0.444002361609693 0.160811373912657 0.821468496082085
"cg07018090" 0.542991984886751 0.313956344840691 0.717871149718783 0.0634259050297518 0.178838516365438 0.481188511379606 0.895599741599686
"cg11354682" 0.488595249657393 0.102278249700664 0.691736479965319 0.058946385710591 0.104732326061568 0.522833006241856 0.840064100974893
"cg23954655" 0.079180426298587 0.14450191766424 0.578384434294633 0.0804448435071607 0.130717581742453 0.0718118143084883 0.771288549209499
"cg09993145" 0.054178745570669 0.0617530534675186 0.466446708822376 0.119580842705358 0.0729309274457942 0.0425450413616804 0.737832284459134
