"CD4" "NK" "nRBC" "B" "MO" "CD8" "GR"
"cg16452866" 0.143655921244053 0.948440869714861 0.905696463323278 0.952004331256921 0.959179285875236 0.281582598556577 0.975857712456066
"cg03388043" 0.0993550671804616 0.785238672325602 0.890428551981578 0.935422376606509 0.963409545700722 0.138041613662879 0.977847055791902
"cg00366435" 0.095753023232157 0.866186755790129 0.733246489258063 0.900825232429595 0.923519347271463 0.291920305879815 0.923684095645831
"cg26852712" 0.143821768596761 0.902745413066233 0.932755209393983 0.91015993144634 0.934367571701317 0.492749615075176 0.950598604335824
"cg07679948" 0.185519955407219 0.954478043927949 0.954894993454788 0.957922238013297 0.972352661409713 0.434103802623313 0.973389319100449
"cg11848483" 0.101803617305306 0.884925688210527 0.741358454650373 0.876511004825042 0.906562672427766 0.223897424497091 0.915198036511109
"cg07015803" 0.161419403452961 0.936550397494162 0.835216364013149 0.941868409511805 0.950137735738731 0.29319737348746 0.957617508396077
"cg08338281" 0.0998063168053057 0.829771414536001 0.885977103350825 0.866037361229468 0.904676858696636 0.202649601822352 0.911217300203906
"cg04347414" 0.113670862407975 0.855782584744563 0.688156575929676 0.899690878265087 0.92851233442636 0.157206552891316 0.944401969619829
"cg01874152" 0.101665969412816 0.849324641620331 0.592784614701895 0.852369639233056 0.910321813780085 0.584788986189552 0.89004760698117
"cg06915826" 0.0857493163774999 0.823525826749174 0.748553174209855 0.85121445632542 0.863564314315057 0.245350344767567 0.864306688372383
"cg18735089" 0.126568895033113 0.835409458202475 0.715575608874455 0.897053713828006 0.906290855457806 0.224229284985442 0.918389026856053
"cg13750061" 0.0993011308691317 0.84328024944253 0.645028398161701 0.851889498722233 0.877705137890995 0.197572685721096 0.876392968510144
"cg23896695" 0.0877991680277702 0.820393948314205 0.610886205215842 0.871031399618717 0.867133862018368 0.164626112179887 0.844555706132587
"cg23357533" 0.138036250692411 0.861853077960036 0.863923452199822 0.884473767348772 0.879507772305594 0.405141479913834 0.875832747051173
"cg14522718" 0.146127463567111 0.762381070061468 0.93845430547419 0.913956592952782 0.945087489981976 0.183363879201942 0.943229833722039
"cg09695307" 0.0945380695424153 0.798774082527087 0.576687049741019 0.811724603338742 0.89263725015738 0.243755999844766 0.878851235372105
"cg05705140" 0.0981273362956742 0.797544088337616 0.66281325634022 0.766359933557725 0.899207030634196 0.301317007066185 0.887488892983163
"cg07781401" 0.149873821476127 0.862904355210231 0.8057022225037 0.891412418426802 0.89796605601524 0.257433752730683 0.898310082146285
"cg24662823" 0.107164046629136 0.704816245949305 0.700606332822873 0.869372621676276 0.905338956515007 0.299962547119246 0.900538913127279
"cg22230912" 0.114284477988446 0.859177125084068 0.493713868194339 0.899196992777263 0.874591741646464 0.223782224804208 0.837005209311921
"cg10558740" 0.135001268788229 0.833090976596798 0.705302653420586 0.882084016177527 0.878870560618129 0.25085285283536 0.884711334217268
"cg01490728" 0.0991370945219596 0.83455186810214 0.505100729872781 0.829481971386181 0.851905486529758 0.320997774389335 0.847121046091411
"cg07110949" 0.231708282174578 0.92616440039693 0.961808563684858 0.945938024552632 0.964064398637775 0.381630123887351 0.969040198398764
"cg10111816" 0.097895572722172 0.787099012854509 0.746252437111912 0.847290135131425 0.841950865161801 0.240177712572306 0.818260953580341
"cg16230121" 0.0975453121042933 0.767414021110505 0.67133554734833 0.845837333768225 0.850361879655668 0.18958675523376 0.867337355288108
"cg18650518" 0.101353577645946 0.662555860967138 0.792465025034649 0.858930096434759 0.895486507620503 0.170517739212656 0.90747747206951
"cg16775598" 0.132445342562692 0.840786172762349 0.649277771785236 0.871855251963597 0.870785957676676 0.306683841829619 0.882897977084638
"cg02387618" 0.130132385900439 0.774522565394084 0.687109298807633 0.880686524247726 0.899135127433744 0.212515021391833 0.912534725721506
"cg24008435" 0.163648418245688 0.864741983469907 0.82438309957996 0.878123268922192 0.881559004498992 0.49329007486825 0.882924724947788
"cg10240150" 0.112444170703019 0.793071554520382 0.60147473871934 0.864642804545731 0.867541642575359 0.276109878725224 0.862503530357115
"cg19001909" 0.24137447774363 0.93360043900215 0.860069264476636 0.961914093067944 0.968106342699879 0.469139242743852 0.976203105468178
"cg12353788" 0.143708512129234 0.857051642639366 0.610067096227241 0.872328999760478 0.879137674668458 0.383006903509103 0.882068260337384
"cg24841244" 0.10462333728183 0.72230563024498 0.67998214824045 0.857650592669079 0.876365166701458 0.198834694411139 0.876235275668641
"cg20661080" 0.0850095502815672 0.699196570993724 0.629188279683632 0.852013898202443 0.846644583299482 0.152618494001882 0.871802814248353
"cg16675872" 0.157221493747251 0.855661799917019 0.695715622856371 0.857518537859501 0.906246471614075 0.29053916926936 0.90517297947369
"cg10837404" 0.203770266107934 0.886173514736165 0.884264861481417 0.900174724803815 0.910325152225088 0.693156089059058 0.910692373661913
"cg05931551" 0.176744826708846 0.868227290819298 0.80037144206662 0.866956710337058 0.878523958312711 0.778191599113889 0.88203993354842
"cg07970799" 0.170663308845824 0.726130799724435 0.832466938873089 0.908850426949009 0.938575640943481 0.48785068435619 0.951968442900065
"cg03002526" 0.117992632898149 0.789148273173979 0.766898359451744 0.860899181430401 0.842384966659189 0.196501340544428 0.846988679848319
"cg19694519" 0.144896736642987 0.805110590985066 0.763622659180362 0.866645221171754 0.876105081590788 0.288843580235831 0.896438670142207
"cg08639389" 0.140193721287387 0.807320188187043 0.737142735609062 0.830022359636875 0.898437003869053 0.273558002599089 0.886964279989748
"cg11710595" 0.169035427844999 0.862554198937309 0.610403665526461 0.883940717785781 0.879562500410456 0.661461629773944 0.893679778048761
"cg04340595" 0.10684484165881 0.539270116609406 0.833767865249925 0.843371622669529 0.939839198073377 0.15018103049106 0.960096719868364
"cg00122659" 0.0950889313232239 0.723260993725893 0.631069020940301 0.833091660905586 0.855746327159676 0.232501181276561 0.839232133731775
"cg04180114" 0.114783434125195 0.809391618858436 0.774014656304355 0.794355340401234 0.822859614808622 0.219563353562035 0.858585513703242
"cg00620024" 0.198335868200417 0.870165402531813 0.87335515658792 0.886577421165764 0.9035088835926 0.60177076298517 0.904559998966652
"cg13484324" 0.14173505332068 0.880155619073016 0.419391416418254 0.878518464629782 0.888718345326389 0.345215644540909 0.839689068055013
"cg11210357" 0.115383161376927 0.748211117353134 0.805338733326469 0.809875279458298 0.859737077911864 0.197158261254226 0.863615096533637
"cg10414350" 0.128315289341298 0.740140127487166 0.739004855341589 0.867849136856138 0.871236072041251 0.394848458608087 0.854964854217587
"cg06760238" 0.732885396065414 0.0753415755411346 0.461934483055925 0.443221927187009 0.0481522092905378 0.5953699343147 0.053810157823695
"cg21350697" 0.7753307818355 0.300572829467277 0.106304453390322 0.253674297408211 0.149501502903203 0.752108413850919 0.140880186614374
"cg27027151" 0.690493035900544 0.133390652452534 0.177063665709073 0.0669021675778466 0.150223452547496 0.375065901314056 0.148823840370351
"cg21593001" 0.6834134661964 0.168280700393353 0.0479242383963755 0.214122647956225 0.0548339052035502 0.6046445702225 0.0385475657012043
"cg25140190" 0.777586229954856 0.210251422796896 0.0822758272913074 0.52727882574016 0.0778688294559646 0.749272265195436 0.0730938429280782
"cg26681770" 0.621405603194836 0.0697622290003878 0.0401852026119632 0.0395165431231951 0.0402438584984072 0.572760653354864 0.036223763485599
"cg11666770" 0.856605966178011 0.318875193953503 0.191811417965531 0.302377383525918 0.281908970685756 0.734982618853316 0.259805671287479
"cg08284263" 0.67691058553684 0.108246091922519 0.518844677869229 0.0933764513020608 0.0443369245349365 0.486224125902539 0.0463993336880237
"cg09169413" 0.763978396981403 0.383393935972937 0.314042521834683 0.0900297388449094 0.0661535933204942 0.778934155975063 0.133892263147536
"cg01990910" 0.800883980767026 0.390851909819328 0.0767160170677158 0.370476082938085 0.0833609906478634 0.827220671894578 0.0758183513853705
"cg21360910" 0.711382917494416 0.186300108985569 0.14024804318411 0.080100618521125 0.130986831304801 0.546450992822885 0.128669081651665
"cg01022219" 0.87337763016106 0.339666022118005 0.149104243287231 0.663392552304687 0.139979643217036 0.785074447772279 0.114578568599516
"cg26564117" 0.784999832971905 0.073868033475477 0.541000362632144 0.512350092096442 0.0824927622031116 0.628528456755765 0.106414535722009
"cg01231183" 0.738087270104353 0.324881834437604 0.124847621384885 0.0915734823634055 0.0981225923644031 0.679131080050374 0.0859072772672287
"cg22193912" 0.651224370239711 0.132983213897283 0.0296309188801796 0.0846249681990574 0.0233612664387166 0.659361359511599 0.0229684408705382
"cg09662852" 0.644298156913169 0.0649405649558402 0.0526781190032003 0.0922821399303872 0.0485615687740532 0.544373484473399 0.0404248251174706
"cg19548859" 0.819306597370683 0.330039955892075 0.505574701227005 0.130989149397632 0.0540397333931073 0.756905557740658 0.334230495354353
"cg07598385" 0.641932140147562 0.062041717041433 0.0396362495040072 0.131113978932321 0.0341395881954039 0.471139992386518 0.0165716198921341
"cg27058988" 0.657690984204029 0.193039478649979 0.056448310831637 0.045018606950924 0.0245557557359099 0.466631510876729 0.0210593043566455
"cg25031824" 0.741151552061897 0.387491615337587 0.0642159641863978 0.109320958324556 0.0587662638872501 0.690924860669204 0.0464992681963012
"cg25025181" 0.709074828727891 0.221338816236736 0.0995914363939236 0.179732962704656 0.0272805434804609 0.73904937410327 0.0397925434632984
"cg20281375" 0.724212077134708 0.318833932845556 0.10247378347751 0.118008831346676 0.0501095847410575 0.644078390454851 0.0392669319632303
"cg07837085" 0.771355503154485 0.124291461350161 0.395046391024991 0.453283786415012 0.0645219519428036 0.675130195561094 0.0568219311522925
"cg19369955" 0.736056782405343 0.22858191909324 0.437961294639628 0.117040889688691 0.0611136424237997 0.673381398031033 0.0584038995628229
"cg18739675" 0.800988484509843 0.0688252284306659 0.490548986134401 0.648515165175819 0.0390399898282591 0.686076445035328 0.0482717740282666
"cg07220903" 0.807819144805145 0.0797657703158249 0.306217512242797 0.590571066946843 0.0831705656975706 0.686574155697371 0.121162568463743
"cg23582982" 0.793611689614305 0.351878069548005 0.302743648988078 0.255272721559186 0.0650726883899141 0.733013866413515 0.036487691882296
"cg16261114" 0.80066733588704 0.454086866642451 0.177137871761398 0.202731915497179 0.0595046616126682 0.764822211239503 0.0401049941266155
"cg05228359" 0.713852549902721 0.301122503288973 0.0757936207670333 0.0596399140052958 0.0293343304576068 0.666671800298914 0.0258042818870367
"cg01543184" 0.760778907414179 0.274318663956318 0.0753803881424857 0.21487129306309 0.0799928711261156 0.729076712741977 0.066101222324805
"cg12465678" 0.822490397414083 0.0898313651470628 0.545532684567756 0.626109093587072 0.0559249742676316 0.705821042608411 0.0615643532254855
"cg26402417" 0.808386039441097 0.547007782953744 0.0851424119097856 0.112411135922549 0.0535626473921515 0.828047066477457 0.0582010078592445
"cg02380585" 0.633077097252083 0.0275817619555325 0.0251267534857109 0.0260411124170919 0.0208951981443339 0.494352879106782 0.0163321875064034
"cg26923863" 0.779147362049524 0.0593910824181714 0.640494301519156 0.453829381555571 0.0324395462886057 0.529602085554237 0.0225725114296977
"cg06650256" 0.87187811917051 0.276114630450891 0.497159257665579 0.549555539156446 0.0537248917039654 0.85874859397089 0.0754752911464481
"cg25394505" 0.741347230013007 0.0785973977698231 0.229801421049895 0.173924243164409 0.0979986395116231 0.586307453205391 0.118836553512104
"cg16922167" 0.756883352624055 0.210624835384693 0.100911361468584 0.217435773648634 0.067495950790234 0.632216591100365 0.0537863525450781
"cg21495704" 0.839005597425867 0.102088749010768 0.450184502348066 0.603576867003256 0.0670432174507844 0.726311587772765 0.0763964161055747
"cg19628988" 0.705411748169036 0.0458091454141592 0.0747727384477896 0.206622807880902 0.0338034565800034 0.523365226795779 0.0501066954349063
"cg07785552" 0.717602334552544 0.112740261510668 0.31713338860891 0.0782358822564908 0.0509065910761735 0.538916852386133 0.0410531236573337
"cg25729350" 0.707334710229044 0.121625783825311 0.0879420129060723 0.0633090720820966 0.0480268819340447 0.51749297009918 0.0509276073470549
"cg13448978" 0.719543841954255 0.173863146910128 0.0338154756545709 0.123280946101887 0.0264028573499839 0.574412955726077 0.0187660013467878
"cg09037630" 0.694358725612811 0.0578176936264988 0.207276551261118 0.0462784322478076 0.0333172094772713 0.583028605034459 0.0415640368685584
"cg13468685" 0.776746494769498 0.0952869939498297 0.38673093900733 0.276079819829786 0.0612236781587197 0.729958669196479 0.0543112756945012
"cg09885622" 0.839924141509085 0.0938083094665095 0.460724998097948 0.316865827622384 0.102535244441032 0.740628114084685 0.228714241554671
"cg25978218" 0.726402625762663 0.0471785858822185 0.211383392396356 0.175803707990109 0.0442757481067021 0.592784606973423 0.033754391465342
"cg16097858" 0.736402954981283 0.152598797706065 0.123932131610874 0.0702985706509205 0.0568987134136831 0.700371584446116 0.0491733538155326
"cg04742550" 0.778354473324181 0.0431968411739738 0.126385822581938 0.487284180038755 0.0285766462194126 0.360462157102584 0.020995035953673
"cg11787160" 0.799244048279279 0.21891879404678 0.0931904060156964 0.155972564870928 0.102922416140002 0.67883291008658 0.0944149907014724
"cg20455854" 0.752318987353867 0.105976998853044 0.0453851320287046 0.14365270404911 0.035177123027627 0.608747108342992 0.030091235970403
"cg12811871" 0.96921062964892 0.179628049925608 0.841343376066802 0.80942181950521 0.971479896430881 0.690596436969971 0.983926732945214
"cg25383568" 0.955244581595288 0.18664643085004 0.936659801425468 0.819182211820707 0.951776800845093 0.691608020441384 0.967899275740148
"cg13617280" 0.890052113069813 0.10629914844517 0.802710448003717 0.762464364797889 0.879544201234367 0.684485399683285 0.841309796796344
"cg05875239" 0.900264149733184 0.143690824003227 0.872222452667368 0.783503885706587 0.907966662747098 0.711448395658922 0.917118333916336
"cg27582527" 0.855473186850868 0.0699466852409644 0.548534488292004 0.736750163080261 0.852186364445899 0.624339157650204 0.857983423709296
"cg15956469" 0.951128990276808 0.209762743785518 0.921194515487981 0.8673275796765 0.947945955911587 0.78455982446035 0.95846099318775
"cg27274718" 0.871522626015604 0.125699471347931 0.758052465362517 0.781548878586191 0.868268630835277 0.690810021973701 0.879026287377876
"cg23474890" 0.810891066036798 0.169049363572474 0.864879431538493 0.854418341690657 0.940211787522624 0.475063252220803 0.936619038061351
"cg07307830" 0.872263407250055 0.139547746639009 0.655524319478202 0.822942943016772 0.885395299791283 0.652623010558349 0.892801067849435
"cg13613174" 0.880993250248608 0.128266875922425 0.821757225118637 0.767942502031143 0.873769806361616 0.643082235391544 0.830318469644807
"cg13917614" 0.917051573959543 0.174711097152953 0.893646760689098 0.72288885904273 0.925294662079194 0.599636028496106 0.959406716576042
"cg27309871" 0.887754266465826 0.15788750210414 0.734174500012573 0.817427131699541 0.891300479498927 0.701558809523855 0.892838406239265
"cg02384859" 0.888276637256872 0.155438581535171 0.680582877861897 0.799046437401818 0.901831009458968 0.689818819090949 0.906393638482746
"cg19563355" 0.880232479581274 0.165701430159917 0.879772104837273 0.815758751323457 0.885483058317019 0.693345217668946 0.883189814981643
"cg05656688" 0.887978419934856 0.159631036720182 0.797937201274026 0.75949334624166 0.916865264250464 0.626066618868232 0.892527701995792
"cg01940139" 0.885381888705689 0.168329476963584 0.700391069231768 0.837241199824365 0.888806651768005 0.76063284560381 0.895353549347781
"cg26012482" 0.775971924775807 0.111941055608571 0.646474193185589 0.78430418326627 0.862235080240506 0.610863021522544 0.853275756096502
"cg02150910" 0.876980534398129 0.148776109625846 0.653055495738948 0.816119981596116 0.876881589696017 0.707047543917188 0.868809487344106
"cg21634628" 0.832274857013286 0.140309228896318 0.685204153041324 0.779207271962207 0.878239329064549 0.687451040866918 0.888780649972648
"cg03538296" 0.843625998000199 0.0933117814439077 0.671654380999767 0.702315796110508 0.831346577105103 0.506083715500834 0.833397929035213
"cg21474838" 0.868475111391174 0.170998584565613 0.728385337393711 0.834572590438203 0.886434779994629 0.750049045593612 0.889297624555405
"cg06040872" 0.888723448822415 0.158878393804336 0.724970925136463 0.800679535387627 0.884123090042798 0.657216946609802 0.866833358220181
"cg22488278" 0.876102295674803 0.165983104139492 0.792889235117448 0.777700163211746 0.890297674510396 0.685570811516722 0.891771527562515
"cg08691577" 0.882335053493843 0.154552135360969 0.787924133361812 0.823496346638222 0.888148928354294 0.207301846621654 0.879287097814142
"cg24430034" 0.970868804778837 0.262001766774796 0.971193927246384 0.867499794178323 0.978423785081006 0.712826489245605 0.986025983885432
"cg26275360" 0.867458635659551 0.154097745048506 0.703889905287245 0.800107038972923 0.872257775091477 0.728823474046248 0.865797721280036
"cg21828319" 0.885060136611788 0.158023912749062 0.843452736168743 0.746576660320622 0.866420049582668 0.713318634011656 0.879369600413284
"cg06202778" 0.867474559848178 0.128981859094432 0.59320313355095 0.801852819815231 0.822435989966221 0.687047362119208 0.855398129158887
"cg20959189" 0.818465257530202 0.152354024085483 0.734203058309015 0.81450349572885 0.874346731802867 0.632280384502491 0.88314111059391
"cg13449535" 0.885215557409752 0.153282703369452 0.533216537721837 0.833135322292062 0.868103379213411 0.723836400438478 0.87776543719627
"cg19696012" 0.879080681550057 0.177031642670294 0.764797668698381 0.823161601245128 0.889296482104308 0.729530641370611 0.887891354346524
"cg07586956" 0.674925767540935 0.124495883396495 0.880253325051502 0.790425188386502 0.875684566404429 0.265401057924063 0.902393032744626
"cg04527989" 0.880006070326461 0.178603238629666 0.840301223275939 0.804172687082894 0.881045476436778 0.75565948166779 0.887164178833853
"cg00594040" 0.864702862708672 0.137220728698442 0.371251616311327 0.792939589822082 0.887944920074175 0.696564762137131 0.887595292000838
"cg11100450" 0.876883615500673 0.169083294671865 0.714200962892827 0.798528305633631 0.894822665677365 0.620184287395105 0.897979251520615
"cg21333217" 0.964284455710913 0.264073751460738 0.942920569733692 0.892342223307964 0.964025525211159 0.780864636296159 0.971616714724214
"cg06815003" 0.892340156796549 0.170081782590296 0.640999184689042 0.815474560313054 0.875599058834203 0.791660954669524 0.888293756692269
"cg13995453" 0.869707028441217 0.14989733351328 0.657181178053462 0.800687434492712 0.862176003575615 0.678171042462587 0.855726465400725
"cg20987610" 0.890710473581554 0.14902314143502 0.645297683563284 0.819673403359784 0.790464946559283 0.790774286331763 0.890304535738944
"cg04784635" 0.840839866253832 0.149914549799818 0.513492967346116 0.810649781693865 0.890688933675328 0.65505416191611 0.887186754172954
"cg10628126" 0.893009971852295 0.170810971155578 0.715176202939249 0.829456447056432 0.841079717340109 0.733329728368842 0.893176657285652
"cg22749642" 0.886835514203993 0.189840032943758 0.870188730805451 0.816254769759498 0.889523948923338 0.747718956644552 0.877885695536198
"cg26934362" 0.792597753807133 0.0978742678676516 0.493816274151773 0.694192175820092 0.859770891476207 0.53027075447602 0.8618635677383
"cg05593759" 0.878815657717252 0.164214535981245 0.642693724628141 0.79731260115011 0.881616682317865 0.680928431071966 0.88537011495415
"cg26227465" 0.849896540434884 0.142234035310554 0.580129591232527 0.800314197199857 0.850049043286352 0.640102709676 0.874362516208589
"cg02663352" 0.882166572640869 0.199229955849899 0.882074465380762 0.809652855698253 0.899830572009998 0.74561106794057 0.904741622247989
"cg20657709" 0.858161893159667 0.155021373761283 0.652471362369768 0.789654451087446 0.859154186771369 0.735982580092328 0.874995704112447
"cg26209730" 0.937098787549977 0.227077605975788 0.930785779421768 0.804704577749748 0.933460382750623 0.658623651522342 0.94539771464724
"cg10796068" 0.851904467241237 0.168254726239047 0.778550149120247 0.811453773300487 0.863239024702328 0.740518817620641 0.864946419288896
"cg16340422" 0.948446242859643 0.228279884660151 0.444320855794548 0.901307545530922 0.957821397520083 0.781126564852311 0.963884759851484
"cg18907610" 0.793590375800271 0.750451468868207 0.195076188041178 0.1738600096737 0.0717364110647033 0.840081066186117 0.0950298356107155
"cg22589728" 0.141041681221578 0.644867627022842 0.14639049978921 0.165273444653026 0.1468872380667 0.224513841948282 0.1817210185502
"cg09101151" 0.188487459268388 0.64188591740034 0.426811297000722 0.121406913652165 0.109452519063415 0.303809973694172 0.104009203480482
"cg08215318" 0.553881476200161 0.693660152208906 0.0645913189208136 0.231376441954177 0.0665103793146927 0.727172561882611 0.0345252405732884
"cg09324018" 0.803000042985519 0.754177054551525 0.406994384474907 0.135230107042574 0.069262396159634 0.79669725976715 0.066405436652219
"cg01512840" 0.314400429389007 0.643372577889631 0.145571281758795 0.235266857978395 0.0347070331673954 0.599444041912498 0.0228211685988068
"cg01447281" 0.0445864374734765 0.557144775922835 0.0699217454094251 0.126622170223673 0.0457159324213786 0.18294055008365 0.0369292341569071
"cg00629585" 0.113181429708671 0.594479829848772 0.0874913955412903 0.134383772159642 0.0857710352156257 0.223401486613844 0.0792347796049926
"cg23829102" 0.506212498672191 0.684545586824249 0.0554051738061116 0.257563153323214 0.0397243038840934 0.673532758219067 0.0367525121411809
"cg06630241" 0.609068929398236 0.724554724198353 0.0604112653280885 0.154684940582343 0.127950705595283 0.683709939032142 0.124182928436418
"cg02381279" 0.214653917271695 0.604929767434053 0.0925696308200978 0.116093040202954 0.0544034013330939 0.412191730675795 0.0516364360850831
"cg11481582" 0.346471681319164 0.61580122157314 0.0589546051306106 0.0999610200402202 0.0348149915465249 0.471970138968597 0.035105962521602
"cg14649507" 0.459818981675598 0.701528675775251 0.367944349325206 0.190053561238132 0.0732570743151572 0.489104513709002 0.0832761121650949
"cg26971042" 0.060817905313761 0.584723549904345 0.060291312806348 0.0907910107290501 0.0947200896295926 0.124675500083228 0.112020798868463
"cg11147278" 0.335314443416134 0.677603835869494 0.378307386295595 0.239054717155399 0.0365062264660193 0.556483922245944 0.0383259799918024
"cg09958402" 0.260469672541471 0.610481749846268 0.128722385248455 0.0852933648515315 0.0317336154736884 0.453581524464362 0.0376793199905248
"cg07675477" 0.190211263327699 0.681133890715045 0.101273243726156 0.238561239862842 0.144252166290458 0.37734755489112 0.136168756822412
"cg03837680" 0.103567330966705 0.601651186636133 0.270419159505508 0.13928665765431 0.0392203991431475 0.257457628755649 0.0299833255552688
"cg26348226" 0.249130306876517 0.637487137589546 0.0946629311658716 0.12566218693658 0.0532488213442842 0.459428536836611 0.0716558446439312
"cg15945333" 0.750960242161686 0.736738617154956 0.0498613952446207 0.163256448339733 0.0486956763696843 0.788790349610801 0.0420463589880926
"cg20790648" 0.656390977409021 0.768632412358885 0.200942039737764 0.146500558911005 0.101876749222379 0.76371672231414 0.164373948343776
"cg21199093" 0.677676067577541 0.754717879668661 0.0964440305770072 0.219320429376868 0.0767895601160522 0.753789994973351 0.0810461758093122
"cg04887172" 0.368538447226469 0.667085707226016 0.0375053505919623 0.162503353314588 0.0764672826751527 0.413287974871624 0.065767426588529
"cg08545593" 0.802461780621609 0.790557090509539 0.465487421133046 0.203870582345326 0.0485740647568349 0.855162401571079 0.0381650720107286
"cg24315421" 0.331646366095268 0.730576296600346 0.201151106891006 0.458802829614318 0.0469798068466464 0.575051412778712 0.0380445298364452
"cg15982099" 0.814759968510092 0.755267382170715 0.0400104143036164 0.187960537589425 0.0508366121498217 0.851098159273445 0.0309907044102026
"cg17087974" 0.374032099558343 0.686464468253084 0.248239215146638 0.156182997842491 0.0612245037047378 0.611549936047537 0.0501539985608158
"cg19736900" 0.385621624202481 0.680472807438484 0.14331496549784 0.14196839548224 0.0715570109296031 0.535399783130319 0.0637653927896726
"cg25045219" 0.0899469172258118 0.71398169151158 0.192270348592154 0.38308410321495 0.0993240056061088 0.683306024616538 0.130674973929419
"cg22897715" 0.181988506458219 0.610978755465123 0.0314702635206627 0.134577692694588 0.0320492383567145 0.269226593213301 0.0281266069304035
"cg00084338" 0.103863444298479 0.671218374224046 0.0485171438609198 0.209755493104774 0.125558642995138 0.473219114735367 0.110833925424822
"cg09704136" 0.712854700318846 0.732743156382084 0.0808125232109584 0.106543854602787 0.0339445223328301 0.786025101680886 0.0314292922709977
"cg21232161" 0.229520275087272 0.721532396566038 0.435490642392842 0.188439388929592 0.170802992519647 0.382974765966385 0.0631223862116245
"cg01088404" 0.425725271366915 0.699095476951123 0.100213404747476 0.174936543729 0.0412532532416054 0.713507131876019 0.0369212453000059
"cg05608790" 0.269872982783266 0.721626126154059 0.125270347127441 0.154640846456634 0.105301486343702 0.548244885746047 0.19286592767786
"cg07687131" 0.457095034394181 0.711003320163966 0.0484752785463185 0.146822854981062 0.061803618823223 0.633725769532113 0.0593685188796194
"cg24728803" 0.43013729405205 0.708773099094679 0.0524168207874191 0.142288859053112 0.0675597521841783 0.590297171536584 0.0577682129026519
"cg20049422" 0.771766486520914 0.813584298010706 0.286983010791007 0.18111675385204 0.0552875396047145 0.875892801198145 0.0981854349923681
"cg09001226" 0.290572732296579 0.754047831309743 0.608446976079437 0.28596250096699 0.0724892429498808 0.338143879367711 0.0698153569967488
"cg27218978" 0.282536622904672 0.76149206096556 0.462351794607281 0.206012426066744 0.194489784075552 0.525728694751042 0.0510533608977021
"cg04179740" 0.0450453252780624 0.656432644919055 0.431441382281204 0.176125206615333 0.0392642215809069 0.129982451360299 0.0351876971785024
"cg12273325" 0.0851754457298501 0.653943089604898 0.14877782871349 0.107206158523932 0.0354554474112669 0.272453594769426 0.106401324071176
"cg07381806" 0.0973988875327438 0.718713022278011 0.51692062982758 0.112364950339145 0.0693166547101057 0.172007731700743 0.223222074922333
"cg11173131" 0.208308825640048 0.667963209404978 0.0972385313466901 0.123561741401142 0.0388448447727882 0.400015250114023 0.0321138486627489
"cg06117093" 0.123553785512936 0.710631394048688 0.614873167022741 0.180723691526129 0.0456141173841947 0.351903812013007 0.0505651076792462
"cg18881723" 0.0457169727778513 0.651791393233655 0.128422904172076 0.12936684884058 0.0488491369377944 0.276351914576183 0.0679983633105204
"cg03677056" 0.633834779177182 0.804194746262842 0.0705126863857621 0.203220772844574 0.0867067402843441 0.744950264967911 0.0808713525562066
"cg11358405" 0.145493439215954 0.691166736970243 0.0939020846094392 0.15161372523986 0.0352378601527278 0.309458763205354 0.0285611811265149
"cg13404688" 0.272681480556283 0.767589749084736 0.316105006365599 0.158475682339658 0.0440628782956336 0.589957025254178 0.0706049798463005
"cg17766305" 0.0709796592622575 0.795784273229887 0.110842347796488 0.1263210069428 0.0391175960964718 0.264837610198036 0.069493516584481
"cg25105522" 0.892749780559868 0.907250500085046 0.0882059639340019 0.934632599393153 0.937270508384029 0.892810558361945 0.925321277153316
"cg06768361" 0.970737775908152 0.938355673466196 0.116852329613265 0.957728749436111 0.900894121351337 0.970459022273116 0.939759555800979
"cg14203426" 0.983398610275122 0.977584870762616 0.167146371150798 0.978143407596935 0.968362196160154 0.980909299403934 0.962667875133933
"cg18168751" 0.980884960940777 0.983850492643485 0.17899940579281 0.9844362850188 0.981214096195941 0.982308008843907 0.980260802088526
"cg15974642" 0.912837770906488 0.901079895279238 0.114210549822616 0.902463645020802 0.906912769837602 0.918106335179528 0.889399919711537
"cg17052552" 0.902721682715694 0.887350186109387 0.115838061593849 0.897885738888243 0.916559502431927 0.914945641942804 0.904808885674782
"cg22353369" 0.867128459333165 0.911448731501824 0.120244125729568 0.905446444492478 0.891623894212231 0.886401686150317 0.885212119640884
"cg26876834" 0.906592061387118 0.926780561422642 0.153453423401186 0.918563567979538 0.896699043512846 0.93117767484418 0.912994118950182
"cg11926444" 0.957112214650233 0.953057288101 0.195752769810323 0.953033315092056 0.953100076273722 0.959980497431155 0.952499266029861
"cg20151221" 0.927855989504897 0.916828216747647 0.17424892881924 0.930500648649701 0.940017149384127 0.936456817924967 0.937897534260633
"cg14018024" 0.937105569402822 0.926393810049316 0.147219226018075 0.924219317319597 0.863254267460759 0.938568532928644 0.871118039492564
"cg04120520" 0.897027998530129 0.884053569019322 0.125697458382002 0.884006105478665 0.882704101397857 0.895156129818922 0.858467475901164
"cg26504110" 0.98289513870339 0.978998836518169 0.223500006302231 0.980249821985806 0.974272252689129 0.984723066509816 0.973423534757947
"cg21768884" 0.965384438468187 0.96066440548586 0.203388919361048 0.953680196669249 0.957397885367328 0.966144065803494 0.948131241500522
"cg11759194" 0.891397887099821 0.888723713124238 0.136966442055213 0.88803625489327 0.901617680025672 0.88349006552351 0.870015269291755
"cg13995599" 0.970409061568104 0.963940017598093 0.2201535032861 0.968362898664956 0.968583570428798 0.981853178228385 0.970379119849735
"cg12099546" 0.885535160560031 0.898367909554001 0.140810188855483 0.890971311342405 0.880574088227617 0.887074591064261 0.889858119662212
"cg09710521" 0.892402575166259 0.907290780748326 0.154146125846925 0.905497499701652 0.903573724719773 0.907772526785954 0.899074194906099
"cg26811065" 0.891497331021359 0.816761651267243 0.0942367445846071 0.876648252335534 0.843051803572926 0.842637777880917 0.798438421042611
"cg17528559" 0.904517663742058 0.894080989853401 0.151076379227779 0.89007633347275 0.901831144642562 0.900399829796503 0.896237148662046
"cg12973904" 0.884063842604694 0.872815155806942 0.136941222446636 0.897716571962891 0.881957190458217 0.878408858212671 0.881048087558987
"cg08221288" 0.904756769420059 0.902355048984292 0.160290061108041 0.913085832743305 0.905213583396838 0.912674675423302 0.895220145638028
"cg04643690" 0.903206879494884 0.899196932788253 0.15165489094895 0.90793114319423 0.894042986163708 0.889089044839734 0.871969132482075
"cg25580656" 0.973198360035273 0.934767614968801 0.22087962793302 0.967622430166453 0.975069524328213 0.971343124518648 0.968489485605529
"cg17687789" 0.902234853364719 0.899902307918806 0.156426711111685 0.898483422995663 0.89104950349909 0.909598129580164 0.891970420715591
"cg26103369" 0.904271142819693 0.894322655092819 0.152726824586141 0.87458125578982 0.901210117037825 0.89948739646956 0.880837201998126
"cg07232003" 0.924571731657355 0.921473740790128 0.181925557141947 0.922848190737261 0.916969105990125 0.952801081105611 0.913492062199129
"cg10594510" 0.963218781894874 0.922242939353727 0.215012974676237 0.961743104715868 0.968249054365098 0.957725235833287 0.95297387272622
"cg27024200" 0.917329611066152 0.923568896000947 0.184789005867624 0.918277343001814 0.921803632444218 0.942923278105064 0.923613162024711
"cg25471557" 0.90779377199362 0.902907970519896 0.159885354749095 0.893000126816665 0.891793333312359 0.902802189587622 0.888161629665643
"cg00344445" 0.961505964615059 0.94024770787574 0.102630918374226 0.952277411788299 0.83011529473441 0.96917431038978 0.4853130889786
"cg02814691" 0.89228378870247 0.884838542915444 0.155757443362335 0.893452225071501 0.896527752401917 0.883510249097006 0.894244577308605
"cg09547025" 0.910534518389387 0.904223211056475 0.155164661366753 0.914121346326662 0.876355068608414 0.906596508113431 0.851328872805579
"cg04780984" 0.905499238434099 0.91574314879951 0.169718314295761 0.922518064607248 0.900059448854211 0.900742951987406 0.87998972552283
"cg16666745" 0.895729612983612 0.898613036258232 0.167041878934638 0.904555570913099 0.904395337492091 0.916943513220863 0.90165017688805
"cg22897659" 0.918224737486982 0.913150013420044 0.178529995589728 0.918449314135792 0.904270247068989 0.901142389892348 0.913469427649884
"cg14160419" 0.942776616973148 0.922709304127951 0.154101308628935 0.934531105962628 0.761124897420869 0.96295626322896 0.897633997862473
"cg05686445" 0.913092957063754 0.900831890279075 0.17413464226839 0.91431693863862 0.902771477553179 0.920586136889144 0.907412107583789
"cg24134897" 0.937237800184723 0.941071363116835 0.204058441656575 0.950691941996241 0.930068155001556 0.947570234691782 0.92624993299041
"cg01589587" 0.885373269095277 0.864141152582014 0.131204137679531 0.886008742295087 0.857170782919742 0.88559349232136 0.829906649317214
"cg00953201" 0.950499799751209 0.943866501482578 0.21266814471733 0.945476376115504 0.94335710470337 0.951059781383543 0.943997080526246
"cg13863638" 0.890176523418521 0.88603557899982 0.151609365135229 0.88777219131286 0.879168421639409 0.894585852322266 0.875537862993195
"cg24847366" 0.967602342492196 0.96523882591679 0.21523652633247 0.959005362918767 0.936980120443102 0.974694442948457 0.904028921743258
"cg00529757" 0.891281920141601 0.888493496987178 0.155656937121661 0.887887010278422 0.892960299371533 0.875338107318943 0.876799899129828
"cg03290602" 0.878999168667298 0.863886232921961 0.138123753820987 0.869543087172994 0.873810262322379 0.881032135441884 0.859496965668659
"cg26348616" 0.912007931215666 0.916695818846965 0.187674665157331 0.92067185654353 0.918308036346752 0.91591094020817 0.924333430333872
"cg16277229" 0.868553026308801 0.89428822468485 0.163746069566857 0.904011105408387 0.899780119379204 0.906935309444737 0.897319877974568
"cg24390871" 0.895471015887148 0.893344390034559 0.16574948289241 0.897656654721907 0.898888180415275 0.904973560021252 0.894593499245935
"cg08223760" 0.888079057599491 0.86090813403039 0.143213869699677 0.887421856386016 0.874886850006791 0.894108171962798 0.859621261116081
"cg03445653" 0.912586102268257 0.889167470452174 0.175728289128936 0.921093147059221 0.902209774972085 0.881944426339107 0.914719241435931
"cg15507690" 0.0232712130974298 0.0305895956697419 0.436613367674292 0.20488292918379 0.0213149201720194 0.02507424120613 0.0192074583405017
"cg21370522" 0.0916079538790813 0.27593143768172 0.512117645793416 0.0500967237876343 0.0313632529727342 0.335913503500594 0.146874323734335
"cg10185478" 0.0787682615919431 0.285702720037493 0.505512337339425 0.108475681602169 0.0531064137958507 0.122677484334496 0.0536462020846623
"cg16505233" 0.0237395013613317 0.0502446793863894 0.422715518364541 0.0300804321176544 0.0283657251152179 0.0242943037790239 0.0505000122846206
"cg15599437" 0.041780056047738 0.0428498915947251 0.457869697223534 0.0390762267842976 0.141218126468819 0.0868055226668681 0.0600302041430834
"cg20660269" 0.0280562150460367 0.0672468826026534 0.464229354355422 0.0380922466173318 0.17761179952151 0.0326821876818489 0.0345709160409743
"cg19918549" 0.0335680331742818 0.0371249456675876 0.453044853395545 0.0369000191036308 0.0566598364156573 0.0275643814592577 0.142444550054959
"cg18051527" 0.289656346464296 0.0648533327651744 0.607139406405421 0.370844961277606 0.291919021951896 0.121497697178267 0.0789733388077793
"cg19537719" 0.181498329892407 0.164707753173446 0.57542945779469 0.190603154551719 0.169404893310552 0.176920215801115 0.168929934929662
"cg17707057" 0.0477374645898557 0.0489440920912345 0.472030662489518 0.162728197431653 0.0637437304910575 0.0396408811762108 0.0380701511040929
"cg13962347" 0.0272290684147896 0.0303289908371686 0.446988669418769 0.0277285106088572 0.0405468106185195 0.0258140717745619 0.082978592738569
"cg09977703" 0.0383560786955689 0.0460775414710537 0.545260057415395 0.288613330039942 0.192455842793052 0.0143336895255841 0.142387605237351
"cg03638781" 0.0442144132908213 0.0431536950222413 0.462485990858502 0.062385308076095 0.0564197923398659 0.035129824887881 0.067796357473776
"cg22184990" 0.0470686253024302 0.0302939790698707 0.453760641034863 0.0572216252310878 0.0368322538461712 0.0428748257794631 0.0327661890972288
"cg09742465" 0.230471349073905 0.0410961846930864 0.486825964797834 0.0378684076250943 0.0362656124294212 0.139714597945965 0.0374121616795601
"cg08574423" 0.020631414729793 0.0899360030128462 0.483132041164594 0.0293192540074037 0.0380038908481493 0.0344156373087453 0.0931351234766945
"cg05614346" 0.0550309600729612 0.0715981466283781 0.494027551520064 0.0904724601341269 0.0537919255835917 0.0467482119655959 0.0545391151231446
"cg00092400" 0.041481857224056 0.0679052560733756 0.516964008158258 0.228140664789965 0.0388097107874876 0.0428435909976519 0.0606670293010976
"cg27540367" 0.115369699643347 0.0799189057552483 0.550950271504669 0.352043641431547 0.0440928382000675 0.0459719298158183 0.0405325397368883
"cg04466898" 0.0519660992042816 0.0483581046925195 0.482681638254444 0.0470253576036035 0.0458980475573499 0.0469683630744443 0.0475087552749363
"cg05596756" 0.0313021551887875 0.0501801704373496 0.494077791837936 0.0877856222406728 0.0368503540299721 0.0312234665213051 0.0934311364349314
"cg02508743" 0.299176227716544 0.0673903087579126 0.618768521661001 0.0617537149945114 0.221160211316989 0.293100488676294 0.27738167290938
"cg13152952" 0.0693823278320968 0.0413248384769695 0.488848118270235 0.0391460398963909 0.0329691643061795 0.0460816833362066 0.0339153340132853
"cg27485596" 0.0733108811069332 0.103623418806716 0.655910725437969 0.174975944288389 0.2972716405432 0.0568642961511093 0.385253098602156
"cg00360761" 0.329548047789504 0.074602439761565 0.638984323079581 0.207812166388622 0.155124459751194 0.2731394703377 0.135896753141932
"cg04987734" 0.0448199373658322 0.144755606037584 0.582208935876665 0.0509034613499704 0.106713217180579 0.0663650105116788 0.192832369813806
"cg06637812" 0.0848366392512976 0.273474132411328 0.615224324299003 0.12629988956808 0.0971413686845031 0.088441668631707 0.101416777516491
"cg11958644" 0.0697145453059354 0.188377963042952 0.553384753724421 0.0444436953897364 0.0247186573709254 0.120827340397851 0.0295493643261452
"cg13415831" 0.0849189330341222 0.0392379079515875 0.563135759503665 0.270563955885767 0.0336181645150201 0.0765553372079496 0.0297838715041841
"cg13639901" 0.0778818895838755 0.0708499802628672 0.558119575110695 0.0922756760395121 0.0700582395165141 0.0563614527193496 0.0877004025582324
"cg04960065" 0.134728942029895 0.0926236325199607 0.55078124198349 0.040406878786149 0.0324591709394924 0.196604880996211 0.0406829088699204
"cg08098128" 0.0308959635281873 0.0532857933922527 0.528761635610845 0.0578058648415668 0.0388658223879267 0.0223040932913288 0.028271727071951
"cg03094728" 0.0895467470117641 0.0695959118399344 0.597030966831059 0.242827036740325 0.0773475345829307 0.0570195227016556 0.0726358486281401
"cg20472746" 0.0446648304786501 0.0602122216412902 0.586832764530479 0.154702878650274 0.0556049728978573 0.0462988353729111 0.1340504825698
"cg07884764" 0.0828388284682939 0.053076421127772 0.588463175055386 0.0569181512289457 0.136629565082936 0.0441349954505905 0.0992469646122852
"cg12634208" 0.377298030922416 0.195061930416359 0.683342814965276 0.175925070752524 0.088905819035007 0.267240702084343 0.0866851940755048
"cg03422583" 0.0503569399108073 0.191247140558971 0.57877540144043 0.0370702293910311 0.0247308619704427 0.062559635867877 0.025913159886185
"cg13408344" 0.0707418063974825 0.101801821389419 0.670846169696136 0.117768868746496 0.170189873347478 0.056398224082097 0.3237295559826
"cg15752436" 0.0400524486855526 0.0456257329211566 0.580200934061428 0.0443375788365002 0.0553913331019556 0.04062034167293 0.126180305669819
"cg25598890" 0.167464958125376 0.0330993879045249 0.575400401759742 0.0433748575391947 0.0256807464479283 0.0392209124983029 0.0311638126494761
"cg03636488" 0.0672158268585286 0.117440723100647 0.619228721239013 0.0630892489435264 0.0921186035994269 0.0672101626729521 0.137002853865509
"cg23966363" 0.0684956300863408 0.0375530949243784 0.586032359634505 0.0749445630920534 0.0523504133237251 0.0343443187568918 0.0412628793168655
"cg10825530" 0.118679325685231 0.0942527081530791 0.771905150161777 0.532973333780081 0.154450587091524 0.0995096633343979 0.330808219086126
"cg10768932" 0.0417511269450463 0.0627574508645566 0.663371045651221 0.0457386854231005 0.372690439143054 0.0337187832788968 0.0440825348701829
"cg13810673" 0.030076984883194 0.0323074318661095 0.636733870224976 0.336109940826263 0.0320239092760522 0.0240884382851407 0.0679528969390988
"cg08317738" 0.121382179401666 0.076060773502697 0.630318247407718 0.0700400267908532 0.078786521061436 0.129450465287319 0.0734111987131096
"cg15153141" 0.246038120943492 0.0565819093388941 0.628746607058049 0.030229773389076 0.0231246804102973 0.0980922695087213 0.0555011170077318
"cg02003183" 0.0196589306779948 0.0577047484427564 0.649686227109968 0.0274586225904093 0.0504484953548059 0.0283973055480848 0.0801736572115834
"cg20979153" 0.0685272283756858 0.0833089225728755 0.749045685171647 0.537079344669402 0.041125289104929 0.0548933290165571 0.0481192696868209
"cg01722297" 0.0809820580705065 0.141776969325593 0.777807279416707 0.285859855579592 0.083817919385312 0.0890407426991644 0.0863278940083449
"cg27106643" 0.913098483473056 0.918215669383793 0.809086702004932 0.160118675552409 0.936268575551407 0.932262129230048 0.949189517296452
"cg17768768" 0.969360869694001 0.956399887434014 0.865277227961497 0.231702823614545 0.96327282056 0.97629319097934 0.967164435884895
"cg01598421" 0.961461448109935 0.945353318565856 0.744672856315511 0.218564118847379 0.963820183980304 0.96439912841046 0.966131007728866
"cg03131366" 0.900069801021161 0.874649839665092 0.765169882907754 0.162899117387149 0.878901069870087 0.906736808571725 0.900767708106242
"cg25131632" 0.955929714493917 0.943148550453929 0.741460301638663 0.220333526686512 0.956661758915889 0.962935805958802 0.945235581749558
"cg13738327" 0.971630285045633 0.946741247402859 0.842690007652488 0.24429377865869 0.969967971023448 0.970701462167536 0.97488063504084
"cg01024458" 0.881062743734802 0.865072293481826 0.765529870274917 0.180248292553601 0.914761106511002 0.900253678226185 0.925726074996038
"cg11661493" 0.873898963212221 0.868153077203733 0.851711121454429 0.161550452318219 0.861533673939356 0.851698880087556 0.868544359406976
"cg17995557" 0.862635698308152 0.793503481372927 0.818325702862364 0.143392733251271 0.872095188304641 0.839601927270018 0.868803283843857
"cg19276014" 0.978816209821969 0.966574004022409 0.897569368593696 0.278021789909897 0.977187062228518 0.980446826531833 0.972662894918817
"cg26318872" 0.885241693046174 0.891808870057778 0.78977512500738 0.190680700281233 0.883224689459971 0.895720207863218 0.888344039751481
"cg07435215" 0.886894398484084 0.856124605043273 0.728033971878555 0.167284778015268 0.871034928615933 0.894886949620401 0.819088519715936
"cg12583572" 0.918231558264789 0.9147579990881 0.913829900996343 0.243500673536745 0.922167703106027 0.948820113351237 0.935189986514512
"cg05484949" 0.963562774517002 0.954800817916594 0.868642291353787 0.274107019457717 0.955683240258375 0.967299228136162 0.96381073805892
"cg14066207" 0.865505706065464 0.907172233641237 0.734988158102596 0.226159992203327 0.940849902831434 0.88845532864171 0.944144025082254
"cg16411445" 0.981700358709301 0.956409384466302 0.793124590350016 0.284488843907993 0.974050326109967 0.980844801537539 0.979573189602354
"cg15532942" 0.870647622631431 0.828310426539655 0.628118008310674 0.169655663035261 0.872906899508333 0.849249377951562 0.872290208431101
"cg25683989" 0.878242568965313 0.85073282760856 0.60726939557087 0.178384535568522 0.876260942486482 0.909582300868454 0.872476458404908
"cg03860768" 0.846659169550119 0.832796748952465 0.578166612444507 0.158452565107373 0.868836379055203 0.817670545605055 0.857018714043571
"cg14936008" 0.899928548134915 0.887319992745746 0.690719739653405 0.205630727894597 0.882849818647121 0.904630380703191 0.89572341269504
"cg16586807" 0.906908460485125 0.90330801271258 0.797857383829472 0.226184667892983 0.899244196350435 0.912854744829354 0.902789948762241
"cg09469986" 0.872592615896184 0.83366634467672 0.502827196851612 0.170518885452783 0.872193034286531 0.880986128092165 0.889709299129611
"cg22826986" 0.819323466499934 0.788459040169016 0.492875025740788 0.137673515923999 0.871131137216703 0.823335789416471 0.841334657427921
"cg15235922" 0.890969759521132 0.871529162507415 0.640011975247116 0.174218738747837 0.84489874369447 0.871795444824289 0.823654542139939
"cg16085171" 0.829857342289967 0.878006016103949 0.684575041804448 0.189962890761787 0.871690131859344 0.872615840269383 0.88530445297823
"cg12604490" 0.847935699592415 0.807463258498092 0.614419230904255 0.153725124353265 0.841389640504941 0.869627299323153 0.846401745964425
"cg17679619" 0.855500025503182 0.85072696580235 0.673672683680323 0.170803516877478 0.854030475975428 0.859754984688111 0.832354213118449
"cg13283094" 0.895055437726292 0.872374496256605 0.658146421416058 0.203154563477077 0.886808176857292 0.885368055824364 0.879569780855921
"cg20602300" 0.891065819146698 0.888815167325662 0.847736754941385 0.227967274731745 0.895639489990732 0.890453674065507 0.893484267848226
"cg18250453" 0.884915259240916 0.788128951069821 0.839491754816494 0.201878142641431 0.892128164942678 0.874814093178156 0.898710223083408
"cg19931733" 0.859646730488779 0.845372322779363 0.835247673498056 0.178486648572297 0.811916112100859 0.858005363685547 0.832387221357201
"cg01868869" 0.891900522019411 0.889651821653077 0.680308288422472 0.221140731387617 0.896622385389851 0.888553189722666 0.895785571855344
"cg09201499" 0.959817301185075 0.948912244539581 0.92312921133975 0.29686817204935 0.94957893702349 0.96703409065395 0.955803569980443
"cg13356455" 0.897284345311572 0.810484089403468 0.646590109344189 0.197967433741488 0.895763452107902 0.883025316458393 0.878655689491605
"cg15035590" 0.883919638037194 0.878962054783417 0.739892174584196 0.22259013826152 0.890388269958451 0.913948195835412 0.883526240823378
"cg07558704" 0.946281643925612 0.93887973036109 0.891596886835913 0.287616514131146 0.941142957251327 0.945110823465622 0.943260274119227
"cg23948703" 0.854120311756467 0.811754754967945 0.641112762911779 0.178455092694454 0.858331040614454 0.863218155729468 0.852261443974985
"cg25099065" 0.823432331050618 0.866122174805883 0.559143874190457 0.181488437139767 0.852371667395743 0.838634343215699 0.861636444210807
"cg21997986" 0.891108249960337 0.839902747609821 0.617920139965028 0.184015755694282 0.827640823035268 0.887246506167416 0.849358166917441
"cg07698804" 0.429710323448997 0.765080015781157 0.888774627220832 0.127246396573424 0.853625941410723 0.7164735129392 0.935648467533666
"cg22381248" 0.867885093450371 0.841238412630419 0.577527740014576 0.181888035793694 0.831841786230719 0.828141103878496 0.866087319714492
"cg24667756" 0.793574399254568 0.749015199289677 0.646280660260214 0.142926942647271 0.840424180462311 0.815347681331474 0.817590349722852
"cg11972721" 0.86701781738325 0.83491113736378 0.796179489718615 0.204575784833152 0.856598832570901 0.841772797975255 0.870098271290603
"cg23683962" 0.900567522318982 0.865863973759618 0.825024016412359 0.238557975514361 0.899013224214774 0.886199626888167 0.897046198725761
"cg24777505" 0.868001952136035 0.852213933080324 0.802196776647613 0.211534098345826 0.86301686509219 0.876558415682542 0.861184951933732
"cg21596498" 0.810538051124154 0.835231976283389 0.657990569332008 0.192535231626819 0.879796068089323 0.862604528456914 0.870151921279837
"cg15348679" 0.955892545741203 0.954874454159801 0.723250151641957 0.277259755599029 0.906145853675309 0.985491834360357 0.93296288782952
"cg03402235" 0.885821608326489 0.863627720803763 0.752728347901394 0.20948935157887 0.853376938175377 0.910065768575872 0.842121273573782
"cg06895218" 0.852454019478296 0.808430669665075 0.548814906470606 0.174672382028498 0.849232318677289 0.857229505304987 0.857580191780556
"cg05024762" 0.881962139546191 0.854473354409029 0.80443422091138 0.188951601803229 0.739738638534505 0.877626811770396 0.883033428186283
"cg20025658" 0.0509555768593244 0.0707895760364105 0.223012280071241 0.604679641501859 0.222933011274184 0.0430137345106054 0.0932124135186897
"cg00335124" 0.2075449569596 0.138074695835963 0.63440053859143 0.770188596910031 0.592078128333575 0.268171372047135 0.0304138621645451
"cg07240557" 0.274301752687641 0.103003861132805 0.608697439996689 0.6364002111971 0.0694570526100781 0.181502557115136 0.0480214114354735
"cg07725527" 0.0818684470822468 0.0958587788304588 0.655213343986745 0.626102734715775 0.123296968357802 0.0929400810889958 0.0888867345584836
"cg14574996" 0.520608433240891 0.194957016239123 0.640536416295689 0.749422186839197 0.0996992248611882 0.586357445682369 0.135722080418675
"cg08698943" 0.128579934775358 0.319194196437235 0.534081839629302 0.739095386230647 0.0881456963869612 0.29146215526521 0.327749873078311
"cg03272225" 0.0486294982686385 0.0621039448996873 0.286572056092032 0.57274036546824 0.0739549310311635 0.0326976970052438 0.0588047848048025
"cg02779913" 0.370303167855471 0.164181611950644 0.370570317236075 0.654431511548963 0.0271637011597516 0.426469024882227 0.0239500465751293
"cg17738521" 0.294132419567993 0.565465530766503 0.178240128641883 0.787744574721529 0.167974333471062 0.350926232303568 0.133138516270603
"cg10057264" 0.0628138898196279 0.361443480207936 0.169987533910386 0.699362039771098 0.182864431353103 0.340388587235724 0.13396400969295
"cg13991834" 0.144817638896272 0.452462537745221 0.048372969901458 0.671002527152487 0.0444164766065931 0.286055674690445 0.0378085869545426
"cg26427498" 0.308022603390504 0.502867775514761 0.556357154909312 0.751805001557417 0.0411474560485664 0.4004795634856 0.0341645407461208
"cg20541456" 0.039329814912063 0.362626270752221 0.399865016038531 0.647048948983311 0.0449980597035812 0.107437211455224 0.0185355605424944
"cg09076077" 0.438227351206616 0.0712852441267789 0.506457228799776 0.676979132749051 0.0691410936400096 0.389984251781046 0.0747272218373792
"cg27507284" 0.325099398648609 0.098674687554246 0.58745113629437 0.656375712789888 0.0494008781621303 0.277561968394151 0.047392976418125
"cg17478979" 0.138382647569422 0.206488092185138 0.0418998530519911 0.60483825909117 0.0500365367198198 0.0829864967136039 0.0371095664900693
"cg00874051" 0.54446665410902 0.345967365147453 0.524909862439726 0.768856451009601 0.0862378706471794 0.465683137999423 0.0364314212955537
"cg07091500" 0.0894321397027961 0.477103832344376 0.233664806977007 0.701065002925964 0.0734002963584465 0.177841167425745 0.074952947550204
"cg17950348" 0.567637531469723 0.0645031494219499 0.541651404489039 0.694538066473648 0.0550296284387942 0.417050944898554 0.0357103211275167
"cg26366091" 0.186533949725383 0.127445119203826 0.466502246655727 0.627592311413904 0.0257374521089211 0.225037168462696 0.0357873365331083
"cg07093324" 0.169756612873777 0.435195476693728 0.700927832101419 0.748525479723746 0.0897782535345254 0.322908163609789 0.048360784198513
"cg21291385" 0.0586561686783832 0.137055302457751 0.666101577655058 0.720477077645796 0.377065889758404 0.0494740791728602 0.0774434125252767
"cg26954174" 0.684603509383794 0.205942803156898 0.0560587505474179 0.727610786741172 0.0494838551291222 0.655173471040096 0.0406533931002334
"cg20236089" 0.111473891934318 0.0474289848767368 0.0759154939309522 0.602582772295271 0.0559021600550469 0.075379581151805 0.187481824375271
"cg09335715" 0.463198260433503 0.139636981324119 0.112981889995623 0.677638736893837 0.047246725318438 0.634810798464163 0.0398417506152337
"cg15906007" 0.0738465592031164 0.0800660283625153 0.112175521851469 0.648863428435088 0.253472550183233 0.0736456081383942 0.107032111158542
"cg08682625" 0.0542007591247042 0.244600544208682 0.526039841400123 0.659253194786679 0.0586390537528259 0.097007793583444 0.0501885873867753
"cg22446709" 0.0342362299775388 0.0341760118035929 0.0267325263534278 0.553277485774828 0.035747438523916 0.0269484600526265 0.023234852245172
"cg19269039" 0.0506129266341442 0.0702179282048504 0.648761682713848 0.712959348828436 0.134298955170344 0.0438935934289582 0.392993910133265
"cg23433370" 0.561846985442334 0.0805660570662201 0.726803600155278 0.721938929386782 0.0455243386074333 0.348764485588859 0.0169690619728545
"cg07635227" 0.120725946809988 0.404970562871838 0.534525984813479 0.708141445189663 0.0287064335748142 0.106889527159002 0.0273855441486011
"cg03889263" 0.084380733465271 0.598245918327623 0.203835354002743 0.750158617716059 0.0651456463834198 0.170625898398255 0.0700908193278158
"cg09849688" 0.212416150729273 0.167005429723466 0.467665031006542 0.669605031098627 0.0471331257919868 0.144764626568211 0.044688482213353
"cg25983531" 0.353440197985902 0.113370363053271 0.513852322115368 0.700369979157008 0.0804464997874108 0.23715773787608 0.0695441145316292
"cg14317609" 0.062138769509233 0.0452015386704322 0.0420908297884071 0.582299043906756 0.04639605943891 0.0519354806228635 0.0439717933864565
"cg01054402" 0.072596753151974 0.498320940740502 0.371970329003643 0.776010941678239 0.217321905596092 0.146977525541099 0.0539326715013888
"cg25518868" 0.0902975719116305 0.151363570350807 0.728037010575858 0.674155372973269 0.0395650123960486 0.104217350042629 0.033261025965346
"cg01156249" 0.268361442217225 0.603652203782373 0.704025507234539 0.827719520001351 0.0516681661104339 0.193556393709411 0.0411205794464898
"cg15361750" 0.7157542268608 0.192290763578118 0.0849502551752048 0.784932195814444 0.0780945674770616 0.803696238740713 0.0665807230374258
"cg00902153" 0.133034240816389 0.666960453441124 0.436721221465377 0.803940805716922 0.040000399708755 0.189814337466807 0.057939392589186
"cg08560387" 0.0708850199741417 0.0423740673892236 0.308749195818431 0.620726168786015 0.031307953049996 0.0377888347744606 0.0279241082632365
"cg08864105" 0.127369536221672 0.103339964898423 0.489096773232652 0.67748421709258 0.0579525249959041 0.149458088036358 0.0624533979968618
"cg21278103" 0.405377437483073 0.413056104090337 0.0936441881022912 0.802181102283321 0.107184160912066 0.410535660570933 0.0788305108601008
"cg09300089" 0.319446325308524 0.0606918027820192 0.582662432345812 0.700079496771613 0.0442171556460045 0.159982400948108 0.0358691385593124
"cg02492279" 0.481468544384335 0.0564120728752518 0.0546945104232762 0.700767026402639 0.029960782353814 0.55310152048126 0.0261816590125172
"cg23357708" 0.0702959133050885 0.130027427938366 0.387780223106283 0.668174019301155 0.0454101728445895 0.122254898912559 0.0454967533331767
"cg25336765" 0.200107561755757 0.0837736730251128 0.52465423619448 0.74920244565327 0.0494439660570124 0.187066120359872 0.0479130679240728
"cg17266282" 0.108227494651746 0.18482950937828 0.80993990394754 0.81835714053936 0.126136564423317 0.15884627004123 0.126301076558709
"cg02606840" 0.0303746210984084 0.0471585823710802 0.526148120092428 0.719193708874659 0.0850569128657404 0.0214249617934756 0.0361839514191216
"cg03429643" 0.0377277845484848 0.0482790224006003 0.361777392202833 0.721724401406811 0.0372682579109394 0.0365334993956473 0.0315752068424728
"cg26872907" 0.918277353150107 0.86092978309218 0.846489775803196 0.907603137267288 0.0904869074829283 0.961823232057978 0.945537306639294
"cg23244761" 0.964566104633728 0.900032649681879 0.906526202137943 0.931065944573289 0.14686145099284 0.972846647980726 0.966342103231645
"cg10480329" 0.900690096921637 0.865034277189402 0.898564681573108 0.881390363237213 0.0982187900720885 0.904576808820599 0.847238259307081
"cg05923857" 0.826060071142147 0.881492171632935 0.86622647766341 0.882252182034624 0.0969372032957653 0.93984787196019 0.851922940959875
"cg20559385" 0.858929526527451 0.829921054340054 0.653822857131087 0.850745605437894 0.0687390527010177 0.898319385795231 0.828841828972674
"cg12655112" 0.926886026168284 0.890996323996914 0.728356948738549 0.882384307456432 0.113805739628731 0.951229435712514 0.789297003836881
"cg24788483" 0.883684613049045 0.889687681750119 0.835127820332823 0.895178179605434 0.145598920158669 0.964909050865309 0.912725477425867
"cg18990407" 0.931969653238891 0.896979826876698 0.802072762943518 0.924945900429294 0.142157159335932 0.938769973850111 0.77789479745402
"cg12422199" 0.858297226307329 0.762356850909092 0.772247645158758 0.754526708752935 0.0737727765282569 0.867653624288219 0.856967694278551
"cg20610950" 0.880739694229094 0.854219449895938 0.868130272233838 0.872897167271139 0.0707960236317837 0.902827347639752 0.541009190320904
"cg16636767" 0.879796210018592 0.836884433104071 0.834426520016731 0.850830514556965 0.128885263229344 0.857678134045697 0.870815145301983
"cg18066690" 0.887279821709719 0.862923695791126 0.775019788809576 0.894233769497576 0.152138011884698 0.902449853052229 0.891901083716944
"cg00288598" 0.857451014435273 0.907186921300945 0.93339048741564 0.927962927868609 0.141812363063267 0.937436761407067 0.708466850737455
"cg26538782" 0.858692988211003 0.828616586632211 0.692532031816298 0.852085693699793 0.109782049084493 0.851720587801249 0.821433201159511
"cg22675702" 0.82039630931024 0.794768128475687 0.835932273993048 0.818565741096307 0.0969810112470744 0.860575529408855 0.812598777986811
"cg09322573" 0.865943092650766 0.821608184827694 0.609454971162137 0.843010709519255 0.0710760485880085 0.900400904823625 0.66510133975069
"cg23146741" 0.848524573233481 0.784667277991977 0.720994645325441 0.8266468721038 0.0805971845621625 0.85796274436563 0.753409003613896
"cg10649130" 0.859196901541152 0.847735617497017 0.75605890544231 0.828681857517098 0.0868128827550307 0.867220944666814 0.669742391318312
"cg01476222" 0.877876761113117 0.80090447189158 0.850587768176421 0.774522027124293 0.111596606153351 0.874665647155238 0.836363108276889
"cg03339817" 0.960835595997626 0.928109311156293 0.680727407183113 0.929382410555358 0.217536092124324 0.97732759957011 0.968715872558022
"cg05669832" 0.846298266999135 0.851877349975628 0.790690509040694 0.788732046787872 0.127731922471636 0.884813459737962 0.852190093481879
"cg22259797" 0.877060007205538 0.875860478500136 0.891013720309529 0.895581802716653 0.091853616930697 0.941673760002701 0.468627404485677
"cg08908131" 0.837116334936259 0.778019943905091 0.568081708032928 0.839744045258234 0.0945434470447857 0.864280851952037 0.81878136975346
"cg16736889" 0.824997307938539 0.795815801252335 0.731320668057006 0.755189450862128 0.100916227569234 0.865352553433739 0.857511234864799
"cg02244028" 0.856127072365687 0.823794872556689 0.64731180826035 0.848881708397454 0.113803690352614 0.885963257648489 0.789290764713706
"cg21459713" 0.8874760363231 0.858432445095638 0.862722756042928 0.875322666023326 0.172001724165456 0.897877223134647 0.878756890487579
"cg24954967" 0.858980191057846 0.804707055728622 0.567170573745432 0.738857461903805 0.0732401599322351 0.868562615236955 0.749748175482498
"cg00101629" 0.870712165880239 0.843800420357683 0.664049174246521 0.865808195332357 0.134277252315269 0.896441309257109 0.792548290220871
"cg16429499" 0.843167954436993 0.797219968016226 0.643413757373689 0.595172907082941 0.0697376447987519 0.881056846140735 0.842208694628774
"cg10624395" 0.890557767184832 0.851476411698216 0.756831294462485 0.890286559442885 0.180901717054058 0.915849921669006 0.905952817928545
"cg10558233" 0.769881238715812 0.779066156461182 0.666036717426088 0.816471387104531 0.0893694688297665 0.854593597958649 0.790296543579018
"cg27366072" 0.85819153838369 0.818412538768125 0.709273592368292 0.819131155354578 0.100394543770783 0.874352501122379 0.694448954834956
"cg19835973" 0.886142527832552 0.844058201801173 0.798033020314785 0.894080925173902 0.189714631938694 0.946192125426073 0.926317017532208
"cg04468741" 0.794889978873308 0.816457558266137 0.798906959706264 0.844426382172825 0.125700816651921 0.868583361959581 0.796179208816381
"cg24037651" 0.818287571627244 0.742719405936147 0.661606272654964 0.787440412253586 0.0866806397806879 0.808057147063979 0.807111066452209
"cg11186858" 0.938558480373502 0.881091080017303 0.926503582099054 0.917129555662954 0.127436025791274 0.961529544995526 0.465050621981778
"cg09220326" 0.869322681187117 0.830969991073073 0.72843441332188 0.856828483599474 0.10862393233215 0.878373755701749 0.645656783100753
"cg02780988" 0.820524381289252 0.77699323373455 0.547233389822048 0.816265580332334 0.106507975595886 0.875530147656424 0.832704740657867
"cg06297318" 0.819302351927664 0.801111762014177 0.659886194433701 0.818197510185009 0.11344091923621 0.834614444750229 0.798228806482234
"cg10278149" 0.862759908835894 0.830993980426242 0.564202223000974 0.742549421503171 0.0728552291545469 0.862169362381823 0.641222934944766
"cg20641531" 0.862717838451278 0.855012598995837 0.814715373760853 0.862479015461581 0.154518395530859 0.883008621688737 0.770183014537053
"cg04478930" 0.900647765053673 0.838863828943219 0.663817831681734 0.882405699869331 0.147391577654227 0.902063528343435 0.751431852959243
"cg26690127" 0.809190232541405 0.83780091220833 0.66526518091947 0.777608695038753 0.100677918634376 0.886499798091589 0.716522272097351
"cg25517015" 0.844449956235364 0.834572994031111 0.717207088034169 0.853181673682305 0.110658955929919 0.853791082552153 0.633899248681585
"cg18770149" 0.851427405929307 0.793570492407874 0.590823407195131 0.837860652040469 0.134451510784615 0.875225907955539 0.844311410677787
"cg12192282" 0.881601328950543 0.849703377069207 0.737199489121437 0.868183852542719 0.167285270934451 0.885769310920461 0.811224287525529
"cg07213487" 0.881254922130009 0.779587547818743 0.847327529639088 0.760597537708235 0.15273212262176 0.902036883178912 0.890493022647662
"cg03337218" 0.83314497136063 0.69116162336165 0.64814829170966 0.820482519681553 0.0980733929090656 0.859863073247465 0.804960763996897
"cg23261319" 0.800449449483745 0.822158679694907 0.764082180967159 0.833314760492689 0.0790944625392172 0.892738765786244 0.509571868851658
"cg10499974" 0.858850415170416 0.835457698509619 0.578169845324846 0.838854334382653 0.0742940841572055 0.91091967146699 0.469126342944056
"cg25096745" 0.0705108472825303 0.0891730427479331 0.61029166291549 0.44221419873159 0.600163481222505 0.0494414217945255 0.207000684059234
"cg05106502" 0.0813647872694985 0.102256981447118 0.304089979095984 0.124528321622217 0.603041172082153 0.0405984045834017 0.614918249283417
"cg27551910" 0.169936852576581 0.391356607217182 0.266807728046006 0.308731638018037 0.77178788615171 0.194034733014712 0.751824582984537
"cg08063160" 0.291433915337523 0.154777587656613 0.468686368705854 0.067821267721758 0.673915900694303 0.194085820592857 0.666224712564245
"cg11688410" 0.287937351356172 0.296945376133196 0.142157578490776 0.473469705753292 0.810265628233152 0.280202250669233 0.809334997627577
"cg23919844" 0.137956743301093 0.0924548221813208 0.192413710229018 0.185721737072991 0.613862311467922 0.0782538029825977 0.562523457484707
"cg02291020" 0.0796822753883405 0.0990785036672013 0.206850206276314 0.49524221085926 0.562504231595877 0.0559752623459109 0.047719292364679
"cg05088356" 0.350885804768034 0.254024371242675 0.498560247071143 0.376317135265917 0.830268661445329 0.265600023140363 0.838777426013415
"cg18825221" 0.0607469937964963 0.0964645387613687 0.316950221024253 0.105155729487552 0.606939899845509 0.0356444473955146 0.61971267783941
"cg14711743" 0.179771336263821 0.129943325834209 0.327220202466154 0.329988955956205 0.710239015090333 0.0817535999499809 0.707977391260332
"cg15464148" 0.488737203421819 0.288022065061353 0.309466360923187 0.267683879618541 0.824572754507457 0.254308698339058 0.80763336012745
"cg23295629" 0.423190895830263 0.110460993900132 0.373835230383429 0.0945376323852174 0.690890419875137 0.196109680795285 0.623389267111769
"cg20171453" 0.127664741798395 0.482564796527684 0.665104558859844 0.236090619860513 0.822000620189992 0.149457730488303 0.759488629810434
"cg00912580" 0.25999489797232 0.376563537025171 0.43018334803675 0.119735893757291 0.758180670860014 0.221435457711271 0.65912005172801
"cg08462055" 0.0696529838573965 0.0882062124081966 0.29353378340023 0.0916502232364675 0.600549488599277 0.0432742669906511 0.54006369852295
"cg10578938" 0.0560287124988605 0.409763051325038 0.363454597200476 0.162399872879949 0.638745055093743 0.103159489239233 0.21166915519592
"cg24520862" 0.0956867391126648 0.11268884828099 0.406076079991761 0.100764997650179 0.656738264076987 0.0664745550036669 0.663462974981366
"cg10552473" 0.113950980941587 0.267028758519699 0.413638030542216 0.391758391003616 0.810384267102929 0.175214296006765 0.834951363664153
"cg12743031" 0.125407439970977 0.156175216000619 0.177972337726772 0.546042140898007 0.739460716722163 0.0768483004797773 0.58408301162521
"cg17494034" 0.112761569592722 0.253382441932072 0.41377099890064 0.169578640040714 0.73710059428908 0.10974825622757 0.738256464220963
"cg23007665" 0.0613073603710624 0.0889294175152411 0.603200616199717 0.0759761107431242 0.64440867986099 0.0401535812811702 0.586982191343519
"cg05132828" 0.104969650947443 0.132568854085555 0.274938402000929 0.238727190201803 0.698962460949233 0.0857966619388141 0.687956095975723
"cg12216435" 0.103057389609912 0.0910669690149718 0.520372366453103 0.0599560078654519 0.651581892509069 0.0773351721443051 0.610610382432595
"cg12102235" 0.0923496458308082 0.600018661256732 0.491477644858023 0.229748539166453 0.710443273369145 0.164444821809299 0.0566419381722342
"cg23526087" 0.135892134041576 0.262432276338597 0.504517179603863 0.284335811578581 0.805437234419415 0.128895145892454 0.813664150004094
"cg01785706" 0.177937366351058 0.248769865162381 0.663887645449164 0.297181513514249 0.833143558825332 0.166185647879574 0.838465010205171
"cg22898082" 0.110676244079873 0.162814142521141 0.625719705211084 0.392991075544027 0.772575495186636 0.0674272531959932 0.65228340207118
"cg04858631" 0.0593072038410815 0.146465060189403 0.277295164415012 0.222199135831535 0.713505425033177 0.049437709195545 0.71633510151913
"cg23213217" 0.10948877176971 0.458566427828088 0.684220666742286 0.585545349694443 0.793985765029186 0.129736900561472 0.118812955088731
"cg02505177" 0.288063779152911 0.15902704128644 0.565971678428478 0.114948316570824 0.782227752701359 0.170724996312433 0.784009504037134
"cg19903805" 0.137648755815429 0.102879150781568 0.442431937756734 0.0926595368663596 0.723620364545677 0.164198547224144 0.749872190342188
"cg24957609" 0.157036620795169 0.117069226122484 0.70391932615312 0.388030790793746 0.765224197961827 0.0734663143949358 0.523505753082608
"cg14057303" 0.109314676590519 0.146963716051349 0.165323444593741 0.444516536227305 0.80486623539568 0.074702561954399 0.80118210085381
"cg15188939" 0.292657134106314 0.262613009649348 0.609758382967567 0.154220585800423 0.861115579528688 0.143482674599908 0.878417390936242
"cg14364797" 0.0809404510534295 0.0709846339185967 0.822774141978155 0.616932652557446 0.74398469733971 0.0256196554160285 0.233660157534933
"cg03961551" 0.118905455730116 0.137226238170645 0.426909597045927 0.314082313408294 0.802609979418771 0.0863211907030329 0.817892969366204
"cg10639435" 0.11531807453164 0.125443950168096 0.54508647049719 0.548276991509488 0.791636275863154 0.0991984198817092 0.4917085898329
"cg03289764" 0.311094480728043 0.18267650719099 0.162293923527375 0.363428550594148 0.859072214940122 0.210687975546266 0.866933036493777
"cg04722215" 0.140015910111129 0.159688398976667 0.674164632668273 0.392985853133634 0.860885826377406 0.090017531555154 0.811056643337224
"cg26217402" 0.210629753190922 0.352099064003008 0.390251980320681 0.243657630562016 0.893094640402203 0.174151742060941 0.878607864166065
"cg12609063" 0.0827304945222578 0.0972359589799302 0.472110803406259 0.394292021615303 0.783896715598752 0.0597528789925043 0.638759035205493
"cg03916225" 0.0864545449203157 0.11550234877737 0.444239909092571 0.292053823780097 0.805280954086117 0.0644679253402766 0.795578924433774
"cg14165142" 0.109681169640944 0.249953190820979 0.168259973640827 0.264635254866656 0.830251896427113 0.0781234235586424 0.841595225850253
"cg13554018" 0.115411207979589 0.107496593800243 0.534512865270787 0.0843671937600565 0.77211359743606 0.0714699497256225 0.782043799907619
"cg21830221" 0.109386872981836 0.122171158780164 0.462491947349598 0.0938982552484456 0.774345621651345 0.0775602839856027 0.791640821580113
"cg01849093" 0.211634530258053 0.148345156189702 0.402408047357825 0.236208332966069 0.848602067605986 0.162482668677008 0.827905061141242
"cg14441276" 0.0950411080276519 0.129998025553379 0.439540118671685 0.0920330002431382 0.785512217280604 0.0634640156143258 0.795502516564373
"cg18148314" 0.0875498020565188 0.0998595831843717 0.490597678221595 0.264250363455584 0.833489126406878 0.047777662919192 0.861556297181522
"cg19097880" 0.0842120556866145 0.10903871264114 0.192296316746802 0.0919914945617046 0.775101189261148 0.0557351294872278 0.743901508640117
"cg03795574" 0.0470044276520865 0.336879973748112 0.664097356851418 0.0777121863560386 0.718941997647931 0.0710034448688046 0.0577405103376677
"cg00219921" 0.78299435259626 0.807727257228744 0.755082395662328 0.880492961799101 0.87846753128261 0.202749950078506 0.874971117104425
"cg25939861" 0.649754486532133 0.569586560798222 0.568271523747728 0.811689006382872 0.832967546928915 0.115863785315574 0.847529368552941
"cg25535316" 0.578593565871741 0.734275266741538 0.701655859546016 0.855445419361432 0.85993000466415 0.173274705211529 0.815145468062445
"cg04394724" 0.764886920193923 0.588353657492155 0.922830085993416 0.859219199481317 0.898178987819202 0.214052002898792 0.902871300627103
"cg07016730" 0.704362782411134 0.787544804832752 0.763531515890723 0.821647792417003 0.866931365208734 0.258838789115927 0.865102219322775
"cg11531557" 0.730403981668393 0.804092566087281 0.727503615779568 0.86236980877218 0.875844323889207 0.284212679608083 0.87253284462783
"cg06419846" 0.872044716446848 0.938822490206927 0.848601186870781 0.957690139952325 0.960103203320869 0.392585968805528 0.959165754915476
"cg18174654" 0.777759617225248 0.855272482194393 0.470029842712029 0.874973664010874 0.850363509693714 0.283791099108651 0.854204899588142
"cg01002223" 0.80235861504642 0.90804807125638 0.766268920029236 0.922435614220451 0.920500167592359 0.358035601167783 0.913540226274783
"cg11067179" 0.755144530897174 0.835705222724082 0.74155525068182 0.824279177428616 0.860547594220066 0.315764803136089 0.862752833173627
"cg03984502" 0.623070554543511 0.834898310540679 0.677674220738806 0.879578718955607 0.884210039459122 0.313142516033121 0.89060081338547
"cg13068915" 0.73525840752947 0.77011675066884 0.525804714469059 0.778412710352809 0.784221170684838 0.249165146631577 0.789707842011022
"cg01949403" 0.828005816023039 0.83740904166443 0.742023229897208 0.849245357074692 0.860213146303141 0.337635773239351 0.855603552331248
"cg05496363" 0.764385317966389 0.834242216208018 0.704812108009126 0.870016665360357 0.888557841913336 0.348070330826333 0.873937270870783
"cg14468508" 0.609249994897575 0.667629070918773 0.728814066327448 0.634310576861798 0.787048140638893 0.216844302203337 0.774716164329168
"cg09127592" 0.911581485114097 0.845544573938145 0.677685566402908 0.913989260285495 0.784632268598951 0.344114453643702 0.770782275222258
"cg07707056" 0.875702752414431 0.875437158321095 0.82594649884238 0.886196549484101 0.887664789671015 0.392978842325532 0.878819866212373
"cg25350872" 0.945732419105923 0.893505109728947 0.715004897445786 0.948304361563832 0.946046257624637 0.438174357848718 0.949343977479416
"cg16596052" 0.702986963779957 0.941329870307644 0.957066022613478 0.915519126295943 0.954843957138316 0.428541972676815 0.943418520053306
"cg07702659" 0.718713455680409 0.819778705225306 0.818753400910569 0.809234042147633 0.820680456715971 0.329600793622084 0.834484441551597
"cg16681873" 0.514179571177725 0.728030667726401 0.66250620358267 0.792001861653393 0.777465344315177 0.251818265658157 0.752376119135275
"cg17851021" 0.86030678212424 0.849121040003293 0.735377189215354 0.87760458015836 0.88072452440438 0.395112652372574 0.856050771293481
"cg03318654" 0.66246584662301 0.686835383922611 0.591982814586626 0.691909142021413 0.697140423979031 0.224776096178036 0.703496170476838
"cg04329870" 0.826656615517056 0.850625732987931 0.555812630435828 0.867539974449914 0.85997260499571 0.383628119597956 0.865662685126041
"cg18857618" 0.72906465998629 0.874160312875735 0.716183326744651 0.890357614224684 0.863671204561632 0.3881952280965 0.850306245430347
"cg09654116" 0.849229697362937 0.817774240738088 0.646175704812116 0.851086570416679 0.859031092066842 0.383703605800935 0.864190867996041
"cg17804342" 0.762922217249074 0.961161529762283 0.976586240850856 0.951740010682001 0.971450250204226 0.489683386607665 0.975883085179984
"cg23001918" 0.774008948251608 0.840019931256008 0.787914831887901 0.869386166774791 0.86984126973364 0.397972352554049 0.866025002220983
"cg14110920" 0.627925335623301 0.819429161258546 0.721185989113326 0.871517967512044 0.887621196777993 0.3871816111941 0.888817695371244
"cg27445883" 0.671048708784691 0.772077971247724 0.603467922296031 0.791922727019326 0.794110510215057 0.333843792214029 0.798141872055985
"cg02909446" 0.410752931629521 0.528366590547842 0.453731288680115 0.688996884939435 0.583739679299415 0.13878457941049 0.603585915784472
"cg02021288" 0.67777235591164 0.837191153898347 0.608508718299293 0.864832585278544 0.848761010729012 0.388262725368728 0.827191056526714
"cg10248985" 0.661118876159492 0.820981463709531 0.851276285325396 0.846890102605854 0.864660754515416 0.419430285780372 0.868631079797982
"cg00576086" 0.616571703821581 0.708302047991497 0.630322338132041 0.781949445593212 0.814884620315154 0.342937378918049 0.798757335857516
"cg18224038" 0.689650614781971 0.810374501333328 0.525199717925044 0.839151941595154 0.83262385800166 0.388840105372226 0.828234614965111
"cg09385972" 0.641920863747023 0.738996271551317 0.590555582185743 0.796633780823847 0.745541739508826 0.332704816572726 0.765600234309714
"cg21648425" 0.642796838893102 0.532512754502428 0.494512786687967 0.643793006499819 0.671255049309726 0.230454474318486 0.664699438156416
"cg04219977" 0.656744968232273 0.766402034491373 0.839409945372873 0.853094871569945 0.823782193130071 0.406257792645959 0.82908235825761
"cg26668000" 0.603819807968777 0.795522984703423 0.77056065911863 0.813455962783343 0.807610567453029 0.389779349045147 0.817175966017553
"cg14027234" 0.637219151688355 0.729917272298955 0.5772658702754 0.701409963005947 0.739652990310213 0.326890679981868 0.71672193336936
"cg12043508" 0.76914288189413 0.671720762474894 0.529259452152873 0.806141476141595 0.749259380208427 0.366801129545872 0.772749648285369
"cg22144450" 0.693900997457983 0.642520598211526 0.78283355762064 0.806145769367958 0.778978997960271 0.367432447809818 0.698928486105334
"cg13543915" 0.75114422550054 0.725611874529239 0.570861330078983 0.80272085768138 0.798073593281911 0.402555526508732 0.771958246853038
"cg18711369" 0.696591196928851 0.768996696934868 0.806142274706917 0.868147731547428 0.868779636719011 0.45285582313691 0.786624690054696
"cg00644351" 0.771091029680967 0.933487380542705 0.91957060663529 0.924720921116838 0.939965136337595 0.557164134644975 0.924090217202711
"cg23172664" 0.802953992655615 0.891196201984002 0.675769798396752 0.890924741971422 0.896255013765316 0.516198505131701 0.887220716592344
"cg05039671" 0.67947356993007 0.857747724188022 0.683856962314419 0.873219457000471 0.840964032506152 0.457672553027388 0.771814730956894
"cg08506127" 0.481044852572837 0.459183557845991 0.479682081066585 0.4947516003578 0.52198421909953 0.146852280155215 0.507716323470677
"cg22556056" 0.725126659988012 0.827224171424277 0.697609337715128 0.87067528857618 0.87699278055366 0.482769277527041 0.855684839694091
"cg24345747" 0.604602670593205 0.532541315860445 0.370958681038597 0.515942533012018 0.486836784203015 0.165715942449078 0.478047844644461
"cg10077746" 0.0759053069224451 0.0414993910917478 0.0377871357985052 0.0311467526985689 0.0366168730234424 0.169931656717003 0.0371085005118748
"cg26947766" 0.0726878906783844 0.0825821529309051 0.0427368981292382 0.041877086267305 0.0422061459145407 0.184600427765765 0.0457405462566704
"cg05623526" 0.108208996328699 0.0739712972988405 0.0443176626219723 0.0397545816786003 0.0362280112232582 0.189444167961357 0.0446733256787771
"cg19402236" 0.0808101096771672 0.0864189293180504 0.0465411327484384 0.119502252624961 0.0569936542305248 0.214292417202791 0.0519065105324052
"cg05280206" 0.157190928783119 0.117459663644342 0.111172644294285 0.117397542332457 0.115206391111722 0.259810806534835 0.10994178163608
"cg08944236" 0.0743338175055666 0.0368964993595097 0.0394327845346595 0.0369491742255405 0.0345798610527359 0.181397262755749 0.0364995027694624
"cg25554283" 0.0324807402619207 0.0295497335395189 0.0216691387707816 0.0275529220588851 0.0263378704079824 0.168720287569513 0.0304023851357982
"cg01803059" 0.106065074009796 0.107240473849836 0.04599189501098 0.0759976290786612 0.0533248615369298 0.218461736489634 0.0611064238105108
"cg20387139" 0.107018586396988 0.0590725241300979 0.0306959060872819 0.0317340605871847 0.0289457455971869 0.187771115932383 0.0259377712159393
"cg13041597" 0.0604343964640048 0.0900252151671492 0.0429201392735215 0.0728774208138183 0.0350155888281024 0.200640042316253 0.0377148187028369
"cg04428139" 0.124477686898375 0.085172525955112 0.0655668579870107 0.0942600049383928 0.0609911784180691 0.225986236781842 0.0667549203843008
"cg02971546" 0.111891750437159 0.0521373792207474 0.0502521068695736 0.0412286587509693 0.0387022632203654 0.19695652239737 0.0364615270347391
"cg26333342" 0.0773180306874825 0.0551662925118093 0.0969179682174738 0.0354413063520367 0.0361440715088757 0.197930765083293 0.0367374988609103
"cg08305378" 0.16426102313377 0.192871511239514 0.0914402218220456 0.165626104367397 0.161088281532053 0.31739625424202 0.148826997593484
"cg08540100" 0.094185882668892 0.0614111414641919 0.0380998426334788 0.0419703444021406 0.0502693848827308 0.216999172403494 0.0504657833683762
"cg26173847" 0.0993399483076811 0.103130052321697 0.0321865593521687 0.0472180165445501 0.0381267537701489 0.229187113205446 0.0434386752954893
"cg16202624" 0.0843658843957527 0.0688768397456603 0.0540796306188206 0.0473136958889285 0.0474176739981675 0.224411807516746 0.0502617058054224
"cg12403778" 0.0953209402089861 0.112662928703924 0.0466353928617033 0.054892144287524 0.0414046806848432 0.236555892451458 0.0449415777535094
"cg05811904" 0.136291119678486 0.0546435430641923 0.0406261575572006 0.0669951788480663 0.0486885382827821 0.234857000215714 0.0426666971016615
"cg14873488" 0.139087888193418 0.0422430577644828 0.0472977973178029 0.0393975933566804 0.0395195328215623 0.225848776446272 0.038413315781761
"cg26579601" 0.0830126128050112 0.0293875795355749 0.0278635050488638 0.0302220475371005 0.0258750162166418 0.217261519163262 0.0241392174262759
"cg18807466" 0.108673703099481 0.0728897755315256 0.034263300733589 0.0893228582559345 0.0402836820402225 0.24914470361917 0.044789235672028
"cg24615189" 0.126823687886804 0.130985912465441 0.0666217325316756 0.0577097919191457 0.0485106325552835 0.270706601510902 0.0648888317746394
"cg20594304" 0.14968548260842 0.104930260483579 0.043452297026605 0.0486921330433911 0.0362178898295046 0.26333710467895 0.0363569218834749
"cg16714154" 0.130579896092959 0.0749228547172239 0.108472628481571 0.112579610808654 0.0326825856020552 0.268752525687721 0.0357637657255412
"cg24341442" 0.152019535007048 0.0426184753849805 0.0369454455906701 0.0392549145248051 0.036893243301912 0.252832028971668 0.0338068916681187
"cg25883405" 0.158372582857138 0.0829364909150016 0.150661531362197 0.128704180432921 0.0570278107492612 0.300807579133544 0.092430971329917
"cg14283454" 0.134153082934296 0.102811656676927 0.0605760702118459 0.139988069405166 0.054021979987213 0.293344734822553 0.0571344164356084
"cg19378631" 0.134219028570896 0.11411662217175 0.0311944903763858 0.0426649965844907 0.0380309617473213 0.270254263841897 0.0328888836051836
"cg16861964" 0.0740956438255031 0.0532128091122853 0.0674813222625728 0.0861451769500839 0.0478419409653003 0.268924141758824 0.0793954608047497
"cg08271229" 0.112050214313492 0.0515583920553008 0.0933995441602517 0.0468835412501087 0.0473395935584599 0.264162791371169 0.0495554192062958
"cg19007249" 0.118766830161825 0.0900630423132077 0.0650593650446204 0.0647941612252952 0.0542447477673398 0.279686754986055 0.0548620305669886
"cg24071200" 0.173970762839981 0.145082492327554 0.171833667481616 0.11772986489896 0.09525370421831 0.332148624330025 0.0945814170942934
"cg09316306" 0.107507154166608 0.0603659389715342 0.0759822913752086 0.0456184216485965 0.0446018320124821 0.275296548114802 0.0466102430369812
"cg12477370" 0.163156765957847 0.0728340166463035 0.0406824171108107 0.0730319531997885 0.0442620527629792 0.290652033274913 0.0393087140227529
"cg11658419" 0.146744958563899 0.174443171850936 0.0576714282545575 0.0911290624984425 0.0617873776803216 0.325198888007739 0.066998761129534
"cg05185926" 0.10117613191172 0.0649224818972822 0.0516510201869356 0.0786936270346579 0.0309165001220234 0.279530398702751 0.0302342516017365
"cg18340445" 0.141850657667841 0.152609208909616 0.0383508417839214 0.0643092405167425 0.0530767876265307 0.312655125805841 0.0559162128480309
"cg18728025" 0.213153721169277 0.103928065699943 0.0771969334026692 0.107455346968546 0.101986593772593 0.355954838932777 0.104542927819006
"cg20421446" 0.335031751564974 0.225953492457262 0.159030510615073 0.232022178825941 0.201442559178983 0.480843866169303 0.202182328781508
"cg21543859" 0.165463923826284 0.0994013597710112 0.0485866868607533 0.0752671395557639 0.0562662219921436 0.337021160248699 0.0548069805567787
"cg23840053" 0.230680171190362 0.163791465499881 0.0643762337980019 0.100719696040727 0.0957211151331726 0.385690070460643 0.107535444029721
"cg09543427" 0.346273698744281 0.221681635302216 0.178306928509365 0.258350186559098 0.228516357885089 0.506644752571224 0.233345931308462
"cg26902557" 0.210883121126852 0.0638134202177288 0.0509070653741521 0.062758904072065 0.0544671054089386 0.340053955604706 0.0494010439227253
"cg12331932" 0.162779626381619 0.0639260937250587 0.0399126946127559 0.0345021013279382 0.0309051154520181 0.333768741161675 0.0298337314971656
"cg15607358" 0.349075063469303 0.22194939721409 0.181960470066499 0.251143714156065 0.239326665830541 0.53431684641472 0.235365734234287
"cg16443148" 0.203891554730534 0.131001745296802 0.104367738298026 0.124063893398122 0.0897916333004997 0.410897583480406 0.0871362797306534
"cg17332306" 0.138375652530293 0.111307362561594 0.0409908655211625 0.110237718888485 0.0263951286962118 0.394610461002952 0.0284625646571363
"cg18457597" 0.0889804193804412 0.237428935740412 0.0737201290710347 0.0757243669983351 0.0672573760852941 0.474625792947621 0.0601021304034282
"cg07376834" 0.0686764326658052 0.0650197988130771 0.0710477659936822 0.065195256146285 0.0565371158401487 0.491403691315045 0.0552985782569875
"cg05398700" 0.938448437914485 0.945362017180143 0.887162960969703 0.933756779035435 0.873919153820276 0.958063815686605 0.0570659308716139
"cg22381196" 0.885985656117307 0.890424598210336 0.790264529794851 0.893551708591942 0.648083326846702 0.905089608367936 0.024084483352445
"cg04858164" 0.890433605797494 0.882048896214644 0.782921284678609 0.887012218071867 0.83180977812999 0.892852793897904 0.0704264629645822
"cg13468144" 0.865184767222617 0.858194823729302 0.763785908667141 0.868018461424207 0.865178316254747 0.89541415987411 0.0637805484843361
"cg25600606" 0.87873504103149 0.887802198687072 0.739614394611522 0.887225743722399 0.825631783114349 0.883376062018413 0.066576377158288
"cg00660167" 0.937133815165348 0.943433229989166 0.834898482604535 0.940889563055349 0.797046310122244 0.953920259477323 0.108831507534033
"cg25739938" 0.86402356882033 0.879236613490017 0.701894766539748 0.869890199847455 0.845558500978056 0.870465816894917 0.0681843449949137
"cg00705730" 0.843374360116554 0.857393241738223 0.5920965185766 0.867678915909885 0.814367876059516 0.848374342576578 0.0425235765433551
"cg15878616" 0.955461792353122 0.953286788140995 0.865366238165839 0.950820160952934 0.543516467179411 0.965998009047811 0.0595735107352919
"cg06270401" 0.849376823221173 0.853641084856784 0.487356222207591 0.86723609085039 0.810903415247555 0.877962599217336 0.0383068559244258
"cg23819411" 0.892514036170648 0.901018161790806 0.693826556437896 0.899874195415623 0.759342228224459 0.904061523926363 0.0701867447293544
"cg11313468" 0.851064612634461 0.838455570267871 0.766815834023165 0.866270581222134 0.726634336138704 0.858148869455617 0.0386741087039533
"cg19037107" 0.864855727804458 0.866902816659252 0.756263757697672 0.87307613183082 0.828563913862956 0.888495468995233 0.0776773679562797
"cg16802439" 0.893461282983772 0.914699393103599 0.736477101229067 0.916735874208094 0.698261558595745 0.936083812622659 0.0739078888290334
"cg03340036" 0.846641638876295 0.861285214938824 0.764815476718942 0.870190030931012 0.747035750319855 0.87049873267059 0.0554793133774703
"cg12483340" 0.84388039788936 0.869294281991455 0.670311208604276 0.858438255219989 0.718551873329347 0.87974216623753 0.0407887963663433
"cg01692842" 0.848877014114739 0.838079811853333 0.605315859201352 0.872204597045994 0.792544477775097 0.859139676289573 0.0512893703626502
"cg03637218" 0.867741580280713 0.868896409857783 0.523339300976477 0.884952228029689 0.834725517770392 0.842110304673825 0.071125801572939
"cg13785123" 0.946719712445676 0.953854175438649 0.867159250610725 0.956801073590331 0.853225569929668 0.941966854132541 0.15532646194191
"cg15658793" 0.874129859027598 0.868118518173783 0.625045867476119 0.896835910234958 0.688489991377498 0.902507501424218 0.0493381190758097
"cg01699630" 0.851846158874915 0.85599124895372 0.699795862906818 0.857736097569052 0.840675469289915 0.877308902238579 0.0787323598384968
"cg05936004" 0.870019860700265 0.853090206840158 0.69860628084915 0.881035659984867 0.786925760753704 0.880504255631928 0.0719998105565934
"cg25605731" 0.939755832605775 0.941882129121207 0.857544222642099 0.943340025006244 0.466496912351922 0.972902702021103 0.0561427033541251
"cg00439981" 0.880580438342074 0.89301044675234 0.781722010062941 0.881228247560463 0.551049120573362 0.902008479478118 0.0348834994254054
"cg04609694" 0.850451872657944 0.86163241538205 0.723244122675841 0.852222655446374 0.775170787940772 0.861051110028649 0.0698839206039183
"cg08154963" 0.830364265773585 0.839279564957114 0.60924611799352 0.8457914339397 0.769403702685443 0.841513386431016 0.0509129530127782
"cg01040749" 0.839250931123954 0.861778996692823 0.690940699382009 0.857371678827247 0.733103678886458 0.836723728073028 0.0576004818790758
"cg03766264" 0.852224136992773 0.872331683157942 0.783706473029312 0.86100908375152 0.842531029271053 0.894986251809523 0.102776282192688
"cg07790752" 0.852743000090215 0.844863494878011 0.476085913862293 0.872249479558901 0.706434541205956 0.876500541474403 0.0400297444749448
"cg23338668" 0.842653128432245 0.857319124776524 0.649592316145465 0.859600546067242 0.818833373219236 0.871491092652493 0.0819800975099556
"cg25693317" 0.851847941411453 0.847810329269285 0.671666973576835 0.854571666974023 0.760416819491219 0.887046500804243 0.0675304392070053
"cg07409471" 0.865587774308593 0.85501634605721 0.728982278730348 0.879126190633623 0.719077959950715 0.896560616528098 0.0727357842474903
"cg13618969" 0.848038622117643 0.860520438671977 0.625802322972394 0.847294953275912 0.834751954461685 0.86937203638709 0.0868768891461034
"cg19055828" 0.855615781633173 0.854323338039432 0.722805647928264 0.855134935269135 0.612694575831091 0.837931384848484 0.037775963625366
"cg21685770" 0.880828893596073 0.883182349391632 0.481108225291481 0.869559449616138 0.627731037162824 0.869175127075684 0.0398045780180317
"cg09342997" 0.842555250984401 0.856283791087598 0.768566960681854 0.840486383304319 0.717274340656697 0.837857534872976 0.0640170032531648
"cg08253808" 0.830736231126993 0.83763863171966 0.722822959736808 0.826980672183322 0.656691689999992 0.866355565057111 0.0367383893132975
"cg21792134" 0.898445665239968 0.904284214175451 0.721401677967159 0.897174671544082 0.848381622491839 0.913943398786545 0.13308366613126
"cg17852482" 0.820628553479293 0.820772056798114 0.647071768836948 0.833017565516633 0.77891320695673 0.847489141077664 0.0608182913512285
"cg10611016" 0.869386072545154 0.881627285767452 0.679240025715864 0.880525145610006 0.62057967897756 0.891021411429285 0.0576913970111844
"cg11596902" 0.850987513149222 0.85998810339555 0.623811763609156 0.865238324735768 0.641278910614014 0.886961401018267 0.0490785256641434
"cg13652008" 0.861755585205089 0.871059505929333 0.776835786613375 0.871341576220014 0.807393787149397 0.881532291279152 0.111388656792715
"cg09859659" 0.848724142722392 0.801189095869979 0.688081808486081 0.861139021469742 0.832992233044178 0.852685937563881 0.0915376560687043
"cg17331920" 0.823812391039291 0.873776607536139 0.786990950527128 0.86905451634833 0.86346054688072 0.872370688526164 0.124119092845708
"cg24737761" 0.849357678703856 0.826413130143037 0.615658717586489 0.848467854083999 0.780293962078717 0.843552745813166 0.0771834416045142
"cg25074794" 0.880174396474568 0.89059896050501 0.79615113492503 0.890618931512985 0.800852616447539 0.906809915390817 0.129424751672446
"cg06706813" 0.860036350626827 0.881940177830852 0.767025838635049 0.881605359794415 0.745948268515727 0.880682647443869 0.104635153245434
"cg11153071" 0.963771719983118 0.970665851368593 0.903832524660504 0.970469755432396 0.777276281472675 0.978237675297389 0.186687573596139
"cg06465076" 0.858268702858449 0.871658118542037 0.580594346425909 0.860279253058177 0.722585516218232 0.868367851596263 0.078956009547577
"cg27510066" 0.835652778350049 0.855601659544263 0.547626530003618 0.84855235428211 0.74607116525644 0.847859139112297 0.0716127108777425
"cg17934775" 0.0942600642529092 0.120067537769781 0.185066314267985 0.100623522705986 0.57905162618286 0.0853694365165425 0.674969294928295
"cg14145632" 0.58125573572717 0.138832098299891 0.495181595540715 0.150500551019491 0.20029825846132 0.40064438748786 0.709531122182694
"cg08608952" 0.316820658223888 0.252460322696414 0.723760550802619 0.319982693418513 0.30517446521798 0.282662590986344 0.77011831720656
"cg00323915" 0.0912414216990051 0.0897791815801653 0.478767670715735 0.504359336126319 0.329325152673586 0.0980416794319106 0.714197068590812
"cg10096893" 0.0861673734229446 0.100373065503654 0.238909292323039 0.0722842859124025 0.228722490248647 0.0843173630928531 0.586542166764079
"cg26169783" 0.42183531428047 0.131643566208826 0.546934273156186 0.392913619184276 0.126168170039394 0.389957341817431 0.731315525554599
"cg17824540" 0.258664711126135 0.189463627273479 0.143080511120617 0.548842596643464 0.541630056472619 0.238347626491706 0.82321119197326
"cg23280720" 0.0797258779809867 0.345135293182018 0.606407500270223 0.273793508027462 0.586772019250693 0.111291053140167 0.820123427597571
"cg03889044" 0.133102637981258 0.361301266840461 0.603094580960508 0.312542873638217 0.413663148972963 0.178092787553591 0.799196847813239
"cg09595079" 0.136449808915369 0.569911106665244 0.391195621658039 0.124575058242482 0.1509286552002 0.301455006589278 0.737040852421334
"cg07039378" 0.73323689696562 0.116122656900476 0.52806504381916 0.136991845503152 0.240706582511265 0.613546458421804 0.767648799534131
"cg04342202" 0.0570185672422353 0.240676427930565 0.720556773931297 0.329382446893277 0.145966583836583 0.134499114019202 0.703379901604958
"cg00254017" 0.285425637154678 0.577892163294666 0.779144943400001 0.210855993681469 0.165992476856592 0.498210886464476 0.827928077955858
"cg17338146" 0.365069917968478 0.108028182260552 0.397340202310038 0.276982372248518 0.16951994476114 0.301931788017109 0.698485628731322
"cg26106166" 0.128287590292214 0.127229499460427 0.142396228122931 0.182227854763897 0.655928233166782 0.0983651455229848 0.746167796238415
"cg09221159" 0.0816509473267427 0.112827566348549 0.42910600570363 0.199438564587684 0.414329738984222 0.0638136684188164 0.697927468703196
"cg21774136" 0.22556937004811 0.306974680608438 0.31813201000067 0.254188579299158 0.654823208972827 0.284550465620818 0.847382167157209
"cg12991306" 0.475659494487083 0.260536678472146 0.453521244615453 0.0934316191171171 0.102004332733946 0.429585968101566 0.716780604781107
"cg15625636" 0.0998279317356782 0.0700215754466506 0.795247040874589 0.597973072912758 0.445409490934091 0.0585642429526445 0.813005847602425
"cg05025332" 0.700028739162832 0.138320151051944 0.629059860092611 0.0965430306657786 0.0966489382394465 0.628061777473454 0.749706071839726
"cg00221794" 0.493382972202805 0.120447470478223 0.342480837341927 0.0918467979082845 0.358553832404723 0.517626296441006 0.757830521320262
"cg11485012" 0.144528531643434 0.0782007341150724 0.466696603846912 0.724196205397259 0.0869201477722236 0.0925672217510954 0.742314164086961
"cg25094735" 0.493776123360117 0.19997376684506 0.467026215342623 0.0746454955050021 0.0631277768301728 0.452786844520244 0.709551226574268
"cg11370814" 0.151184077631392 0.113178109582695 0.417519933617652 0.308559953926192 0.43484791935343 0.149397965190279 0.761401554883177
"cg24310395" 0.0727048834577555 0.0947537129510211 0.217248457416191 0.341188549592825 0.648481732465998 0.0588348383379948 0.790677129237383
"cg12112870" 0.64720815096812 0.161382407638341 0.62048673121405 0.173775935937375 0.219880932086037 0.409408673685017 0.804523048652883
"cg00661777" 0.475438781153865 0.0713301922946098 0.600186015056349 0.0751510753086771 0.0671450182615966 0.259978517439323 0.686849301730551
"cg26360197" 0.0682182115828226 0.10267222514657 0.144349290190229 0.230403967910394 0.690761034856781 0.043385401405421 0.784267583253487
"cg25133951" 0.209999659304992 0.0794694814900979 0.493267966149811 0.0733758475810684 0.456972090898914 0.0654413457005631 0.740798071975192
"cg07613391" 0.0799502531432796 0.120052418620804 0.421320706364595 0.218595186390772 0.673319683001288 0.0658040899578663 0.812639771997948
"cg15474337" 0.208902980517805 0.101559381774577 0.310079460485281 0.060879351961585 0.060743091297601 0.144665487296139 0.635627967624315
"cg17161520" 0.087417308697588 0.15918076504197 0.565650966547104 0.0883641378846037 0.73276050406736 0.05924183885098 0.82777554129127
"cg27051683" 0.173613871444553 0.445797494721 0.709049711089758 0.396262508535399 0.46163023100915 0.21929093490983 0.926582283383031
"cg00795812" 0.128345119750938 0.348497370135963 0.477314895210394 0.235196521127535 0.217687357436101 0.171164858116069 0.780180743003863
"cg17479280" 0.662534724409364 0.154074346978447 0.888295071833529 0.155836089181633 0.57492364332578 0.497434729167233 0.939069089345585
"cg02212836" 0.103246020090914 0.183699681934758 0.685508233151486 0.103413343549812 0.137664462159562 0.0880561652119854 0.711778618479173
"cg19190593" 0.182657280588878 0.414061488270242 0.587238463937931 0.084038426193276 0.0899451046693148 0.347279089334744 0.774534749298859
"cg03526142" 0.0634351588676359 0.0823176975453943 0.223590885865533 0.312686113784601 0.728812106970558 0.0402408012725766 0.85051887080758
"cg02368508" 0.38159312202442 0.182462918129834 0.444111611870847 0.0787085807538666 0.267271917293732 0.354486731534824 0.799738654186723
"cg00754552" 0.346534579355906 0.206343886581563 0.532172996531043 0.115493878125219 0.115374006124661 0.329369899969578 0.781090701898261
"cg10699171" 0.079993545402617 0.113635744930869 0.566239282351206 0.173524682928426 0.494590051891676 0.0834840485926848 0.821482638087121
"cg21201401" 0.0919583009698136 0.122050648585453 0.141178462578256 0.267848107853176 0.81135639306104 0.053043902184726 0.914869517692732
"cg07018090" 0.540690531728311 0.29550937594373 0.756356308031078 0.0845503790544904 0.178696233635148 0.487043098478154 0.901389277105206
"cg17843665" 0.209574308632661 0.153332597446156 0.306523883410172 0.0768008080524388 0.0746599610976757 0.432506817115083 0.747227365945484
"cg00446123" 0.0895110532160097 0.119300851481462 0.147083640846336 0.300230286636491 0.874367814263578 0.0617739934238617 0.950959001410834
"cg15535471" 0.10177657578491 0.0752827825818082 0.21758461398999 0.31982698260984 0.40547237600288 0.12178241867983 0.844161440718128
"cg23954655" 0.0907671354523171 0.12789571369847 0.624408726726446 0.0911994296017373 0.131374394127151 0.081908001719486 0.767301107136121
"cg20513976" 0.063455977085684 0.0954581772978283 0.128983282164407 0.290949490692506 0.848851905079986 0.0260984592640722 0.953707616031316
"cg11354682" 0.480545349692294 0.0805755142201105 0.736078450670194 0.0590083593875758 0.0962917505286994 0.492359744567176 0.843152002644803
"cg09993145" 0.0563136214759806 0.0458521682241239 0.449439650798971 0.115216882828037 0.0667117278001026 0.0312808234274015 0.747645790502184
