"GR" "MO" "B" "CD4" "CD8" "NK"
"cg05398700" 0.0872846887389098 0.872887304794947 0.915143758705923 0.938394206756904 0.934832607366774 0.941107007373694
"cg22381196" 0.0532285177685113 0.684841914227453 0.87944034205987 0.889071076151231 0.90185831657622 0.895330192243943
"cg00660167" 0.122034053001499 0.782732509321306 0.930802734425299 0.935979667736949 0.939614876497209 0.943009148725923
"cg00705730" 0.0729780251890756 0.823504466978838 0.857285443549336 0.859983036483843 0.857304946372313 0.868440652868908
"cg25739938" 0.0895849117988036 0.849212549900622 0.863137478625119 0.87603819758546 0.87612349453038 0.88328628700947
"cg06270401" 0.0694138638494159 0.815461838039439 0.851142491906752 0.867448365866118 0.859485277272014 0.850877117953458
"cg15878616" 0.0911925619344549 0.55731512045324 0.939540726468327 0.938486453835923 0.958093826062324 0.947901553619256
"cg12483340" 0.0648052467097377 0.739928685562979 0.840634847506104 0.858427288170815 0.861083004318208 0.868906453466811
"cg04858164" 0.107886523922801 0.837052822026367 0.875607400649973 0.883256994557267 0.889337755927989 0.888792742175501
"cg05936004" 0.0887622652424901 0.786134041748981 0.864101605034636 0.882526536220166 0.872636843235177 0.859373953243625
"cg19037107" 0.100142575623763 0.835501062901449 0.864307908142007 0.879654230164355 0.870882460877284 0.867658778708688
"cg00439981" 0.0588003282014855 0.562457906050856 0.878071497220385 0.880783778849735 0.90220810977458 0.888558875956959
"cg13468144" 0.105176450350508 0.870361904474935 0.861090727921146 0.861855477448961 0.871648502216779 0.868266789978649
"cg21685770" 0.0634833811160474 0.661543450554006 0.841529331507548 0.873223843679209 0.879716748056448 0.869383677279502
"cg03340036" 0.0775684351785717 0.745384653782997 0.849925237973668 0.857200095853952 0.869458496624515 0.869947539523663
"cg01692842" 0.0708594529062511 0.796514906108809 0.840171034630399 0.849919531643048 0.842282126554627 0.826150485075665
"cg25600606" 0.122871866364756 0.834776422854071 0.875511219371524 0.89094566024868 0.888817067321927 0.893882426707862
"cg25605731" 0.0748839871925108 0.476490859008213 0.891768594319388 0.920968966235954 0.929718322201399 0.927734396030117
"cg08253808" 0.0603953370084123 0.682944800060366 0.820829189613672 0.846852672738929 0.866339063830468 0.851654577735185
"cg23819411" 0.105539923842662 0.731605130336581 0.880285297234117 0.890993942132586 0.89016994714015 0.895746795699264
"cg10611016" 0.0806524632820218 0.635569955912573 0.866053370570144 0.872051490084263 0.884462716695992 0.885189593894834
"cg11313468" 0.0701579835285146 0.734652804822503 0.836084629207274 0.848103321673074 0.831377875361473 0.833421864638387
"cg08154963" 0.0804140156393722 0.764437088478645 0.825487495207548 0.841703005748823 0.846162793209405 0.837846322392458
"cg04609694" 0.102785572189424 0.788066553665549 0.84414821144458 0.862497133541678 0.866718958910529 0.864969264838615
"cg07790752" 0.0600372068614045 0.72657054477462 0.821828762939219 0.84987018050264 0.815596218906486 0.794311577182463
"cg06526020" 0.116667530290614 0.814830619942095 0.869395895022079 0.857438074733319 0.872199739096888 0.874180089926482
"cg21792134" 0.150565361818062 0.851657625675512 0.888216609487871 0.90341792398275 0.906657498771803 0.906833191289989
"cg16802439" 0.120994032350953 0.701568167466732 0.885830617289505 0.897177789526065 0.91339693513699 0.911173333528491
"cg19055828" 0.0619877528946594 0.594235918924434 0.847077899257355 0.85092228693989 0.858122355766202 0.855425446684506
"cg01040749" 0.100850998289111 0.752679349767104 0.848444521648902 0.853420659700637 0.867690988697164 0.866896450357924
"cg09342997" 0.0921738445106542 0.743711544669861 0.837005162159412 0.848164365938584 0.849171076414437 0.86377645497792
"cg11014468" 0.143377427158511 0.867038838529614 0.868155510358916 0.881501521316952 0.882796237028811 0.8882176076449
"cg01699630" 0.119149317214058 0.846129406600045 0.836314061233032 0.861814834720502 0.85728222408328 0.857765157711038
"cg13785123" 0.194587712185679 0.842199410066252 0.944596383737158 0.947291543931504 0.952256645634666 0.950984696216971
"cg07409471" 0.112835184423366 0.757649630532167 0.859962380037071 0.871375473902374 0.872324696628706 0.860298605428997
"cg23169883" 0.0820843134382286 0.344487450565062 0.923958303436318 0.92459652641622 0.941775756791625 0.930840243308489
"cg09535475" 0.0704679540861368 0.651932701751878 0.828960568244194 0.826287825712373 0.846676270765119 0.841355635050876
"cg17852482" 0.0941817502647777 0.790991203080504 0.817969839096268 0.840040860398733 0.832632877844655 0.826238649767112
"cg13652008" 0.126968513492581 0.800889341058506 0.856436939596668 0.871074020597218 0.874157583890911 0.870119171160975
"cg06465076" 0.111695664072795 0.73488613502497 0.852709263601816 0.863706550118278 0.877023419865753 0.869033388727164
"cg15658793" 0.102575465877363 0.688007815486577 0.856092433293616 0.876971053411735 0.864494667446216 0.857274989952118
"cg09859659" 0.120640371432726 0.838466720535349 0.845800142780045 0.868281528138904 0.851935877743376 0.818864398390868
"cg13595556" 0.0725194138618142 0.636729601514174 0.856420005841243 0.865235980012098 0.832594768141742 0.791236639131954
"cg19460836" 0.0708612537765744 0.595749064343709 0.837600110040319 0.841346692986208 0.84838567623605 0.837925632922275
"cg11596902" 0.0696939811409399 0.627765774482006 0.858583229838459 0.815882455830607 0.824695104212615 0.814971161452754
"cg27510066" 0.103868776316081 0.751934888421176 0.82998680572025 0.840313102491841 0.840260099647237 0.84424291321613
"cg13618969" 0.136595911999167 0.839744321992766 0.834421802775012 0.863897379050835 0.864496550323622 0.865604404919847
"cg25693317" 0.127010841873991 0.781360190066227 0.854787015503629 0.861426718183233 0.860753138269837 0.856436652125714
"cg25968394" 0.113693230184721 0.694010453470115 0.85408724277628 0.86021274767645 0.874372180918488 0.864591971196234
"cg23338668" 0.129385775161141 0.824113630688426 0.847176052955423 0.847466357106318 0.845083351228407 0.856095160875418
"cg18920397" 0.74740264924342 0.632507626671902 0.221517284259978 0.149039759436809 0.0977932430769523 0.148151005730652
"cg24310395" 0.797725522744952 0.683920805045641 0.455724339144991 0.13386910610504 0.0923181482388589 0.116304954214568
"cg07613391" 0.790488409014726 0.679867545508932 0.326566896509249 0.139270435688892 0.121621255494855 0.179478542069028
"cg03728799" 0.829964559424279 0.793205284883892 0.184505601807239 0.187131626768287 0.180396852828569 0.299859599560029
"cg26360197" 0.775214318001192 0.721745225692972 0.301150013697715 0.124675107961635 0.0806407454193746 0.130657625646685
"cg16108580" 0.768036914691359 0.753597493770289 0.141728411109961 0.168396522944975 0.109330173255719 0.146361364577758
"cg06208288" 0.908114072956848 0.915665388921122 0.469397496988962 0.269226584341839 0.167642794161211 0.180045150871142
"cg27183818" 0.882139856971923 0.872808588101869 0.114399869371476 0.509334564305411 0.23377925160493 0.137751894534233
"cg01735277" 0.774784507339955 0.683926556030596 0.278138356007285 0.141470256517312 0.0833264239291137 0.143790565409651
"cg09221159" 0.706600814601497 0.436279861585283 0.206593900990895 0.115224281607927 0.0986240718591709 0.128878174198357
"cg19190593" 0.820053819191784 0.12441403539551 0.105915062701496 0.325071628787243 0.506762966167648 0.510664681556847
"cg25133951" 0.745231444794682 0.470881028798433 0.100683282388546 0.302855458796753 0.155626592533086 0.137553179303746
"cg08622666" 0.845346670998319 0.833284423237933 0.176153830976457 0.338388854877222 0.147397430760673 0.163866840193625
"cg02737268" 0.915802007452586 0.903463755198809 0.156178968577937 0.160151877242757 0.232759613966527 0.570808860327049
"cg21830221" 0.781319938978519 0.779972292700226 0.121171334796457 0.167319582321947 0.116948848210871 0.151055483271097
"cg21959598" 0.855897954774902 0.8283790908329 0.242094961237019 0.264610280669028 0.234113636304162 0.134806770094332
"cg17843665" 0.723356293458029 0.0866151017765225 0.108460287754974 0.23300116820316 0.413385598835709 0.224175206763687
"cg00795812" 0.766523896755745 0.256096511728271 0.284574247893138 0.132086238782557 0.231447728205106 0.369919388832409
"cg26341831" 0.605936640169501 0.148345621978335 0.0744746639987546 0.105029314084592 0.0590335249244375 0.0661633838951122
"cg15474337" 0.643433657488848 0.0729045653437449 0.0817044838857792 0.201401439138198 0.175529306559595 0.111358013444752
"cg07706695" 0.784995195999965 0.759138403710973 0.231188902105219 0.1276626946549 0.0833719944801028 0.131238408177533
"cg02368508" 0.807068821186468 0.301753651818325 0.104772866720762 0.435168767367467 0.389594712831511 0.227238445186673
"cg27051683" 0.879347386666068 0.479434238245862 0.406995877826201 0.196752258546502 0.287225830917319 0.447203567111516
"cg23280720" 0.820569599323885 0.597480912663829 0.278227617407539 0.121708378899024 0.17656258184783 0.326652839412406
"cg25140783" 0.850074481607592 0.798114741781995 0.394110828505326 0.166206711504167 0.115127656301044 0.149738792777256
"cg17479280" 0.925720520487637 0.568868073729461 0.176484094880348 0.676485332231191 0.407248342257812 0.162691129969102
"cg17587997" 0.878950170248665 0.876490427992238 0.15818354871141 0.384284027077599 0.192099111933574 0.132340020259405
"cg12810837" 0.758083711659064 0.68489909874804 0.112449787558575 0.124744604993203 0.0837646606579646 0.132401562415036
"cg16219283" 0.886728577585277 0.876396501356236 0.196439176319048 0.239694105556996 0.189064090016915 0.277194234498936
"cg21999229" 0.811683497843171 0.781978669914461 0.128568869529147 0.175059703208519 0.113216097016294 0.193256043093976
"cg21359303" 0.902503029368008 0.899360371079294 0.395108469237124 0.174212272674423 0.147686474742477 0.219274608179686
"cg00754552" 0.797358035118837 0.140415695256404 0.145900790082619 0.404333556109224 0.353810385378686 0.275930716396529
"cg02212836" 0.744025510302137 0.185011647408134 0.149378380304027 0.170427715609606 0.247699527856573 0.295011740427449
"cg14441276" 0.818354820264791 0.816761893155636 0.120424122230329 0.163897064655846 0.110378415290963 0.169028055158431
"cg03526142" 0.836828460626886 0.757162099887421 0.348378780757942 0.136069696336258 0.0727336868601207 0.107684405130042
"cg15535471" 0.824165269640255 0.42007187688545 0.375889738006818 0.228215125854825 0.220810660457785 0.115807495527417
"cg18148314" 0.852492922344838 0.83936156154332 0.269865449082571 0.157524121811309 0.0880933293265656 0.135949869577616
"cg17161520" 0.815643121655029 0.745884960545073 0.119499587615907 0.151837498691914 0.10036529361152 0.193113332263781
"cg08169020" 0.90090863270587 0.893120764825176 0.412497578863041 0.138471932962484 0.0979401663042382 0.165679200256631
"cg07018090" 0.890308120898553 0.189250401832198 0.102691246173508 0.544110270384176 0.483012224294555 0.361471932539446
"cg17169196" 0.898043390009456 0.875177659818688 0.16753882865126 0.223127743143478 0.164952202163829 0.257617382182445
"cg21201401" 0.840416115556924 0.764445693067438 0.229014493405697 0.131141954355297 0.0924631623718515 0.125267530668194
"cg14597739" 0.881060417777987 0.860868823283626 0.147170950976025 0.193168271774832 0.131371173342044 0.212350199894649
"cg11316887" 0.866554298124963 0.812282846813411 0.151063246518342 0.203276328832083 0.112143391644274 0.13603162107312
"cg10699171" 0.811676536821964 0.520873505783984 0.183243770129452 0.114990017103981 0.0984925064289858 0.131072036858259
"cg00446123" 0.910715857875116 0.842205498663905 0.252933039611238 0.134944185835218 0.0909275397049289 0.125291417005499
"cg23954655" 0.745196891985607 0.151910753950701 0.115803191141113 0.0932304428080491 0.113213058483417 0.145274175518856
"cg20513976" 0.888140981504923 0.809617164578002 0.230535025592074 0.102662515136105 0.0592575522485581 0.0953858660492389
"cg11354682" 0.841602283740042 0.109601322582378 0.0894609287397304 0.416764764427855 0.344504627070635 0.0927871854306489
"cg09993145" 0.763131862364203 0.0802104461528651 0.141831180318516 0.0603480551837644 0.0490061355632557 0.0522801075054121
"cg26872907" 0.942934109781372 0.102832111004225 0.903622810128035 0.826377285083451 0.920663953157276 0.845235200479582
"cg23244761" 0.965475733322412 0.157360247018631 0.935819918923254 0.889667407847982 0.951908577026019 0.89167063261604
"cg05923857" 0.858427782513074 0.10638332066636 0.890286817619146 0.779063742680596 0.917814133903695 0.868781119842114
"cg10480329" 0.858563629928561 0.131202111608146 0.88821982372865 0.85489349775898 0.900868102942508 0.87195729334183
"cg12655112" 0.751524239647783 0.121006954314906 0.865075910401246 0.859289565345857 0.925824296123134 0.880164738483968
"cg24788483" 0.919397813398143 0.159002731083604 0.906387055052271 0.830598198772809 0.940650308401737 0.88281351072443
"cg20610950" 0.56073659419302 0.0954034020251429 0.876444433309375 0.836118861312806 0.893390192532661 0.861584440631808
"cg18066690" 0.90287051293781 0.173380490801677 0.899391766058772 0.853844260775971 0.896517539542016 0.870255131714335
"cg13430807" 0.844225844005296 0.115766490674859 0.822573941763453 0.796310110037175 0.870079319203551 0.80142261698685
"cg09322573" 0.644683287555895 0.0965498046059461 0.823421137997832 0.826918377674491 0.869344479052331 0.821136800703297
"cg16636767" 0.87460451791615 0.156854147498795 0.855868385716635 0.842273017020354 0.874267578165429 0.844775660074427
"cg11186858" 0.457468667274716 0.137808137405568 0.917014995417313 0.893286577500965 0.940421735593103 0.885407600012251
"cg12422199" 0.858919946102844 0.0995759992850553 0.701646557157312 0.792063185716091 0.841621701424826 0.762905274962112
"cg08908131" 0.836071731368504 0.119844814533232 0.833575601810777 0.79076968853538 0.823654266750124 0.759547378203174
"cg02244028" 0.820113537694567 0.149929488378546 0.853881025917983 0.819960802205777 0.869237226956659 0.826208782768197
"cg10278149" 0.658231233804658 0.100602848684264 0.770885574791293 0.8149750441593 0.864572175731063 0.820741471632232
"cg02861504" 0.416067371132835 0.0855481565594101 0.847526825610388 0.831976806277188 0.885413707341579 0.839094092270577
"cg10499974" 0.448492996014118 0.087526074556397 0.824761628521848 0.819202913019796 0.889398792036026 0.83422373823234
"cg09220326" 0.577953725077506 0.113465589429478 0.857076047273628 0.82294195539741 0.865888072139628 0.83258096528532
"cg12207930" 0.595777718496479 0.100077691843686 0.816039329768119 0.801044548991775 0.856690463521117 0.821911537646046
"cg22675702" 0.813241629746954 0.127075343131733 0.813986620638464 0.783535867956129 0.83886069503905 0.796249166228045
"cg23146741" 0.771843404958485 0.100770897433095 0.781058644530653 0.785293938976148 0.822281449278914 0.750674019964243
"cg00288598" 0.731237872721355 0.158982779505422 0.91952718097862 0.761416264627811 0.885989560389107 0.882365463917799
"cg00733978" 0.756067044177367 0.114132819849982 0.8311848889173 0.791161976938648 0.819213385354488 0.760990050686224
"cg27366072" 0.715799758679374 0.132579551981534 0.805313761226993 0.828442833719727 0.872893798576858 0.82270144142224
"cg16429499" 0.857430978107872 0.0899100397502043 0.537045786186029 0.796001165679942 0.860879794175697 0.806365462787104
"cg03339817" 0.966481669941322 0.231665976769005 0.816709340886494 0.903303603426738 0.95439074130293 0.916635362827204
"cg10624395" 0.908111343043131 0.197696696283663 0.882897712492165 0.840008787693256 0.891706314262139 0.849394201146687
"cg04468741" 0.813478490009946 0.151965795279791 0.861725579387311 0.775961161919511 0.862662421533051 0.824036528325979
"cg20641531" 0.743962972825738 0.172033164845298 0.873944131937652 0.850338106417758 0.885503884725983 0.864925646933069
"cg22259797" 0.452531554384231 0.0976287778837893 0.886415916850453 0.748972166648998 0.876525106308517 0.854151315179633
"cg14109551" 0.726132769428665 0.155214388503818 0.865028944643992 0.824569916450257 0.879536127946352 0.8352910918147
"cg19358608" 0.490857978373633 0.0991784282761714 0.839051436881422 0.806603617732993 0.851067939711491 0.820848000698339
"cg01476222" 0.860342474440944 0.137196533646571 0.754627226242111 0.82892854767494 0.840280826165454 0.753771804979357
"cg08694574" 0.662885537360926 0.157821963276088 0.876542677829507 0.835955009512157 0.884792342645634 0.852235150730507
"cg02780988" 0.838949214711623 0.131227354371931 0.786644030613571 0.785404607823532 0.817758216511675 0.774321981571222
"cg07002540" 0.706630684827594 0.112376023189139 0.831257558406431 0.769684439658618 0.822627849561345 0.762181611046164
"cg25517015" 0.65777531071489 0.136009117694795 0.855780739138446 0.807042432286387 0.848297888273502 0.821644833212094
"cg04478930" 0.769557385806002 0.180344118017197 0.85146182639099 0.861017043555897 0.895731852390104 0.841805835102259
"cg03313271" 0.364052484673948 0.0952374907724411 0.842908023605685 0.830369946024333 0.877246061962743 0.839678270814061
"cg10690440" 0.128609330418252 0.0864880931880921 0.898643322143477 0.868694665633579 0.914918203354083 0.864942336802185
"cg10933959" 0.321668416635873 0.102225355422338 0.865417015773868 0.839129518546758 0.886430178609576 0.861796631226373
"cg20559385" 0.828323429306592 0.0938419228186856 0.771141846459156 0.728765402258724 0.757774716042074 0.706420266793034
"cg25898577" 0.751528723706801 0.169689319189874 0.884786521466489 0.84027751198235 0.868272162544105 0.802140072344108
"cg21459713" 0.875418398536535 0.200436197358636 0.870232376711849 0.843025561227646 0.873984252811446 0.844957258061812
"cg00091349" 0.403103694363214 0.0692978443066765 0.787989009658426 0.794259478777364 0.837733536504048 0.785298557738958
"cg19835973" 0.934573160946746 0.22158137006726 0.904880925794834 0.831562777437577 0.902601055155231 0.840767833109537
"cg05669832" 0.864951401396227 0.170168302483066 0.71415337217087 0.83100912215476 0.891351486257892 0.857080768076233
"cg23144445" 0.501040578793694 0.107806444666827 0.785998870859254 0.82365174281186 0.865355186182489 0.825088517842835
"cg18835472" 0.655750032861339 0.107430252863224 0.780683825767387 0.758553947659798 0.83159398652824 0.787723135813838
"cg23213217" 0.13829756103443 0.790746502643172 0.513034187700267 0.18928723312691 0.231968621806172 0.452247482788707
"cg15519096" 0.84413553816821 0.848937445936722 0.458671957061061 0.15009317995985 0.15214548792774 0.278869657594607
"cg17078393" 0.853037506514319 0.847290061436634 0.20665716534084 0.255215165282145 0.204737560331129 0.356995395875408
"cg05968188" 0.847501063125183 0.854950860698012 0.653937332020062 0.151358660809515 0.0942614682626807 0.146822352868017
"cg26348243" 0.922450650237518 0.924994038215964 0.3080087707529 0.231706271739953 0.294928675988036 0.50567445964702
"cg20611272" 0.86229071412332 0.86869458625782 0.475707862398643 0.230442842159863 0.178747890783025 0.214488364164022
"cg24010658" 0.869808612669794 0.876990915370122 0.572125523593389 0.14724874946623 0.125952020115921 0.277197898866974
"cg20055861" 0.846484175788018 0.839409232384581 0.136608216843331 0.227753673141223 0.246496256336207 0.359672834570218
"cg07786657" 0.9137621418568 0.918214499216585 0.798254082074597 0.172494134122477 0.110898646511372 0.189474551229905
"cg19510565" 0.773641442030365 0.771111456027337 0.270978853482291 0.155918695394186 0.0976656830018199 0.146001780989899
"cg27027055" 0.848674779669879 0.859162803463158 0.45447859504727 0.210724288986929 0.120562259624396 0.227913173182338
"cg00517080" 0.82987956024446 0.869472940044484 0.106762421163709 0.525145819089618 0.258759764549942 0.189856885817878
"cg26217402" 0.836484654009794 0.882892703237549 0.233060470722139 0.270972444866445 0.256507983946827 0.380182370561409
"cg23007665" 0.626682604807643 0.695254143442473 0.0987165916530764 0.115805076627378 0.0731904413687819 0.116222738032252
"cg02879423" 0.093364016371924 0.749873545920005 0.696797694922304 0.177993150167298 0.10359774257277 0.142843568771607
"cg03961551" 0.79719069412899 0.8049355416149 0.291218113022406 0.185216849480824 0.122756815811269 0.170279187118829
"cg01849093" 0.815763795941822 0.848553255472464 0.256644427051718 0.296893468679864 0.202829226405392 0.201895085796836
"cg14165142" 0.826024146202839 0.830191771197849 0.289673122306126 0.172661234130269 0.140537835629462 0.258528686924139
"cg21577598" 0.812192666454453 0.815769086622853 0.335446292286571 0.112157063261883 0.0985237352879766 0.2136660661237
"cg03916225" 0.788207005311132 0.806861732181248 0.319757390379162 0.155512692833114 0.103276657598057 0.151403498635419
"cg24957609" 0.510044770248301 0.77129481105482 0.33121003284824 0.203598260852059 0.109836663177387 0.140263817547306
"cg13554018" 0.77894166022218 0.788366212367199 0.125177101974698 0.223264922195358 0.130865814237041 0.143251248128579
"cg14364797" 0.211803239804184 0.731331504176169 0.539609614989654 0.152429864474637 0.0520492510040252 0.081417229254534
"cg10639435" 0.450676837367212 0.796714154440525 0.496502088232848 0.177262240980706 0.11317836035578 0.145157898588435
"cg04722215" 0.804752957314 0.860172824095207 0.368660846308901 0.202036914906491 0.137522537934273 0.178535060109908
"cg12609063" 0.635507171275539 0.801265236273146 0.386104647685377 0.138360411675872 0.085115642035001 0.122119790213348
"cg19097880" 0.710968059907234 0.767177067559035 0.117894263503625 0.149957488509668 0.0862530005992768 0.133908170019807
"cg03795574" 0.0751590374082845 0.734070049752782 0.0866570968031681 0.106741468478436 0.168946528870268 0.341221976272485
"cg27106643" 0.959783119942465 0.942025781554766 0.166696372933396 0.934561500482187 0.931964606486435 0.926866143135809
"cg25131632" 0.947352983880471 0.953728410018399 0.218592058419225 0.943620476062055 0.925703774453483 0.921515547353852
"cg13738327" 0.973643016256567 0.968538659566135 0.247178949371673 0.965123846690492 0.941212546086883 0.925271599229384
"cg01024458" 0.934475161159801 0.922422940526786 0.200888499718268 0.890978383775738 0.888841609397792 0.87347232475308
"cg17768768" 0.969628020654429 0.962004952701758 0.263435772709851 0.9701031287191 0.956580044636077 0.956381169574696
"cg05205074" 0.903607190791382 0.899434165583684 0.193374801637345 0.90407931889547 0.885559282909559 0.870577815105292
"cg17995557" 0.88194181708828 0.881084238221228 0.162560377999748 0.877975533572837 0.856207756546998 0.795350612761512
"cg19276014" 0.977698783639073 0.976813757546421 0.280559607993594 0.979273549008084 0.971009070571045 0.967442969734947
"cg11661493" 0.874715400964537 0.87137489951657 0.180866386825332 0.881540103107349 0.875529351222701 0.869270676788803
"cg15532942" 0.883305911325001 0.884301571021586 0.183984380362492 0.878849758417371 0.856249993136723 0.839909285979306
"cg15348679" 0.927757062907277 0.899789332832926 0.252886510156218 0.946316748889731 0.96433698596766 0.946855587008841
"cg14936008" 0.903830702110899 0.896053048403223 0.21755001932125 0.905528724330027 0.895192613664319 0.895047625190908
"cg14066207" 0.949857093640487 0.946178029824972 0.233824374899638 0.871116384760488 0.881424856546663 0.910180464676387
"cg25683989" 0.873377621952579 0.882384849023607 0.200171167277425 0.889537296804588 0.871644212360137 0.865364155002367
"cg12604490" 0.840613316545081 0.855478192404635 0.173656080986815 0.864677633152132 0.857264603912902 0.828251696702229
"cg09469986" 0.891760795066243 0.880384319203859 0.198984849118883 0.884197933340037 0.859813810034045 0.836009062712609
"cg03860768" 0.861914979361365 0.8768467275664 0.176343799993688 0.845210294273003 0.819785597668746 0.816279865990092
"cg15035590" 0.897555711456168 0.897675344112609 0.231612501721164 0.900324795622603 0.898911167461564 0.890859758718325
"cg21596498" 0.88558216244662 0.89409765097492 0.211402224864051 0.856677249021805 0.879170829360564 0.863567554466459
"cg22826986" 0.848995368961285 0.872932699496124 0.154743598601386 0.818673568305222 0.787320730771729 0.766652079458868
"cg26318872" 0.899509094511748 0.893224990436969 0.233138211586008 0.902881416394695 0.89360765519664 0.896109976057048
"cg22381248" 0.875212377341829 0.832761620566628 0.194002889574429 0.878308712216629 0.856468988499271 0.845794936077013
"cg20602300" 0.904396583780906 0.905526407835826 0.239485362354825 0.903935625968158 0.89923103222831 0.897153537941996
"cg13356455" 0.884779166769771 0.896320559095366 0.210936356798357 0.896688828976595 0.860297988787734 0.825326085781738
"cg16411445" 0.982453771376762 0.976532942136821 0.313161621990445 0.981112060892922 0.969107481754289 0.958248190358522
"cg02665297" 0.981482090358508 0.972285100585582 0.315938352305615 0.980497791669443 0.972861319940274 0.970620487884903
"cg17679619" 0.850690241269683 0.866074269309255 0.198557962030357 0.862161958531389 0.858166970985804 0.848946628003331
"cg22212560" 0.87298613180563 0.691413271868959 0.184617889039224 0.889376479175006 0.895268023086555 0.875933791324823
"cg15235922" 0.831130981167662 0.854084304972289 0.190533683818073 0.864949201141009 0.839864329786239 0.845710102760866
"cg00760938" 0.865211970206332 0.875850344571252 0.202994577889685 0.878762612263095 0.854976783258641 0.81822298752732
"cg18184053" 0.826218605399584 0.822558404703173 0.161455375569545 0.872923224738476 0.802577731975409 0.745444207289463
"cg16085171" 0.89674428980056 0.882924459331251 0.229572565469442 0.860626033531203 0.883610077760187 0.882437671202307
"cg18250453" 0.902521059920856 0.90242897853113 0.224341492411228 0.892967251865767 0.859753605917603 0.816018531674664
"cg16654610" 0.862853508486347 0.876927612256393 0.215472112381704 0.868886801027158 0.854999232415038 0.863573977256539
"cg03402235" 0.849496975853245 0.868159270564682 0.227303757913252 0.892598119883161 0.89447814040083 0.87496150784866
"cg26552743" 0.865441500221115 0.863211646816669 0.22192093734438 0.888313135130304 0.878592822500657 0.857545936912771
"cg06687504" 0.919357039945141 0.91150202387761 0.255586930087572 0.916589813287137 0.886795607913589 0.885024670408171
"cg24667756" 0.847766169524147 0.863525770719709 0.182894624825373 0.826576966740089 0.828702785756962 0.787628384002886
"cg23683962" 0.899146356809392 0.90137210661487 0.246178057596971 0.901506694027134 0.890259055090732 0.874949965476201
"cg02212339" 0.957696600577404 0.951229287897772 0.293883878219303 0.932220350829063 0.931849650089326 0.932628437620295
"cg01598421" 0.967072633448867 0.964090221170106 0.31312253627597 0.962682886518411 0.951939991669576 0.949519892593825
"cg01868869" 0.897443727514124 0.895292453409086 0.24844495113577 0.894344327019199 0.889149206041109 0.88813990188199
"cg17232476" 0.878793974209567 0.848287724024039 0.221745651035505 0.86465390369974 0.866260801185092 0.856734989985814
"cg08842021" 0.86055358841274 0.892382098559076 0.228093426960792 0.899028886690402 0.867784770107831 0.819817677951712
"cg11774624" 0.949392449123739 0.948916079399526 0.308846311089481 0.960402590078167 0.951276427139742 0.934733812006906
"cg07145038" 0.877189312690379 0.887705385098967 0.236758866944928 0.888993977587216 0.873720259293825 0.855887362420619
"cg18590995" 0.798662284723201 0.799997111480456 0.186596408334057 0.836502572419416 0.848509052298157 0.843127426587101
"cg05524458" 0.738977444823834 0.861842902191193 0.208069950490513 0.878542689456542 0.873291976375775 0.864273547272483
"cg16185947" 0.82603673840926 0.863631440635466 0.222467917428132 0.885997200719827 0.870651944944011 0.849659451361833
"cg23948703" 0.862674395770768 0.869706713993601 0.217168148668968 0.858558061516365 0.853675551645714 0.827762799585396
"cg27492103" 0.0592091743986253 0.407474227232314 0.690271443429857 0.112163763506853 0.185087216400492 0.389845887952862
"cg20541456" 0.022579235069119 0.0600734012381959 0.583060299263672 0.0550308556925679 0.165160303420048 0.331294876270432
"cg26366091" 0.0529184954784371 0.0321083191727137 0.588202059595052 0.207011043910159 0.226870837401663 0.135297154683926
"cg20450123" 0.0671193218059234 0.168228755540469 0.610369660533395 0.215858929147446 0.184961878043963 0.112246645425933
"cg27049094" 0.306686579754537 0.468663805471715 0.745271548394486 0.113179246171384 0.20199581128173 0.342697763039811
"cg02492279" 0.0340010640879019 0.0383651325625796 0.64380571430457 0.41212779890218 0.360412856456243 0.0596744193872818
"cg07249939" 0.182500285264515 0.218217055798237 0.661730527911126 0.302085438283611 0.179239923805937 0.0953904568104602
"cg02779913" 0.0316119252681497 0.0334132922910907 0.648599301490158 0.354962572723226 0.313863921530505 0.163738462612332
"cg09076077" 0.0838661138464314 0.0788432053846219 0.691848777291122 0.472356044271277 0.356170081952524 0.113605714837861
"cg10057264" 0.121415907245076 0.180287150252092 0.663346024462987 0.0802228115771055 0.286288638771687 0.306353712856295
"cg00970435" 0.0854961065354456 0.223190308378657 0.599788101988298 0.156837168867857 0.0780506807445981 0.0927154367718134
"cg20236089" 0.176110772336944 0.0639635391138065 0.567710009632224 0.11650037638008 0.0790908899355651 0.053465652182557
"cg10054641" 0.318073521974872 0.338925281434986 0.665511515814917 0.134373875367655 0.083866210387985 0.0921867322807528
"cg22286382" 0.0505655364808912 0.205889374593628 0.580690562270095 0.0874860022786017 0.0712027479161656 0.10602491184603
"cg21278103" 0.09352981155893 0.124991242977397 0.790719626122222 0.418807265655255 0.461085097566371 0.460907723750476
"cg02734358" 0.534848837700409 0.0549178262419389 0.729179156173394 0.352656493045107 0.28203881331315 0.0734172365283935
"cg17950348" 0.0493383266999344 0.0676958548509846 0.707530717711403 0.548752683973983 0.360146293017821 0.0874827407130901
"cg08698943" 0.367013860196898 0.103701432126588 0.744373722426487 0.200614636602097 0.34033678233446 0.3287839767376
"cg12033075" 0.569616790611956 0.632899641004397 0.808032013402797 0.0570800291652029 0.0951412995822492 0.285950107271933
"cg03798942" 0.0897796485303907 0.543667920566956 0.685834001348134 0.127185050651662 0.117314374661028 0.104268344693942
"cg03889263" 0.0724914794158548 0.0690791274748012 0.725030127042015 0.0991014738666598 0.349667783314142 0.605538743312363
"cg27507284" 0.0567635876957269 0.0612162764689991 0.657391733529431 0.35254715101709 0.252201489615052 0.106983463648387
"cg00902153" 0.0790096559481426 0.0481434029694417 0.709638294891531 0.120273708830275 0.294666974308537 0.561386411899572
"cg20317872" 0.6534778588494 0.351376049451585 0.751098678464842 0.101304919845175 0.0953597942313809 0.127352597360004
"cg25983531" 0.0830999218165819 0.091627064563679 0.725804513397963 0.445463471664753 0.308645636671724 0.169976432128576
"cg01054402" 0.0578639942411776 0.251465868963125 0.738194552386194 0.104759281073097 0.262831301332183 0.488989697143393
"cg09849688" 0.0516579912970129 0.057636937547902 0.639599461559077 0.207246027701612 0.166388206628214 0.173610096488269
"cg25616055" 0.0353060251166517 0.084719531960239 0.587395661432245 0.0589033806527025 0.0864945377737834 0.12126092280938
"cg19268695" 0.587425292335336 0.153349191792714 0.709108447999308 0.0884701200369312 0.0830927700942559 0.0922628860752127
"cg25518868" 0.0403377075743755 0.0465796618559139 0.605194005165709 0.0815408346427468 0.108574700782531 0.152571129516673
"cg07725527" 0.101139471011092 0.139186010838512 0.632863190571162 0.102157741623621 0.102952969803906 0.115337935554642
"cg00619207" 0.484125676730059 0.12723812839084 0.691357283861935 0.0915459939591597 0.0898776151180359 0.0996345572363078
"cg20380468" 0.152581031406421 0.433219505908583 0.782149687436686 0.0855021531276022 0.181920517803479 0.426075473330705
"cg21291385" 0.0805945568906528 0.372756848110236 0.698815469865837 0.127420138242637 0.118106431779314 0.152812076654955
"cg15906007" 0.0999915179453294 0.266615864239916 0.65541735220153 0.100907688479938 0.0882083336024387 0.0860132878989598
"cg00058449" 0.196446591366165 0.267249928559734 0.747230197417155 0.377392604593986 0.15913926840138 0.0871968211553082
"cg08682625" 0.0576397062852255 0.0688449291058859 0.680355357185082 0.0948995995507941 0.187709292873237 0.29909712031976
"cg23792308" 0.050244319243556 0.215912392701777 0.640484855262023 0.0739371827660889 0.067935734034088 0.0887769181923619
"cg14317609" 0.0447867453251677 0.0471714722268485 0.607790859544461 0.0615336261331942 0.0851015314220653 0.073367507501956
"cg07635227" 0.0283312943948348 0.0305676250467279 0.700524235527204 0.10061896949179 0.222762925513258 0.387670854034078
"cg01156249" 0.05082154771132 0.0541259714741488 0.81129207561094 0.243325992254109 0.370144799796076 0.579205193756375
"cg08560387" 0.0311299828313136 0.0383298116201515 0.60393817537742 0.0634409376321724 0.0445996812381883 0.0465531606158111
"cg09300089" 0.043168519174929 0.0528089793852718 0.707311065319556 0.34085290073773 0.153165372530776 0.0764384237597332
"cg23357708" 0.0542700616118421 0.0546062774304774 0.690886206817054 0.117726972046739 0.165791278026299 0.162015192627633
"cg19269039" 0.387784534742389 0.131233839442714 0.722253061610604 0.0662755995188283 0.0671937568083223 0.0874311932317338
"cg08864105" 0.0615454860220529 0.0612566089765419 0.67516564668701 0.107650504780626 0.115568952900067 0.104050539700622
"cg25336765" 0.0572503252530693 0.0585731875077418 0.750635436711154 0.299497092342304 0.239117951935095 0.117147770120987
"cg24641737" 0.0610429442196318 0.0531227489252591 0.660157121660741 0.0603329601349732 0.0602213158346365 0.0652344232009147
"cg02606840" 0.0358799593513904 0.110777088183965 0.699263826347942 0.0458278287564454 0.0388250460316742 0.0568709959709499
"cg03429643" 0.0346454693382661 0.0466871494278374 0.697189520068783 0.0471142128669602 0.0479404633770701 0.0549317389673925
"cg00366435" 0.91778597072442 0.925252689619817 0.907390466154512 0.172363466199765 0.537578793020081 0.873776589825736
"cg07679948" 0.963289821005153 0.968902664886376 0.956835070247325 0.235868544195165 0.587754269608524 0.935447143280668
"cg16452866" 0.962337918314001 0.962253408937294 0.952300463073478 0.197734714594113 0.442826027662835 0.901154431086199
"cg26852712" 0.934246106716114 0.934388724653838 0.837112205443722 0.174924543014099 0.560678767129748 0.832799999432036
"cg01874152" 0.893059527077625 0.91285120624514 0.843261075425431 0.174429578072647 0.601466740550881 0.836947076897983
"cg11848483" 0.914635444880138 0.913842173797451 0.888165949368544 0.178061256137913 0.442384201322021 0.882830535118086
"cg07015803" 0.942336537138162 0.950087577330425 0.941842650398935 0.202693538338628 0.436860942440248 0.882742174175448
"cg03388043" 0.958098558096634 0.96311968973907 0.939634696948993 0.141887513251842 0.280844499398745 0.70497473130262
"cg06915826" 0.86596253943637 0.87250153019235 0.866764153327277 0.158468111989422 0.459603460048418 0.825175210979799
"cg04347414" 0.917743668611746 0.931393933077515 0.879921362673916 0.172516208990711 0.354350140994054 0.862427621465924
"cg07970799" 0.947685147641611 0.944822161777699 0.919868267445532 0.230252930729013 0.595202527531909 0.754084623115877
"cg07713946" 0.89704706492095 0.903738988019711 0.891610187366506 0.182196405135154 0.420490288004357 0.780556823239017
"cg10837404" 0.912416944344078 0.917551681124597 0.910998886047239 0.282823082095598 0.765110968663422 0.890231578990087
"cg26166854" 0.880733920815889 0.863489768139321 0.847759420051984 0.141583085251477 0.491019100905024 0.603638940860672
"cg25486399" 0.795265430007825 0.835605884957745 0.850883175685573 0.17983135830375 0.554155389120955 0.813222225266373
"cg23357533" 0.878075055833384 0.888426054670846 0.895372249483615 0.238071184307675 0.601824094954287 0.87200317452308
"cg24662823" 0.901487290334548 0.913081648659813 0.886760403505753 0.195123466914239 0.490952806909691 0.728079459547564
"cg11157440" 0.875471885845538 0.881933863517555 0.901099319388781 0.278413545806734 0.814193749255234 0.849850467553572
"cg10240150" 0.860700104605151 0.873828872678994 0.874914071817342 0.185977025000874 0.457335192099141 0.786177079119436
"cg12353788" 0.859087112077167 0.876915835479817 0.875275312172116 0.204362901576661 0.49575386398578 0.829732028156516
"cg23896695" 0.850023380953989 0.879824981395083 0.833561540449401 0.185124255901816 0.447187413305929 0.824833438768501
"cg05705140" 0.886943021605025 0.901489001032954 0.788198442594726 0.175427965530181 0.444279198919311 0.770656513245579
"cg13750061" 0.875229825234732 0.881372020629039 0.865504172952321 0.175016797303554 0.361235729573452 0.796701441987317
"cg22230912" 0.818297911176574 0.882162465230231 0.890794073567406 0.193899734503861 0.454333644631613 0.821237500038794
"cg18735089" 0.913633765761199 0.912562317751342 0.894468356186035 0.21357189135391 0.448392414780953 0.794262902511207
"cg15114607" 0.869123196034936 0.87248798869288 0.851426089960531 0.190800547435304 0.522175670628882 0.731630815181962
"cg25599673" 0.863583227493892 0.8642043427091 0.854188311903129 0.224894333356344 0.564473690248537 0.864485210228963
"cg08338281" 0.901518174287787 0.897999356939803 0.794162834831426 0.162256080894591 0.345647064539102 0.763052115387954
"cg05070273" 0.900647898082283 0.903300271041841 0.902778553443317 0.274795498690361 0.656979914434914 0.889770821746312
"cg01490728" 0.846466609370168 0.862976198427317 0.826642702817193 0.198942579135828 0.514481880742888 0.810797039852041
"cg00620024" 0.90183200559662 0.903753540329913 0.886479507968515 0.262565169416305 0.636136384599631 0.844668251030984
"cg11710595" 0.895377636967049 0.88757893842479 0.888452554279224 0.263590881527605 0.686809654764252 0.818141534217444
"cg20661080" 0.873964105844158 0.863267926977076 0.846984438065112 0.166562907166987 0.377782800109202 0.720074831233227
"cg15564619" 0.722196240557817 0.574686237278505 0.870735381833856 0.128049575893659 0.459578595817321 0.859215359451549
"cg09695307" 0.881315478430682 0.899832605564786 0.832313759659884 0.211762300420647 0.488595605313227 0.795473882528538
"cg19296305" 0.838435928169157 0.841248320322282 0.855374928817317 0.194831352669492 0.443976970732713 0.817390129756087
"cg16230121" 0.857593912763294 0.858138801249875 0.839459396772136 0.183569108459754 0.405578065124388 0.772463299517238
"cg15227911" 0.774201054440771 0.787552679834161 0.7368370986071 0.0660056101132535 0.203750095618864 0.642015640614737
"cg00122659" 0.822247374122583 0.861019441370368 0.831799209193098 0.170390214226111 0.416109570896452 0.728398672458346
"cg16775598" 0.879629652215401 0.880681328151613 0.881482816969069 0.22142896703279 0.454049096095165 0.817219343393611
"cg24462702" 0.902907518033954 0.912676380377664 0.923979573470114 0.339741756181353 0.884801412898262 0.867533133573091
"cg23723835" 0.854665087938495 0.87387439298175 0.709822564141399 0.180660745642185 0.452305766381339 0.811618901639723
"cg24441810" 0.862896951641554 0.853691267543591 0.765593740835852 0.140712093112988 0.282640553440246 0.735087692987844
"cg13992008" 0.86077263715508 0.879639633900853 0.776747073623733 0.201566241382748 0.448476217162921 0.835950507727436
"cg01040649" 0.871545672072874 0.882570388115315 0.82696746150922 0.236886929639505 0.561449728146551 0.832452026249276
"cg09526469" 0.875226731998793 0.869963214898199 0.676529499222347 0.182438429973566 0.514188467305108 0.769620164736707
"cg02661764" 0.811009413594493 0.779239324928956 0.854093687504751 0.233508246140892 0.652122257126614 0.848060764155519
"cg16193207" 0.865444854234309 0.870326480801561 0.851490705250553 0.218213369885425 0.472933407251223 0.806348798735037
"cg10111816" 0.820454027153395 0.852579727249555 0.82782879291057 0.159388331286774 0.347693755786697 0.721042316052199
"cg11944101" 0.738408262263503 0.782672062329448 0.850271340475379 0.248810060722191 0.815702540656674 0.822901711493359
"cg01233897" 0.0701026314736808 0.0658563455568201 0.080253918138928 0.646213939757683 0.515005109511568 0.247836193843566
"cg16261114" 0.075776288782098 0.0826375090101805 0.255258442031379 0.77597774833733 0.698707589696768 0.500634648602207
"cg19369955" 0.070700762759822 0.0634329714107911 0.163809188521657 0.690249191668315 0.578169078910728 0.311630433098801
"cg26501007" 0.383197136018483 0.124607734298326 0.135454063767774 0.687212593459372 0.437339632073015 0.117615499860391
"cg06760238" 0.0765748233001748 0.061874276895119 0.456977969819818 0.71799183672696 0.532444665890535 0.168926347667494
"cg12799049" 0.0618484002652117 0.0563329290891098 0.636604583183738 0.762450342704128 0.579282096080638 0.168203359111832
"cg23570245" 0.0700489389405714 0.0671012184426224 0.0996290938908644 0.628320513329353 0.474324369982207 0.147063657876875
"cg14134003" 0.0412892536361759 0.0410109630148942 0.186903303573267 0.583723863618692 0.292672644376242 0.0608294017205506
"cg25025181" 0.0509949395095699 0.0374847414219578 0.181110804788536 0.70626954625988 0.630572063662724 0.330800777733217
"cg04905719" 0.0331994282040247 0.026531027299664 0.0520730921071314 0.601359470314843 0.47246525319669 0.126175396865207
"cg07220903" 0.119521499301484 0.0870376081383836 0.510117924793239 0.71871410351299 0.476356200552998 0.0842940901153276
"cg01231183" 0.109118234694976 0.109706176164117 0.0957985112011869 0.726239705938859 0.598174855666704 0.417935097805867
"cg09169413" 0.139405998198792 0.0746815705200966 0.0958036189143883 0.737160263854055 0.65287995318514 0.417085291680115
"cg27485845" 0.41009915207109 0.104837781454128 0.289530289956497 0.715132372433083 0.377926435263294 0.0969479199332573
"cg19548859" 0.334634567077335 0.0643986269574765 0.127540297963228 0.755831102488369 0.613874322766833 0.342376648606633
"cg05228359" 0.0373838624376586 0.0364699391318856 0.0690101268991489 0.665729851408057 0.543128523806382 0.317769386225648
"cg27027151" 0.167975574378717 0.165771343807442 0.0772285688713655 0.63189486330184 0.282303278739009 0.13758438686867
"cg04244970" 0.0507118701737433 0.050401975148868 0.433366938472992 0.673253708073443 0.390989764059314 0.0850022928445811
"cg12836863" 0.0696129768368108 0.0809217339375061 0.747996356801693 0.808309882286581 0.559845021332255 0.209045257221108
"cg26564117" 0.106991691132739 0.0936367268710573 0.521877394727369 0.729712963018757 0.463194819363349 0.102688224734509
"cg04682193" 0.0546604992342153 0.0639782770512772 0.750911999941131 0.780615461127846 0.531035246646326 0.120535628063934
"cg21495704" 0.0966895149854629 0.0751068590048183 0.606916341366332 0.782965771761212 0.58902527943811 0.173788872632246
"cg04742550" 0.0246587193590951 0.0292537443267708 0.400412296617297 0.61634260016529 0.211994895099666 0.041508854697157
"cg27058988" 0.0333105839686203 0.0314092416424089 0.0526330508052461 0.62208325797523 0.398810534984638 0.225649784595949
"cg16922167" 0.0997629256680411 0.0922571838752962 0.214170583831698 0.744825792377547 0.613253353506537 0.322834988115308
"cg10099758" 0.146889848189612 0.0703195186116249 0.0933591381375226 0.63792393407299 0.408067973367316 0.0928196924236651
"cg04642300" 0.0463688390459839 0.0439871761856909 0.103053220254813 0.60962853155148 0.409421407695371 0.0571139203575555
"cg11787160" 0.150552154018033 0.139940130385129 0.189612950368312 0.760378250596815 0.612803401114437 0.320731835947451
"cg21360910" 0.121534963543307 0.129137850938433 0.0944396624796336 0.678068179876062 0.444524904076556 0.211389579899617
"cg26923863" 0.0464126491431947 0.0396893096180279 0.474090266086639 0.72712310674989 0.492025206994304 0.158845273500308
"cg09662852" 0.0557526225664459 0.0564775122566443 0.1052360053877 0.627785828398243 0.404908232419588 0.0758878545404726
"cg09037630" 0.0513496378778427 0.0403368747878675 0.0526147920686024 0.619009365839913 0.424513213571713 0.0667653490401867
"cg18739675" 0.0663825705848908 0.0472857918360469 0.599363362199961 0.757015317529141 0.496897534596883 0.0881839950834963
"cg13448978" 0.0582767060737251 0.0371748000655398 0.117028811348281 0.709406458227962 0.576430634741272 0.28207029166362
"cg24049629" 0.0517699239827874 0.0585197043591013 0.136652303876781 0.62626544885734 0.339623852415235 0.056478523868509
"cg24457026" 0.0651337443453092 0.0615689022634942 0.134657760623435 0.702621162852577 0.528949775210646 0.232217694033213
"cg07837085" 0.0688654336980477 0.0767722004353814 0.38970331651538 0.723433230102838 0.462557662138271 0.112655934352962
"cg06650256" 0.078808949911139 0.062104836159936 0.463086145350458 0.80063683712821 0.597276939522075 0.26850430342315
"cg14181576" 0.0496189781501009 0.036556757836957 0.0653872195721605 0.674965326317754 0.50362071965471 0.198698713629426
"cg16097858" 0.0600986174711239 0.0666786919330145 0.0781699110153524 0.683624848716117 0.515706766240637 0.175128851502885
"cg19628988" 0.0694653249386083 0.0421028616643778 0.19936655589323 0.691867906126976 0.45575484338293 0.14968820390397
"cg25729350" 0.0661660251949546 0.0556328893930268 0.0763722040486608 0.646320940991381 0.375819325337785 0.116412349981904
"cg25978218" 0.0512594692228438 0.069146012231851 0.214877996083365 0.670450235523341 0.409281245786517 0.0539273250678345
"cg02380585" 0.035180025498239 0.0284376552449422 0.033303416646137 0.643543991601283 0.473349771827153 0.100019753894875
"cg20455854" 0.0844937401397905 0.0570102247577179 0.148187598821694 0.718952384054321 0.565102271600465 0.188153494693852
"cg25394505" 0.118081312565667 0.0941156690052527 0.157891259863668 0.703967394971193 0.470659497424987 0.113285856938377
"cg12465678" 0.0751674957975914 0.0647127687613181 0.548277200585466 0.783535149485883 0.532152412408853 0.0992738542194582
"cg07785552" 0.0791279876808598 0.0686840808192061 0.0871940109690915 0.711122102244703 0.498489200845186 0.169894051182944
"cg09885622" 0.225174830556217 0.121336129241107 0.30498010233858 0.798598545492458 0.552662940960025 0.109358613208519
"cg13468685" 0.0656104827892414 0.0703274971439188 0.248829459716335 0.754582872575121 0.507918462996239 0.0990423209394238
"cg25939861" 0.85843718996378 0.846391406861086 0.825741317965098 0.723760828848497 0.204567140485425 0.605756086489681
"cg04042333" 0.960081303897334 0.958703142460735 0.814390785917152 0.493419138259875 0.140524116312872 0.15114737362174
"cg00219921" 0.884687544069858 0.888576004520147 0.894408536997137 0.810311525373258 0.33562956686723 0.807579537115979
"cg14094409" 0.950559495591037 0.955409118109518 0.815214255251056 0.439333768491452 0.167231866109971 0.240894007366676
"cg22512531" 0.884855867202238 0.890204944355461 0.841297005024492 0.38205018311992 0.151049491693249 0.303551174460625
"cg08691577" 0.879935387280494 0.89303902009757 0.732672274845097 0.844640746060238 0.20846067063191 0.186541455420742
"cg01801643" 0.796586726104476 0.822539697149833 0.779215745703528 0.514526161986204 0.118503526860553 0.151153861487165
"cg14506192" 0.88850272485292 0.881486968540877 0.804752876467474 0.534937333545708 0.177364384958755 0.224512176003631
"cg10977115" 0.894825429170101 0.896096541872249 0.859253631360229 0.37006924827077 0.184303366247699 0.342871587021662
"cg09032544" 0.936955651722261 0.93749875450727 0.824009272454924 0.237135419856396 0.150169671877667 0.259777972100919
"cg00277591" 0.880496606427801 0.898612504555758 0.834253522078706 0.177380500906714 0.113599656809092 0.202738941515687
"cg08418872" 0.905279511098557 0.929974123826537 0.872929262116424 0.606189195434334 0.247979781876656 0.328898475147835
"cg23752651" 0.870021860711069 0.90678407776351 0.880482134239966 0.669091821414518 0.253653867465852 0.33960463593298
"cg05356800" 0.889508628465417 0.892522603731685 0.840404622368974 0.79110892224382 0.273693337325172 0.345450597990589
"cg09453312" 0.872372464426112 0.869590667193872 0.823066487303102 0.151057490214239 0.0927352537929363 0.146256195811268
"cg20042612" 0.958406751069758 0.960731901110565 0.904238939723271 0.704624167553439 0.285091486439076 0.277744228128992
"cg12748000" 0.918509728574777 0.916975126142086 0.885616469630425 0.692811213834415 0.279274842395513 0.359328704566102
"cg20894640" 0.895990311479468 0.885382059581032 0.830835595898194 0.248117326269605 0.136514908315323 0.207809075684855
"cg11760500" 0.897140030612956 0.886560761373642 0.77540290379727 0.150100024294253 0.102914481722201 0.168940622282637
"cg27008565" 0.848223482975587 0.82991567914682 0.788529365797588 0.333882744508891 0.13170057117043 0.174804763058652
"cg19529732" 0.848700377443845 0.862394261131092 0.678905626367653 0.222594212220387 0.0835918257209024 0.127426022763467
"cg15046489" 0.872994707346465 0.874838403552536 0.820219645828195 0.204661427768041 0.130745626004917 0.183671204473804
"cg08450017" 0.915566411539409 0.924291212598059 0.865008508653078 0.19376514657014 0.191531318643938 0.364751034428382
"cg08109681" 0.855983378101379 0.867424939562731 0.79062944817699 0.192166158468985 0.117261761334479 0.179649242760885
"cg16093065" 0.888675110657901 0.892779287801882 0.85245922206281 0.196843468909563 0.158216440875192 0.258012406057479
"cg14696926" 0.841334114266825 0.843378270501441 0.754538732945128 0.138421089823927 0.0838773102833536 0.129418066202254
"cg13584531" 0.810393974642646 0.859950214942838 0.807894164620802 0.16298915522905 0.103282596585113 0.149188919393579
"cg21330949" 0.841530746475483 0.841545987235932 0.762185436744134 0.21393050753313 0.111644665420422 0.165330978792789
"cg11583544" 0.863432289944576 0.862959016109678 0.817708405035357 0.726584928612951 0.255513934941104 0.248423857734357
"cg23074881" 0.848795378136708 0.848818928918214 0.745030063987899 0.160033252212573 0.106917612403163 0.192660978178689
"cg17477578" 0.86436589008791 0.874819734529404 0.806420560357294 0.171053548781445 0.152131268287959 0.303265167569569
"cg10161121" 0.891509563963601 0.880972472296586 0.774279180279094 0.180273094695236 0.126923539858669 0.165814713588571
"cg16469046" 0.801998004392179 0.856188767090202 0.800544256152311 0.163241293693144 0.108793469556987 0.165963688599772
"cg16374333" 0.870214142631101 0.885130459625674 0.837223920547837 0.160953653612732 0.169279901957617 0.332830260605799
"cg09354050" 0.851743194198708 0.867487844015489 0.800505488406484 0.159229609278711 0.143574002232012 0.277956974039878
"cg24064639" 0.844505229472916 0.841128367464931 0.783420351644965 0.196579869259672 0.125316712042737 0.198133095761246
"cg11804414" 0.795675818512568 0.833843819211495 0.681582263555714 0.289216131363504 0.107166888407456 0.162582295709333
"cg01557221" 0.847722610241377 0.836801924813012 0.73394669924615 0.521826286456109 0.191824173894699 0.24053402350359
"cg27183791" 0.829869366808658 0.810222714449637 0.726955071162144 0.550161337982215 0.163091875981833 0.11043949273233
"cg03062881" 0.727459065629366 0.816867735894163 0.822179636132197 0.540987873600597 0.195767125695911 0.267314188591308
"cg07586956" 0.892724981664785 0.882730865845806 0.7207616925128 0.598380255860691 0.20679058445802 0.147341455610019
"cg09043214" 0.686319875451994 0.769309269679655 0.80601911232131 0.505406731539902 0.156636430259676 0.200711358376962
"cg19667460" 0.837213382261028 0.842952592972456 0.804637144520984 0.174670599250649 0.12118066312857 0.155296078098281
"cg10099732" 0.924958288128226 0.927515607200532 0.692148073966192 0.208985808277194 0.169022451035178 0.309426764739127
"cg27315109" 0.86332240867742 0.867502137690436 0.779338138529291 0.17477040372446 0.152229346643081 0.283981229515321
"cg05627765" 0.852254591357206 0.843296084348619 0.778777426663692 0.395188422907463 0.188436838880563 0.269994471280174
"cg05799811" 0.782598247242915 0.78777268873158 0.688507410718548 0.0845125245777511 0.0463215573312734 0.0933477805275419
"cg22689323" 0.866482036541459 0.874007711467537 0.845635995952547 0.18723377075674 0.18779217085528 0.368637262673264
"cg18674234" 0.153124002587898 0.10953571407399 0.216580599606454 0.702392003479011 0.771006270507016 0.700972143281531
"cg06707899" 0.1767418471075 0.126436361940157 0.1738696931203 0.7322764633577 0.785508494027407 0.743855205212315
"cg22539431" 0.0667469665185372 0.0609764673998139 0.225495354829895 0.763157168093477 0.742365349506891 0.606645678630696
"cg00201133" 0.0677976154175437 0.0647837848768612 0.34519063524153 0.728301628137869 0.781962935642003 0.705924016837067
"cg13854219" 0.0621197709917666 0.0466309152539943 0.179355754881456 0.697325649051236 0.700451714641643 0.521834794662016
"cg08772789" 0.101028268093159 0.0870864383632445 0.144911513700546 0.757234842880161 0.752047576877317 0.676218650750144
"cg23950714" 0.147850911879355 0.154289793780487 0.252761958038668 0.700496740999924 0.794105069259948 0.721806902929156
"cg25823926" 0.0718293686234312 0.061273933552713 0.105684612423652 0.630926749917467 0.702204869627118 0.644205959714971
"cg16824282" 0.0753041918695729 0.0892519218317134 0.184404378996076 0.762785324575089 0.752860190246435 0.644692640102405
"cg05976283" 0.0997164095056985 0.0784976525792952 0.189746721061243 0.604647153456606 0.733815499213988 0.687331779308009
"cg08178956" 0.0690919449951855 0.054597603725306 0.110065030880318 0.525647662536529 0.688794020444058 0.678700252935376
"cg19118951" 0.0504033380937422 0.0623336857637245 0.268991346361181 0.567879952420883 0.706590914081151 0.564903951299317
"cg21281463" 0.0760570532049895 0.051293143786122 0.225094733332565 0.726752254399792 0.757097454346684 0.687489966527829
"cg07799277" 0.0676099607880106 0.065843266152475 0.135933720095612 0.615628260748848 0.683626739337603 0.508359021780762
"cg22767754" 0.0747833062075874 0.0683790595525792 0.108433919133082 0.669814680201153 0.720793949327606 0.645139432937916
"cg03677056" 0.121370605137554 0.110016641260807 0.232520375532261 0.66848925530002 0.796803418415581 0.805695088385501
"cg00423035" 0.0720506344340251 0.0674661566095591 0.184005422327831 0.352109274162038 0.687027588077548 0.717231209285654
"cg08215318" 0.115380055426815 0.0992954299747131 0.275127432552224 0.58111688375377 0.769326769725892 0.717256239694563
"cg24401262" 0.0413536406608037 0.0393215381756936 0.133608786201043 0.711161433277393 0.713551454888054 0.576733267279059
"cg03746834" 0.0874177683304697 0.128421335531618 0.177720584015901 0.745960798284565 0.789585105474119 0.741780366458427
"cg26402417" 0.100295437719008 0.0692565818061177 0.188166625523721 0.780318781898994 0.764474885212352 0.608092871125184
"cg07834069" 0.0639085680280908 0.0595876668263737 0.243055542775881 0.796238645754409 0.783116831797357 0.659765273370921
"cg09704136" 0.0480742197270293 0.0459357958130696 0.131683940053209 0.683014590689521 0.744196040192536 0.72517556214934
"cg13795831" 0.151408294004767 0.132927149420375 0.248540830917095 0.747235796316236 0.811504950066022 0.67892258750537
"cg00409104" 0.0750251473080552 0.0774896897154024 0.160445445713549 0.702183530427673 0.765431293423296 0.71253457161642
"cg26668919" 0.06278452937718 0.0635199902935521 0.190772901100435 0.535964070613577 0.733548357828854 0.715739550955779
"cg18522931" 0.0640021622148588 0.0641392582380481 0.100175783309708 0.70076405817551 0.738434475357471 0.659178640562882
"cg09888840" 0.0875067124536089 0.0721287063249069 0.19166751386906 0.745824196004414 0.789520911857125 0.740008776764542
"cg05389236" 0.297102107836742 0.122930065029488 0.256063266058697 0.852737791099128 0.896550895993405 0.857150482566985
"cg15945333" 0.0629776216254613 0.0589389255340767 0.155816473404415 0.715401599703812 0.769403610952173 0.727979353906384
"cg01925950" 0.0893917699224378 0.0500706852435456 0.129454195197712 0.729590089984553 0.76021977870657 0.673651192309875
"cg01088404" 0.0546163936275446 0.0547406256287637 0.210158779184908 0.436893884525245 0.717413256401379 0.698614733149156
"cg02520804" 0.070000859478675 0.064846137872272 0.192497609960337 0.732143042363953 0.790395803823153 0.749873184784549
"cg20048655" 0.0685943529112742 0.0846548593292972 0.100799025773467 0.588234534412302 0.717155790993277 0.60516998511105
"cg18907610" 0.11002788288138 0.0809545712462588 0.189418918094482 0.767108770788524 0.811722436607672 0.754668443172655
"cg18150584" 0.0504443984853178 0.047147881877994 0.17651757095765 0.764936439064379 0.765646417286865 0.618354793241963
"cg10376161" 0.0785143495599868 0.0569803457870161 0.143923453051426 0.750806987291684 0.785756788371387 0.732906223661757
"cg09145126" 0.0640895329140345 0.0584651229077906 0.120155240918563 0.682339272724375 0.739954085918821 0.607003544032952
"cg19782686" 0.16574383535868 0.0713833905731544 0.213508280150106 0.737096409306465 0.832120467971024 0.779069983850228
"cg20049422" 0.125981966603582 0.0638654109904523 0.202938892568894 0.724832737694893 0.824645138097254 0.798749359401165
"cg22152931" 0.0760382298737401 0.0641065691568237 0.155733870932919 0.792182432561741 0.814938781119561 0.750465215142438
"cg22742001" 0.0533492138124153 0.0548522676584066 0.138815855250197 0.787159821854595 0.798884055995054 0.710606601292447
"cg07671644" 0.0422421190579771 0.0484075523873938 0.110859183121111 0.495054557892476 0.714623213481605 0.637699169055081
"cg23671196" 0.0667911655507426 0.064145529793244 0.159188493852876 0.724418955812684 0.792972591403634 0.696411199504479
"cg09287328" 0.230987584257311 0.0980389480887467 0.148811893126135 0.870384731765001 0.874311490491543 0.768055581872049
"cg08545593" 0.0642465418919833 0.0598697729079566 0.189253268737344 0.765206643527171 0.828500535209976 0.787731998662985
"cg15982099" 0.0755367897913561 0.0596074364210362 0.155139438588775 0.769353726170786 0.817280917072958 0.742885280071876
"cg24448340" 0.0540460210780868 0.051659768115862 0.164214968792584 0.778441772762174 0.820952095555398 0.757710553183389
"cg15935770" 0.0751657862875225 0.0520590172833076 0.17428386364833 0.791007968090831 0.831377347200373 0.749401387044706
"cg23249922" 0.202629640774034 0.0442945878051632 0.123072737908192 0.833879005225789 0.901580442622716 0.801097945085468
"cg27582527" 0.865907419854381 0.870671497791938 0.766298443280719 0.844053735420285 0.415586325143789 0.0905036749852218
"cg12811871" 0.978803029626683 0.973924380856617 0.751156796152706 0.9706491931078 0.532124532875166 0.196220579878119
"cg06202778" 0.862805059305116 0.835083468948448 0.838071850023536 0.868025233445066 0.51824084215532 0.1530381993849
"cg25383568" 0.965861238035046 0.956727978464042 0.85718280784494 0.943571194548564 0.542275627588557 0.224658461294902
"cg05875239" 0.919278364372521 0.908968217486032 0.81849090490437 0.90762912166447 0.526774657082319 0.189802527432185
"cg07307830" 0.891548169530005 0.891509304879327 0.839481409823225 0.828332550493658 0.506365059944024 0.165898124616327
"cg15956469" 0.958466215008819 0.952649019690812 0.894577321073269 0.954033110991546 0.60514713468531 0.251385119781406
"cg27309871" 0.887615284864181 0.895971740111643 0.837978290221224 0.892584758995911 0.563468097193899 0.196964762384681
"cg02384859" 0.903187377498903 0.900788102239419 0.822459898839879 0.884298980136229 0.516384942596515 0.187316698992833
"cg01940139" 0.897886650686255 0.894934373919743 0.856229842789233 0.862836105620529 0.567363432704856 0.202438653191847
"cg02150910" 0.871260394436596 0.883108533283517 0.800029507710728 0.869840110584436 0.526271948641339 0.177192781746658
"cg21634628" 0.894250234450388 0.889081756147415 0.777674454639364 0.832679641581223 0.50739401425585 0.167193244565568
"cg03538296" 0.858569197629488 0.860400341252822 0.773845493872261 0.863077953487262 0.459320307832583 0.152125136995455
"cg21474838" 0.89328270880474 0.897031336861005 0.856160140097091 0.852303537090203 0.569166362482314 0.203395751950037
"cg06040872" 0.852565070849097 0.892391490051016 0.833598991343946 0.88606485999306 0.511820762997513 0.187419847035154
"cg20657709" 0.88282621521801 0.874023962092564 0.828408496869552 0.874589758918001 0.54394303400165 0.193403059257727
"cg12531611" 0.901559391729151 0.893395151182063 0.8459138175684 0.88932015424233 0.57459846440256 0.215081460535896
"cg06022561" 0.832602759041448 0.887422069375037 0.79289877171387 0.823083882607032 0.437387303698487 0.150137396540634
"cg05653887" 0.876292447237213 0.876934778531824 0.807104961945872 0.873809549396961 0.512824191327882 0.184563456891461
"cg26934362" 0.862237143295561 0.867119734535113 0.723199637722551 0.806080896688188 0.362243496629587 0.12101979719994
"cg19696012" 0.883459752759582 0.896518883115745 0.840515217619343 0.861845823257955 0.541163513846801 0.202730307953462
"cg21333217" 0.966849792327605 0.963376570624854 0.915686497327841 0.961959094412504 0.620449011670707 0.284425961056993
"cg16340422" 0.902899057976941 0.92037246279396 0.864210565306875 0.902278246486635 0.543099520503165 0.226380296064456
"cg26012482" 0.862857114559693 0.877661060855003 0.803068629958905 0.77514954223779 0.476768312960269 0.15903758013728
"cg13613174" 0.820412540332232 0.881305079866255 0.803363899099273 0.844698341599802 0.437786203768862 0.16014623927467
"cg26227465" 0.871299508914424 0.856533832719463 0.805693331782728 0.813901443309249 0.485942407136688 0.168849879302821
"cg13449535" 0.868560307165679 0.864367070663106 0.814514949567007 0.843045064287322 0.530869883131858 0.187539087812455
"cg10628126" 0.898984246794203 0.831738786274627 0.843942067853776 0.864735860542834 0.575263103792195 0.207488454935983
"cg14301562" 0.825776704250525 0.864171559340457 0.81669819426671 0.862495203836297 0.538569868188411 0.188375601363035
"cg18672716" 0.842752331113561 0.862137297474044 0.811693327188954 0.864516592399653 0.487855804741434 0.182616613935234
"cg20987610" 0.897079936307198 0.792421779790176 0.815798279521406 0.866033251369968 0.618286722085221 0.205007851272578
"cg11335172" 0.898406775162734 0.916606127414698 0.875688581073691 0.898674610759596 0.660930982870715 0.258770578668823
"cg15241779" 0.861357309854476 0.871858402584904 0.819866166026321 0.855174043244249 0.567447218383015 0.205202244034984
"cg00719568" 0.870529958725939 0.871425295197317 0.71693927452045 0.86192745729782 0.517093448740905 0.177356860509183
"cg13917614" 0.951650505288605 0.931923841983876 0.77411349291365 0.935099251505781 0.539975782709773 0.240786091773464
"cg13828440" 0.859171414161088 0.84249793897057 0.768378796473906 0.861730291812509 0.579285966999813 0.198474489983435
"cg11100450" 0.89664343297161 0.897888226260324 0.828364287368306 0.871870637813171 0.513094123417191 0.221490828610937
"cg04736625" 0.8698222195958 0.8614477969061 0.809955843655985 0.860441457931927 0.590269977092187 0.218841817235951
"cg10796068" 0.871615273753809 0.873932876540997 0.811802572313302 0.860804559490035 0.584350228063032 0.221196688463252
"cg03708221" 0.817589840663076 0.826929128725524 0.765609534329036 0.798172547553022 0.486763575251274 0.160195458526407
"cg22488278" 0.89862130811547 0.896362671017756 0.784364046138276 0.886153533270315 0.554828632575698 0.2249729274506
"cg04784635" 0.889800235961228 0.900275693859405 0.829837006191363 0.823630310241157 0.521215654201933 0.215003698380685
"cg26275360" 0.868736612942718 0.877741760045671 0.813277957764194 0.867580985799135 0.605814285108732 0.229582390007711
"cg23015664" 0.937436636243334 0.94173158943028 0.884031111275978 0.944937272768772 0.713252415869393 0.307650843104263
"cg00805874" 0.960137221663576 0.951431231043666 0.810572881262565 0.950363547823848 0.438841349415373 0.247227117657015
"cg09261289" 0.878306417469047 0.886080057407724 0.852166971123795 0.879326473186225 0.605287499632508 0.245990684586266
"cg05656688" 0.874312363718236 0.916853766438289 0.703387184099661 0.830526639888289 0.422861259511546 0.174940489230425
"cg08326410" 0.911768271899312 0.907095083092042 0.850425250173282 0.902445830935727 0.630016546070583 0.266275518837457
"cg20959189" 0.875973994893895 0.885413375096021 0.795505742917155 0.769653832285237 0.429180058069293 0.176961854849099
"cg13995453" 0.867228719307542 0.878267415064894 0.836646032945004 0.852420410011509 0.595144075176879 0.232928963808477
"cg08783514" 0.770965615788991 0.584811535162637 0.197520664871947 0.147141328605232 0.470848500618252 0.812606900698343
"cg20790648" 0.174753192916929 0.111575361017081 0.180723958355376 0.638910994493514 0.752517753628008 0.763235535950638
"cg03726817" 0.0650556285835002 0.0713789719011204 0.64309583681301 0.136370891118747 0.544375179339626 0.691018401728455
"cg13318771" 0.0848841715623517 0.0516284968914895 0.174955977112838 0.133339776046136 0.399925254801055 0.564650347749955
"cg09747445" 0.529953453321684 0.50971341546926 0.295734377118615 0.249941757215429 0.464002505314106 0.802581187816592
"cg06832898" 0.0525997669101861 0.134099024757223 0.122800563472082 0.152408891836149 0.446407797690062 0.58187969089252
"cg11147278" 0.05107896875918 0.0432978084433023 0.230520740598383 0.344750589664913 0.576165963950101 0.651553170002761
"cg13942283" 0.324591870510866 0.367503193035539 0.538319879686354 0.210082730399995 0.491249118953638 0.787524933555563
"cg26475911" 0.187919474815827 0.111513806884265 0.475361577332387 0.227668977209507 0.592909879379885 0.721230605557733
"cg11948905" 0.0488273498037245 0.0562290157618661 0.336651041222094 0.420179550651252 0.613537511293618 0.701256575325184
"cg02381279" 0.0691275253174806 0.0606916960520958 0.188854814177894 0.324591114175145 0.550181202300306 0.651558628090706
"cg03837680" 0.0585278957288135 0.0526471859244225 0.211115055078626 0.236447579457277 0.458692664313167 0.616883196833725
"cg04887172" 0.0797262485043893 0.0746653810996628 0.167214376127796 0.385658008867597 0.585412080146973 0.674067985703891
"cg06398474" 0.179473609085705 0.209353667767275 0.177773369434943 0.14252004467548 0.425361842248268 0.640032174734312
"cg25887844" 0.0810402078545419 0.159081532412915 0.397986089176503 0.173078068642501 0.411261140228873 0.661740662086508
"cg05608790" 0.193599924559288 0.119659605434419 0.215148490650084 0.348692645403676 0.655247783910503 0.721998415659965
"cg25817701" 0.6279278479365 0.51175973591828 0.137153728760167 0.369926737505609 0.542740896132604 0.847320117915544
"cg17087974" 0.0826395298964515 0.0735162714241557 0.14927308516643 0.461421778945054 0.681313441873392 0.709337811741286
"cg09958402" 0.0533993120658098 0.0399888485186682 0.102900108561403 0.351435787925892 0.564704890078054 0.64444833793387
"cg11822932" 0.0562673785316473 0.0452839670923737 0.255477440669391 0.477160452249855 0.521111868641426 0.696399282796427
"cg07675477" 0.159995009278179 0.169224869824602 0.249857677867307 0.17439888125609 0.457534448348422 0.666281917133366
"cg01447281" 0.0457942062685869 0.0532402116678226 0.145077029097358 0.0506273975782284 0.312115395983831 0.546142994612343
"cg26348226" 0.0839438042433417 0.0629076863158264 0.116451590338193 0.249733730112065 0.523322982054928 0.633459654290673
"cg24315421" 0.0449360940126125 0.0494323830761381 0.429827196651897 0.277489417093944 0.590862033417189 0.708148721986512
"cg17176894" 0.0663151084728747 0.0719803286572961 0.104146992043489 0.132721160270443 0.425219483274164 0.587329858335687
"cg05756780" 0.118902074168418 0.0668057662427154 0.405491895900378 0.213188393221279 0.628167213125502 0.715208585278441
"cg26823762" 0.0478591145433718 0.0426502326413566 0.11086638613655 0.166511299770082 0.50142656039939 0.603013852236519
"cg21638533" 0.0672149543345154 0.0652103297351644 0.797801508004606 0.263466833477875 0.546001852951414 0.785607221192049
"cg22589728" 0.181624403082706 0.156121108274386 0.210527027053811 0.200261731036121 0.435404182306492 0.670881359217298
"cg26971042" 0.129164859278944 0.111008622106803 0.0993644068564713 0.0754939017625533 0.287073304200685 0.575656894694853
"cg04790874" 0.141107602372497 0.139724465886451 0.114375152807762 0.474897613517907 0.496080908518279 0.716588099354225
"cg09101151" 0.137772938407718 0.127290188899144 0.124439241489141 0.266587692218403 0.475119507749725 0.669319945356841
"cg21232161" 0.098367727331458 0.183857638254478 0.177013472735912 0.330448554629205 0.575278660292975 0.730179216319144
"cg01700462" 0.0599222845491403 0.0525798445026753 0.216173823141825 0.343516979956602 0.593940947614412 0.718604465747694
"cg11173131" 0.0534985651578973 0.0461935168355578 0.17617605171167 0.285704088283018 0.555057482345523 0.697253917158472
"cg27218978" 0.0767589132892256 0.198791019487397 0.186853741521835 0.376330324537429 0.642115098145606 0.77248943143447
"cg13404688" 0.0875535856078304 0.0555416355819348 0.219590863277128 0.383085479219853 0.690530571710667 0.766204929955601
"cg09001226" 0.0880442614970612 0.0767625780730256 0.282791478923781 0.334659555663663 0.531023115757944 0.757266411682182
"cg18881723" 0.0750499262132394 0.0583642895753744 0.119355264730663 0.0479368330056335 0.359986581679086 0.623792648324971
"cg00761125" 0.172559441340717 0.13156495841344 0.207764718445918 0.158427658204946 0.638607838719849 0.753286466977041
"cg11358405" 0.0504643831955415 0.0420140530944349 0.134328508140247 0.240915418120448 0.503965743733176 0.689675890021322
"cg12273325" 0.115713328999719 0.0413467517289594 0.104948096646164 0.101077317918861 0.430930873003523 0.659779032499351
"cg04179740" 0.0427599522939489 0.0447423316371675 0.231530128975654 0.0586538374406195 0.348921419970419 0.658201138468048
"cg06117093" 0.0753880729821459 0.0533698093391971 0.169239320158287 0.118824474049528 0.465067733598669 0.701660143484962
"cg07381806" 0.279488142984024 0.079025700981034 0.102939183882396 0.103496648256506 0.415941051253038 0.720087112610268
"cg17766305" 0.0812103986957103 0.0479749145891054 0.172259804369611 0.189441713217502 0.542240696162579 0.799212132147811
