"CD4" "NK" "nRBC" "B" "MO" "CD8" "GR"
"cg07679948" 0.101808072552341 0.954478043927949 0.954894993454788 0.970612154692526 0.96986272654725 0.364743337775937 0.975129851109853
"cg00366435" 0.0791092255715923 0.866186755790129 0.733246489258063 0.914643894600524 0.916414767639669 0.516178864123558 0.926952013946084
"cg03388043" 0.0495073872511841 0.785238672325602 0.890428551981578 0.948176850395916 0.94840688753852 0.0498557681905149 0.964019964131883
"cg11848483" 0.0900877448498953 0.884925688210527 0.741358454650373 0.903042814788135 0.922964458440559 0.325514199767124 0.929039140916803
"cg16452866" 0.104755563821333 0.948440869714861 0.905696463323278 0.955141837977039 0.94137675507073 0.215085268612612 0.963790105217872
"cg07970799" 0.127966876820983 0.726130799724435 0.832466938873089 0.937289416186401 0.944509335106162 0.478961536982899 0.956313756526851
"cg04340595" 0.071898224378662 0.539270116609406 0.833767865249925 0.900998907190577 0.945777279101762 0.153531945279482 0.952046772997453
"cg11236515" 0.167235053887952 0.911591006107221 0.968845512043102 0.942849669114643 0.975073349366036 0.358079820834824 0.981027146752393
"cg24841244" 0.0494521595910459 0.72230563024498 0.67998214824045 0.9084530961544 0.901937509039956 0.052355657348386 0.912373738906446
"cg10240150" 0.0845881690259046 0.793071554520382 0.60147473871934 0.885201527933876 0.876459354262289 0.304668266840447 0.870234387784089
"cg25226014" 0.0739740916638663 0.554872759715488 0.846118361340834 0.890756263297977 0.915463095796774 0.164135467288978 0.922359457859504
"cg19001909" 0.160045519846211 0.93360043900215 0.860069264476636 0.961285307777017 0.961364890135758 0.250957697398277 0.964423289031667
"cg05074138" 0.112659232823841 0.825773668981899 0.698682088975372 0.870950201675695 0.877499884993156 0.366468844913594 0.875784777902643
"cg14522718" 0.135171783643886 0.762381070061468 0.93845430547419 0.925042173267143 0.942888558346601 0.250018315325702 0.932041081970571
"cg07786657" 0.0533613092440735 0.153623587765164 0.80205782178129 0.909459612346545 0.95018975335142 0.0487928480299043 0.964360649613283
"cg26166854" 0.0869305663215368 0.545127023482986 0.712853140832415 0.851571225770879 0.842365000873684 0.402326304411095 0.883008284683315
"cg06915826" 0.0897279601863737 0.823525826749174 0.748553174209855 0.844362727608802 0.849479433677382 0.298794262011285 0.867923098464163
"cg09032544" 0.0618994506823128 0.219225703560472 0.814961773535624 0.912040845846578 0.950110704121433 0.0469225255607656 0.968588664533869
"cg14477767" 0.156683694739684 0.815677311074164 0.537030819663224 0.842323213705308 0.846225610679592 0.705360380427027 0.871604486162962
"cg05705140" 0.0863920589249951 0.797544088337616 0.66281325634022 0.800969695000155 0.899211855620097 0.229703208227893 0.902095010688518
"cg07015803" 0.157916162521244 0.936550397494162 0.835216364013149 0.938077218184481 0.932348552674823 0.254754130680553 0.945043677347443
"cg24662823" 0.134286156511005 0.704816245949305 0.700606332822873 0.889390501197618 0.896950526503577 0.413175208613192 0.901842705941824
"cg08884752" 0.116273192882539 0.851120888210675 0.662840409440954 0.855011728744294 0.793715219307617 0.518571565476832 0.842669974044332
"cg07545925" 0.0529703580027131 0.662145619980059 0.566971094017027 0.866397999702858 0.881220639164723 0.0493918820137117 0.892033579137083
"cg10837404" 0.216608358337331 0.886173514736165 0.884264861481417 0.905440306391261 0.901803282431628 0.715594014279001 0.914894812195574
"cg06164961" 0.0582944899746614 0.635490886475331 0.594031633405902 0.877352111516134 0.880656881356852 0.0630301256929104 0.895775226892047
"cg26852712" 0.147910257456475 0.902745413066233 0.932755209393983 0.803308109321203 0.899566405939178 0.419762657832623 0.928772121240054
"cg16173109" 0.134324371326347 0.800074898260652 0.680401087882704 0.871301772025471 0.876126811710422 0.43699375767297 0.877419011494559
"cg00620024" 0.151876782012927 0.870165402531813 0.87335515658792 0.882061598715586 0.896823555757376 0.394164867843666 0.904555110841127
"cg04180114" 0.0952359316368742 0.809391618858436 0.774014656304355 0.843191830549176 0.852363491511505 0.26349359200126 0.873944503946473
"cg11162888" 0.131273619773381 0.810263394198677 0.638056205986491 0.889013646602837 0.884936250114172 0.35134692898402 0.891115310139109
"cg18735089" 0.139025180511895 0.835409458202475 0.715575608874455 0.894191999533981 0.912912518478752 0.273142480519964 0.927394636434694
"cg11465943" 0.215859725778925 0.917666153393101 0.695535906047459 0.906022736342933 0.925526849888064 0.634777588381723 0.930570522396757
"cg13619891" 0.118204113678534 0.804706728399689 0.803380872899567 0.917900201385176 0.924988005542582 0.102967335466132 0.932003618505585
"cg24612198" 0.0962404960723924 0.76930416866289 0.60550176675127 0.899615442351222 0.90232857771011 0.103269135125688 0.910645115126083
"cg09016797" 0.125463326382732 0.851693512038845 0.673582952361321 0.863862017440504 0.867854896624494 0.372003182439828 0.862449756004957
"cg18758433" 0.104949947412183 0.700941524879346 0.79159963977236 0.87185746462092 0.866246958759911 0.233862601981606 0.907463089985419
"cg27583604" 0.147478683077606 0.856198036340437 0.821672586818008 0.794506658500521 0.882721212304817 0.559854366210858 0.838764753165329
"cg11210357" 0.0798329184180464 0.748211117353134 0.805338733326469 0.827290811590745 0.877634130118741 0.137730349167002 0.875638680099171
"cg07728874" 0.0609114757606364 0.682945299003849 0.579613800002415 0.860170659270543 0.867939321082801 0.0583160253358938 0.86910784201203
"cg05070273" 0.166522235860417 0.891334880034244 0.729631313123172 0.877602369062383 0.869285699729688 0.500911362700023 0.878122606382676
"cg07748255" 0.0970993332489549 0.119531264680774 0.925720932665329 0.912283329394613 0.937482105425551 0.195559871594921 0.953946356289383
"cg27519392" 0.125633340393243 0.812012313660485 0.649499224360616 0.851173401503809 0.865913963907955 0.357666406593715 0.872011875118985
"cg15564619" 0.0782416755977434 0.877206581611966 0.492709471939467 0.91728172557023 0.658911098478392 0.410962137823101 0.767303819881315
"cg08338281" 0.101713266654826 0.829771414536001 0.885977103350825 0.782335861769464 0.899441764712741 0.141823688870111 0.918739433072942
"cg13750061" 0.0818045133502108 0.84328024944253 0.645028398161701 0.845017890536581 0.854887847767822 0.103373552700907 0.868619059564751
"cg13606287" 0.07965845155296 0.30203854805598 0.743824554651983 0.854924838356382 0.887170284499448 0.22426176982413 0.898865413216096
"cg11710595" 0.182286598702662 0.862554198937309 0.610403665526461 0.865171403593309 0.871656633457638 0.573229634910886 0.89503984072678
"cg02661764" 0.123924019485465 0.859341599225221 0.687985165131688 0.840124476252663 0.759501853537545 0.536919395797556 0.812228366987853
"cg22230912" 0.103878589001453 0.859177125084068 0.493713868194339 0.874703699467887 0.861654967191774 0.239688785131732 0.822749033840515
"cg12774429" 0.805493828757744 0.558198769922875 0.252937637096978 0.0954556150576791 0.0690155240838609 0.833806892460394 0.0657913171061905
"cg03574571" 0.807483766498615 0.592793483939712 0.391877681150065 0.0727320461588401 0.0863458059947672 0.814211353924436 0.0654778958432868
"cg00409104" 0.817739992650547 0.724082150834746 0.308345975548287 0.0944989245114032 0.0631946776872477 0.841885452673663 0.0490512486805661
"cg09169413" 0.799998583943627 0.383393935972937 0.314042521834683 0.0752041696868214 0.0797155386047095 0.808575803412916 0.114948484569009
"cg10453850" 0.875932311306026 0.637445244413747 0.398183536920054 0.346698899993103 0.0501926091557454 0.897731093560519 0.0356545674593892
"cg22193912" 0.81981769637618 0.132983213897283 0.0296309188801796 0.333410339153098 0.031508567238348 0.915089617243274 0.028756475534285
"cg21593001" 0.778775530898116 0.168280700393353 0.0479242383963755 0.144303974128348 0.0561955063491175 0.852833374992114 0.0441474232780661
"cg01543184" 0.879653626345939 0.274318663956318 0.0753803881424857 0.435015506830918 0.0769919014989664 0.931461151005414 0.0663496132288309
"cg27097542" 0.846896387683167 0.32515229266799 0.198676638431243 0.344521694484886 0.0556223738055068 0.878429775052224 0.0471455708724504
"cg24401262" 0.79965911349325 0.524055814929838 0.280194933044918 0.129276956569032 0.0368757470806647 0.841774674984396 0.0255701815278314
"cg06422467" 0.850468546261146 0.611778732554049 0.217062463907487 0.256736640094001 0.0503849146940682 0.864467897623146 0.0579698295677641
"cg07280097" 0.797388544145129 0.374600559567031 0.201443343460686 0.121057927062958 0.0822381672519347 0.828928428350977 0.0400494963986861
"cg05389236" 0.944843353379956 0.866403180380682 0.728970368472978 0.188215521923888 0.101298450647825 0.954309110011008 0.260273193623073
"cg25711558" 0.752348644669979 0.158503695581095 0.0603782637799228 0.0561226122418447 0.0452383875685974 0.832860953330247 0.0339327280070018
"cg20049422" 0.885295091455825 0.813584298010706 0.286983010791007 0.213269041173302 0.0535486577717977 0.914377416977063 0.123124562759146
"cg26402417" 0.892556444518279 0.547007782953744 0.0851424119097856 0.268152050632107 0.1181091097645 0.899204031733521 0.147007124070939
"cg09832245" 0.797639733842391 0.485040436154873 0.175377297257349 0.0787871170039941 0.0689512303472597 0.820129770989642 0.0483295723372574
"cg23671196" 0.826111574483287 0.691463514219755 0.0794084043582698 0.117309165333436 0.0510356217068634 0.872573413956734 0.0417299957886374
"cg18907610" 0.854751203828745 0.750451468868207 0.195076188041178 0.154481886578334 0.0606083679030941 0.876249111118399 0.0784080874720446
"cg08545593" 0.859841059431347 0.790557090509539 0.465487421133046 0.148122218310499 0.0607228530980274 0.882112460857074 0.0540983654134269
"cg16563370" 0.812995892181131 0.104592307189519 0.0807235814522787 0.179640674968035 0.103964817402382 0.845433239554272 0.0800165236021727
"cg07834069" 0.868844501635443 0.633956719764479 0.573601427166399 0.23826802286442 0.0626529419595159 0.867251739898792 0.0477324893741482
"cg03746834" 0.867138748186067 0.741852041595886 0.630721791766645 0.103572639049771 0.10295485899163 0.88245116631487 0.0611614234954292
"cg08772789" 0.840685326614717 0.676820377063009 0.551113492955871 0.0824631495456959 0.0759720368380313 0.822839115859682 0.0607567774064046
"cg11787160" 0.893481290753003 0.21891879404678 0.0931904060156964 0.229891458056469 0.178223315745734 0.905433393537775 0.174147434919015
"cg26923863" 0.899806981360887 0.0593910824181714 0.640494301519156 0.601967000718341 0.0413530693304994 0.837642183574802 0.0335472888705274
"cg16824282" 0.862306976227009 0.596631771195433 0.341893030576427 0.180551413860171 0.0891844967089903 0.869613041350913 0.0441104696087848
"cg23379806" 0.795111163928715 0.294330229187584 0.154471442886625 0.0670093133518702 0.0593603978768841 0.811108104915889 0.0508768206424313
"cg01925950" 0.843405349519452 0.640462931022523 0.368646838451065 0.0774072170374291 0.045160841443639 0.873249320069638 0.0639789793225937
"cg18150584" 0.855998334616781 0.654927689584847 0.0456124505272179 0.176634282681941 0.05739629198657 0.840525015764281 0.0456316428367234
"cg12465678" 0.858378393537084 0.0898313651470628 0.545532684567756 0.47988416549263 0.0613703009821635 0.642716091329034 0.0511006360667984
"cg09885622" 0.833249200831243 0.0938083094665095 0.460724998097948 0.194309070224705 0.106918262824787 0.652380722438448 0.172886484829125
"cg22152931" 0.878236945158821 0.742450653040581 0.623935357620462 0.096786433163517 0.0635810546483035 0.903212094415953 0.0520271095337038
"cg09287328" 0.946674651613603 0.763192651404481 0.632019188409629 0.119760748714454 0.11634993101813 0.945801893092613 0.222681354015107
"cg16922167" 0.830576131596028 0.210624835384693 0.100911361468584 0.16493627902155 0.072323123575514 0.830890722257131 0.0631189624943365
"cg01231183" 0.868360628172618 0.324881834437604 0.124847621384885 0.103847453929668 0.142582138450093 0.866387989379309 0.129525834846218
"cg11377213" 0.851442728566339 0.654802766387645 0.274743386701114 0.12157639583502 0.0530096638568309 0.816448875616258 0.043419210770785
"cg10376161" 0.861656907868917 0.724987432955192 0.425168200822403 0.0805757946053413 0.0464979041672362 0.871935352720951 0.0507787161269462
"cg15935770" 0.881050226766312 0.73066645858932 0.489048215722652 0.106856704156493 0.0589752204259775 0.902634429636844 0.0537505916267816
"cg13468685" 0.808428595520503 0.0952869939498297 0.38673093900733 0.200685776780947 0.0842863607948438 0.619052815360571 0.0608495868830243
"cg22742001" 0.867975827201078 0.688584114056883 0.376670049485577 0.101563854641845 0.0647283445166524 0.861916245550227 0.041817794842566
"cg20455854" 0.777118458270297 0.105976998853044 0.0453851320287046 0.110125882542014 0.034191351571878 0.696763413216366 0.0299997122211576
"cg24448340" 0.887701622685907 0.741260849278514 0.550634401691044 0.109396120681973 0.0502897470143437 0.89688384936942 0.0358746287180094
"cg23582982" 0.87923061610883 0.351878069548005 0.302743648988078 0.265029419962921 0.0418326422833783 0.886946813248613 0.0256370862822542
"cg19628988" 0.823829831343866 0.0458091454141592 0.0747727384477896 0.185935470128855 0.056368435850382 0.764426406129412 0.062370764998783
"cg15982099" 0.894823788478485 0.755267382170715 0.0400104143036164 0.0999099912022062 0.0718296443984819 0.911518815554691 0.0553822705822421
"cg07785552" 0.799051009166557 0.112740261510668 0.31713338860891 0.0580272383940691 0.0571689687736698 0.674977816083761 0.0480868669785621
"cg23249922" 0.958784016460502 0.802772175762021 0.613740269699208 0.0694946558894482 0.0417728232938851 0.971927174155604 0.180160690412081
"cg13448978" 0.892105136393651 0.173863146910128 0.0338154756545709 0.101710314275547 0.0424818442432398 0.906081116014487 0.036406158683515
"cg02380585" 0.856230299308548 0.0275817619555325 0.0251267534857109 0.0264278222525589 0.0320205300275679 0.866556606899664 0.0211689224791467
"cg13617280" 0.939858276972776 0.10629914844517 0.802710448003717 0.897600013783382 0.914058785007906 0.914449553689987 0.887895234880132
"cg27274718" 0.898875494624268 0.125699471347931 0.758052465362517 0.868591273492761 0.887393680497883 0.872848378014293 0.898461125744389
"cg05875239" 0.894184613547572 0.143690824003227 0.872222452667368 0.838679819403263 0.877108078601755 0.791758229853117 0.894692035450473
"cg03538296" 0.855049923059199 0.0933117814439077 0.671654380999767 0.800063801172288 0.832501586214183 0.689504246885633 0.852217715671525
"cg13917614" 0.917806523438544 0.174711097152953 0.893646760689098 0.82600936966645 0.914866522104747 0.842836636951783 0.927979729966096
"cg00594040" 0.843918323126965 0.137220728698442 0.371251616311327 0.858577463336593 0.877195828206053 0.810009779124482 0.889979169487835
"cg05355684" 0.893752518316514 0.178175928865352 0.756061436225402 0.871997201112334 0.899435569410924 0.845754056493925 0.908023248463062
"cg25383568" 0.894188436281328 0.18664643085004 0.936659801425468 0.893599170175743 0.945665826654802 0.719225407238734 0.954021830170508
"cg15956469" 0.934255860531268 0.209762743785518 0.921194515487981 0.908806765079525 0.925948276559709 0.813138884491125 0.943159709454745
"cg27582527" 0.768298024169588 0.0699466852409644 0.548534488292004 0.780713529884229 0.844275232890649 0.512470872648833 0.867560977848571
"cg22488278" 0.891492202995646 0.165983104139492 0.792889235117448 0.819306926456931 0.897660153322012 0.747751982292913 0.904804613337842
"cg24430034" 0.963778197883183 0.262001766774796 0.971193927246384 0.944439990236412 0.973541766241074 0.869606035793227 0.982002178631296
"cg06202778" 0.845834599738513 0.128981859094432 0.59320313355095 0.877893433259734 0.839593805039414 0.61540992225107 0.878716229609342
"cg19915997" 0.868442526621772 0.182232558377368 0.715526719706505 0.862946396633589 0.886139448626814 0.844870924485318 0.889806905766234
"cg12811871" 0.960422312550419 0.179628049925608 0.841343376066802 0.708504965420115 0.972049178641036 0.650491750880431 0.981877584157555
"cg15757195" 0.831428542373847 0.16538480440298 0.64389216279086 0.85741101714695 0.882610643086269 0.778740840859286 0.89455254415477
"cg01806427" 0.869940656183261 0.135946077981331 0.675007133274477 0.86552110106678 0.746815882525259 0.773849152894925 0.854553052947253
"cg21828319" 0.876295674013182 0.158023912749062 0.843452736168743 0.745885138227987 0.852334710844221 0.834259044399459 0.889070649819629
"cg13209388" 0.881864734261821 0.169100091801015 0.74463022263424 0.850034776106282 0.883119238403519 0.763124632842178 0.85847770170183
"cg08326410" 0.89187937556996 0.198191596816456 0.742016087562151 0.878067275623413 0.899666901340189 0.817806130769541 0.900191388702086
"cg11650164" 0.855840164268086 0.168265113481881 0.280315520842392 0.885680295550939 0.903119211004339 0.721337342732905 0.89336412207545
"cg20657709" 0.870769777172573 0.155021373761283 0.652471362369768 0.85196887272873 0.867396988707024 0.670443369809254 0.883288236551158
"cg02384859" 0.854146625302212 0.155438581535171 0.680582877861897 0.861696860596379 0.906734519677646 0.578953696991921 0.911456887473443
"cg26012482" 0.751739892979535 0.111941055608571 0.646474193185589 0.820143738166746 0.845864402257465 0.647445778196916 0.848134947751665
"cg25426716" 0.905262103201727 0.207396032293158 0.673963919346483 0.873925715718252 0.894451776798454 0.874382408361647 0.88503484980779
"cg26209730" 0.918073045914242 0.227077605975788 0.930785779421768 0.867608052319221 0.902803840804068 0.882526366066517 0.92524930458311
"cg05593759" 0.855383386102703 0.164214535981245 0.642693724628141 0.795456054368591 0.888969899082067 0.739004264564079 0.891417292099181
"cg08985282" 0.844506248896864 0.157960965966571 0.799302300477429 0.797223114113911 0.874298525412743 0.712184358198857 0.882128252128735
"cg27309871" 0.860464279739311 0.15788750210414 0.734174500012573 0.843989921464612 0.859000024128138 0.67044887375644 0.869178484814995
"cg26275360" 0.843057303913618 0.154097745048506 0.703889905287245 0.80340054831292 0.841282021632962 0.753580209914552 0.864188850530756
"cg19563355" 0.86003219818478 0.165701430159917 0.879772104837273 0.840177125394139 0.846853836245457 0.773262274441906 0.829084795463739
"cg06040872" 0.853898629253938 0.158878393804336 0.724970925136463 0.871745721377406 0.891604916796132 0.575307443132749 0.886789009990824
"cg14058851" 0.886241493455793 0.174569596188199 0.851119008200495 0.861516760506905 0.834272974433739 0.83742863953759 0.792714940929622
"cg00805874" 0.950687316110352 0.223605121677901 0.977946281736114 0.906152140774335 0.957875308403952 0.567851538126842 0.963982983315697
"cg04784635" 0.756554526862711 0.149914549799818 0.513492967346116 0.859441911366971 0.89519727809734 0.630248723006969 0.894894676521367
"cg14301562" 0.855272740652597 0.158051090098874 0.562001284252997 0.852027113675584 0.879490435076054 0.649795946580549 0.843173583907885
"cg24408769" 0.942119219748908 0.163200072004271 0.941170443203677 0.905475735579197 0.749798144299443 0.880115013481128 0.661450903677617
"cg27040968" 0.831990482294323 0.155664202589043 0.714993437995254 0.79522389491374 0.819296018998607 0.79824506439434 0.84317272398371
"cg00829063" 0.750702868564697 0.180083333560871 0.688276841950137 0.873877653104198 0.884068418018312 0.786182826622765 0.897767061630205
"cg21333217" 0.950578700285555 0.264073751460738 0.942920569733692 0.943750931056721 0.961712595244333 0.737173689446137 0.96871243813792
"cg11100450" 0.818099354901301 0.169083294671865 0.714200962892827 0.862703669111146 0.885708821637228 0.62735889001477 0.89522055608711
"cg21634628" 0.766077729051492 0.140309228896318 0.685204153041324 0.764694030497766 0.891137598769969 0.615363989884613 0.9017043471552
"cg15241779" 0.839865433703915 0.167125665761582 0.669360342430561 0.845231803595508 0.86655329915194 0.663837732042901 0.873297528750065
"cg05653887" 0.851603270973711 0.159465395319031 0.561566587230041 0.844891429478281 0.876545205560696 0.586850098952098 0.883038815911049
"cg26934362" 0.753648766986827 0.0978742678676516 0.493816274151773 0.758134761716191 0.872620767967038 0.438916589585825 0.87536794915244
"cg20187173" 0.876905000174107 0.16066942753424 0.639916027763087 0.770585699951234 0.859131072514491 0.699950109215454 0.855550547752861
"cg04795044" 0.841775114054919 0.164712418823392 0.798950537146743 0.837769447153331 0.830204306546384 0.706512961025111 0.851764643746105
"cg10502149" 0.857909273792546 0.177917850887586 0.596141098277218 0.777692213287116 0.880317852037121 0.766705071214405 0.879991688320301
"cg10592926" 0.906415699157275 0.226374934891773 0.211875039683063 0.884109581080238 0.887529234789668 0.880841279006245 0.909180512443791
"cg26678144" 0.915244648036685 0.178136872857583 0.671958549219838 0.625160859293828 0.926340178920545 0.752636029547844 0.92883446246221
"cg15967278" 0.170637692302221 0.673199439393872 0.171960726205097 0.333830279915631 0.257562575641512 0.180513145242911 0.218903006046287
"cg22442430" 0.129947595669475 0.655624589733914 0.53110663414651 0.185589159165179 0.188966300986049 0.189038224419161 0.34543421526267
"cg16719404" 0.139835996862023 0.72789839638858 0.326853996944387 0.497772561669389 0.0716710492762314 0.249240378892753 0.47768765020391
"cg23374992" 0.66961550897227 0.718688814747694 0.220446440256773 0.254442315595931 0.0419004725308456 0.44118902440837 0.0730399961430087
"cg11155924" 0.445629757620578 0.774741979294131 0.593987165114326 0.399775854554402 0.237644374769238 0.351265987323188 0.222773652433159
"cg00629585" 0.164656997029379 0.594479829848772 0.0874913955412903 0.143741701535027 0.148714243294341 0.217053408381057 0.106517688149458
"cg12530994" 0.338031957668979 0.728551842614275 0.639499550360146 0.304446524154868 0.265284197828198 0.244742725565357 0.2330324335212
"cg02091781" 0.383548761346148 0.735089381195172 0.362778453432232 0.316547203496063 0.22235740012819 0.279164576284082 0.258477601653254
"cg01447281" 0.0717126739563164 0.557144775922835 0.0699217454094251 0.142644108521918 0.0819229056226004 0.24577617733957 0.0601675365051774
"cg05756780" 0.227872473606343 0.705330871993469 0.455165649128651 0.386027746312992 0.0516561826940817 0.629239020986273 0.0968800847778364
"cg15442737" 0.722901299002302 0.925249459381829 0.76324659917923 0.576230163569532 0.319628975399933 0.663569651471916 0.167045363878288
"cg25020550" 0.240037252703997 0.752911988568194 0.520765896414741 0.297596362881729 0.349547680902596 0.290079137615375 0.32501676165378
"cg07381806" 0.222561923346532 0.718713022278011 0.51692062982758 0.121260226809614 0.140233923155313 0.524849891063869 0.397389094934455
"cg21232161" 0.477594045812222 0.721532396566038 0.435490642392842 0.114943730943062 0.161644439138804 0.637144992253155 0.0716548706059616
"cg05128056" 0.32573692990932 0.77556156118102 0.614275657855087 0.339605906452989 0.359474424111906 0.214406758301949 0.340254780162105
"cg06688910" 0.465071446796211 0.825015108850431 0.521523299687945 0.399042675193629 0.342827511841425 0.369898000870687 0.295568334104614
"cg19858214" 0.470654035724585 0.774431553765938 0.584563425208402 0.566185016664073 0.090308228875031 0.394595390425806 0.12044681714541
"cg07810039" 0.331614608624405 0.718481713001887 0.500855547629854 0.318739349418274 0.196947074034239 0.293098553518234 0.182528912358192
"cg06600444" 0.386532513387953 0.841389062679887 0.666595837425396 0.385013861198271 0.417448953738306 0.281476515982644 0.412525619136947
"cg26175287" 0.41614185723221 0.875120216994389 0.739028321852317 0.42983792846672 0.451143093634936 0.303910442905159 0.440073204793414
"cg20790648" 0.647683082317976 0.768632412358885 0.200942039737764 0.13898446743621 0.10122293351177 0.680067398361404 0.142817223333334
"cg00902153" 0.0981926779157696 0.666960453441124 0.436721221465377 0.706716053949357 0.0546259117809563 0.09707055634002 0.0681033861205825
"cg26706803" 0.503404399626973 0.732557307724364 0.0646861119401415 0.31899553162836 0.063034843353172 0.545426482505678 0.0718442700351755
"cg01774027" 0.633163648294216 0.740841010622708 0.345110336561559 0.0967617151504068 0.0578024383319513 0.62577161944741 0.110177267993354
"cg12983285" 0.098400338595241 0.589852234826775 0.18433875852794 0.230469957354525 0.0486674918488296 0.17389469875967 0.0960317060240239
"cg23201812" 0.535163761541047 0.862176036730738 0.533717190930498 0.452746269184456 0.309746331765074 0.423645515833772 0.266266354449189
"cg26348226" 0.269880411600542 0.637487137589546 0.0946629311658716 0.0664084399266147 0.0579144506655384 0.494184284979477 0.0643983031013211
"cg26971042" 0.0911402421141538 0.584723549904345 0.060291312806348 0.0738353477986538 0.110321323751089 0.229042931171233 0.112350901145451
"cg15694422" 0.363125728900441 0.650397039367917 0.76897634969413 0.172418410100393 0.0701888148701109 0.193529081012106 0.0659343047126014
"cg25135018" 0.242134394086745 0.785110056939771 0.374346000176984 0.451666553615231 0.279526475654369 0.359178810351921 0.233526341274468
"cg10506618" 0.418389646650078 0.900743418508211 0.736286704705126 0.430274862134094 0.465666379318055 0.307558775254224 0.451382172854806
"cg13836518" 0.0836099653212688 0.706149271963439 0.264799108283048 0.500567949185793 0.232988355045835 0.295507754486955 0.0594192468771428
"cg07675477" 0.158318910171463 0.681133890715045 0.101273243726156 0.23509824227205 0.168120750472974 0.334235285107433 0.161784424250851
"cg12036735" 0.444097093479243 0.7863202272829 0.305098973032179 0.337332688064121 0.238242994213595 0.344970160158311 0.199101847837054
"cg27218978" 0.473229337368086 0.76149206096556 0.462351794607281 0.132255557518458 0.172072466960009 0.630898199536373 0.060597779376223
"cg11358405" 0.423360391122794 0.691166736970243 0.0939020846094392 0.0992026283443793 0.0389559508271126 0.551101983537706 0.0353360693631771
"cg24315421" 0.280860642657227 0.730576296600346 0.201151106891006 0.410252811796303 0.0577988862977942 0.505643385940023 0.0428564363555056
"cg07687131" 0.447351920351993 0.711003320163966 0.0484752785463185 0.0997151862575148 0.0747119231927466 0.537240349047335 0.0649480038652757
"cg12273325" 0.170026976191749 0.653943089604898 0.14877782871349 0.0903839868170726 0.0529741590915056 0.398411044599463 0.123323656974666
"cg02352281" 0.496968771012401 0.832124123904853 0.578411757161013 0.584614667405147 0.0735550205021557 0.452845318621326 0.0596038397191818
"cg22876699" 0.401750685170849 0.92615094225545 0.761189556584006 0.427935927246102 0.485240550267988 0.288952265136498 0.402462598565084
"cg04179740" 0.0971417364645468 0.656432644919055 0.431441382281204 0.230729870433752 0.0741225358780708 0.26478215931383 0.0510650813794913
"cg22897715" 0.1777132801349 0.610978755465123 0.0314702635206627 0.109868958864268 0.0388002376221522 0.147354799086962 0.0328270414112532
"cg18786123" 0.0959962495770137 0.608189678887398 0.0738715923222726 0.0988090826993408 0.0578820942776039 0.143094189069077 0.0450197044357094
"cg25887844" 0.138173397508319 0.707015721076941 0.270529262329944 0.330860400974943 0.130322211502711 0.246553554377937 0.065382264717536
"cg02017450" 0.263757118799782 0.732334069334399 0.0752739730286019 0.253176929095556 0.167016079323365 0.157491601017112 0.140192839484467
"cg09001226" 0.320501737127127 0.754047831309743 0.608446976079437 0.207636744718199 0.0702254332981942 0.406972159994824 0.0598201152990228
"cg06117093" 0.13272670122784 0.710631394048688 0.614873167022741 0.167520519724176 0.0505294977249184 0.407184008061915 0.057806383307291
"cg17766305" 0.404986777753802 0.795784273229887 0.110842347796488 0.161179272057089 0.0605333223014156 0.602652669436277 0.0657283764298324
"cg18881723" 0.0492254405648804 0.651791393233655 0.128422904172076 0.0780762568870444 0.0535384812495065 0.180975693235234 0.0626785372559167
"cg06768361" 0.951839287212835 0.938355673466196 0.116852329613265 0.948756425501558 0.894161872626103 0.950414707042838 0.928632910019443
"cg18168751" 0.980798572952052 0.983850492643485 0.17899940579281 0.979751603283446 0.977885734563693 0.980495543774814 0.98154593392855
"cg15974642" 0.905804038609365 0.901079895279238 0.114210549822616 0.9081747222385 0.895585965625533 0.89857294249119 0.89355455705839
"cg14203426" 0.959665687841909 0.977584870762616 0.167146371150798 0.952403927087087 0.925047778191713 0.947087471676536 0.889578902391902
"cg17052552" 0.892763876821353 0.887350186109387 0.115838061593849 0.881328520152522 0.875337427123749 0.866577786301851 0.902274048853759
"cg12099546" 0.901834848452783 0.898367909554001 0.140810188855483 0.904140458877812 0.907312576835363 0.899122984852475 0.912058512721403
"cg23044178" 0.911515577624206 0.833398380244932 0.126601029111015 0.883169641553856 0.886652485102247 0.909128857190507 0.856111238107164
"cg11759194" 0.896633594315798 0.888723713124238 0.136966442055213 0.8863178954125 0.894472477954125 0.895029655976453 0.889924871843883
"cg11926444" 0.946701626680733 0.953057288101 0.195752769810323 0.939445063611196 0.934786657793665 0.945417667022367 0.948792239588641
"cg04120520" 0.895924133631554 0.884053569019322 0.125697458382002 0.876572608174822 0.8671447567227 0.891812088118552 0.834851403253111
"cg26103369" 0.914204282628501 0.894322655092819 0.152726824586141 0.892233053180082 0.89676857935101 0.902201092125383 0.894581203611561
"cg10594510" 0.96514224675544 0.922242939353727 0.215012974676237 0.965062085498359 0.971087286901773 0.956632303778618 0.960738424331815
"cg21768884" 0.952193180219677 0.96066440548586 0.203388919361048 0.949913165444985 0.949032329469801 0.945954242549226 0.945367985095935
"cg13995599" 0.967597752453219 0.963940017598093 0.2201535032861 0.963513584484353 0.963268378880693 0.9629451516796 0.967600536187694
"cg17528559" 0.901248882965273 0.894080989853401 0.151076379227779 0.89219077156066 0.885502469116666 0.896104223423626 0.898763120587355
"cg04643690" 0.912602493898055 0.899196932788253 0.15165489094895 0.89712347343722 0.881582109446791 0.906735184762805 0.872199150971426
"cg26811065" 0.81671322158928 0.816761651267243 0.0942367445846071 0.838196904288469 0.85742922709187 0.797457523089356 0.863016808796885
"cg20151221" 0.881172185995724 0.916828216747647 0.17424892881924 0.921613500957044 0.923636171731691 0.918382217240139 0.930811646031901
"cg24390871" 0.908299238519868 0.893344390034559 0.16574948289241 0.907857995813983 0.907243937211496 0.912192601983294 0.906359284072878
"cg00529757" 0.901183819948818 0.888493496987178 0.155656937121661 0.893749119112257 0.89710784787023 0.901129368705133 0.893327154893753
"cg12973904" 0.870428395512524 0.872815155806942 0.136941222446636 0.887760416149708 0.8883195749567 0.85098023171168 0.884951523095144
"cg00344445" 0.966491306552971 0.94024770787574 0.102630918374226 0.958616794302675 0.827989303887679 0.96629253617238 0.493345038435125
"cg12140749" 0.907860922918863 0.900762246984386 0.169906544560351 0.888238196858272 0.910048721602429 0.909891647099193 0.916804508707917
"cg26504110" 0.960814306205836 0.978998836518169 0.223500006302231 0.92360950937085 0.972800204413958 0.950749680575291 0.975069841833033
"cg07232003" 0.920473173293202 0.921473740790128 0.181925557141947 0.912896741691088 0.908092807584486 0.920687692723518 0.915960547850731
"cg07034255" 0.911631438284477 0.880370691202834 0.178670865821091 0.913987079995095 0.908795997400955 0.920233229515609 0.917451916035646
"cg00953201" 0.947871445246478 0.943866501482578 0.21266814471733 0.944979162154906 0.940967329595711 0.942258316041374 0.946416579151045
"cg00819310" 0.896594066416611 0.892327468868477 0.150120569446011 0.866426807296008 0.883858995239738 0.89521530131586 0.862635861547584
"cg16277229" 0.877798484282332 0.89428822468485 0.163746069566857 0.908196121205074 0.897345443274274 0.894951155155915 0.893022374503687
"cg03528118" 0.926868306970272 0.896808417949738 0.186788898544794 0.925989739751826 0.907111664776365 0.926416021935171 0.908591273942993
"cg08221288" 0.897496042362089 0.902355048984292 0.160290061108041 0.886007942689686 0.877408940684731 0.889941143821304 0.894267621874096
"cg04228042" 0.904541976486377 0.891108140587541 0.171621471599962 0.900455812184757 0.899021396971524 0.89858613205956 0.904520511814192
"cg22353369" 0.828629812299071 0.911448731501824 0.120244125729568 0.857026943995614 0.839445828304441 0.834003339757359 0.860380118671605
"cg04780984" 0.903382526978624 0.91574314879951 0.169718314295761 0.904457965797421 0.891351477891641 0.906488490947232 0.883302029532411
"cg10047173" 0.890270248614327 0.870574076724332 0.157315029788824 0.898640542975046 0.883754016048534 0.875431071714334 0.885125438402966
"cg24928687" 0.891259773567667 0.806457351253329 0.157168880983772 0.884721513865636 0.893709717327442 0.886023007099963 0.897133707809196
"cg13863638" 0.885612392219031 0.88603557899982 0.151609365135229 0.876516092050417 0.871599787245809 0.879836528592551 0.877711491490124
"cg06845438" 0.893089929304511 0.876277287095758 0.164580700959874 0.889153721111032 0.89517667731647 0.892878803151002 0.889393893181577
"cg17687789" 0.869974269630857 0.899902307918806 0.156426711111685 0.890199249925633 0.896811704057505 0.835412337277334 0.899369083141723
"cg02814691" 0.8819234881743 0.884838542915444 0.155757443362335 0.879038508418013 0.882104886808746 0.875788457265466 0.885124032040022
"cg14166189" 0.89021527816701 0.828716275121954 0.165454027083996 0.898714471896531 0.898901726692225 0.87822716457099 0.903347888375594
"cg17107017" 0.899904776518951 0.893682398388574 0.185885606236825 0.909238791983873 0.911983627821159 0.910422631550835 0.921166219559702
"cg23144852" 0.895933353397336 0.87857330051007 0.168187743625618 0.891970845804473 0.896358034159072 0.90127211233782 0.878521928707654
"cg15733114" 0.88302243181219 0.857360447379031 0.149305806935376 0.886546721016333 0.865015339083668 0.87425267892876 0.860991948169234
"cg14228177" 0.906482085801712 0.88520865987669 0.177774793310547 0.905509298535577 0.889413219550852 0.902327678402058 0.904998296743889
"cg04983687" 0.980304079036896 0.86494903876434 0.234660583844993 0.973262815373977 0.975808655337368 0.98096101685997 0.911242413700854
"cg16666745" 0.884305715688589 0.898613036258232 0.167041878934638 0.877711807007924 0.891803646400697 0.879563494080307 0.902548476216957
"cg27509510" 0.86719694385805 0.8915479983435 0.176741582417031 0.914132654093977 0.907005262290227 0.889634025541323 0.910215545463014
"cg10593028" 0.883188352875512 0.86575364321292 0.166011202183613 0.893394950378506 0.891587022649113 0.884296890645007 0.89069807356988
"cg09846625" 0.893529174583963 0.894380837932663 0.166514089443878 0.890870545262497 0.884638020721954 0.88377282130349 0.879397243814918
"cg17344040" 0.0441042894495259 0.0686320978402327 0.500085322123364 0.310788409712367 0.17700886557591 0.0386875412618314 0.0695256712678313
"cg21920221" 0.106398905493375 0.159945960317459 0.483899452073915 0.111336010543497 0.113562668422449 0.0918960162879052 0.106112028275256
"cg27134322" 0.134058088972608 0.16895678818948 0.574701368702922 0.108950684177889 0.345079489006188 0.10768298977257 0.248548111285621
"cg27627006" 0.246416605548903 0.0939436925785848 0.530604408652736 0.117019026314676 0.0793900184681704 0.149022214868665 0.15416014988143
"cg00115178" 0.0383620118297215 0.455200821355133 0.509397873158589 0.116935068284613 0.134268346058624 0.0605352401301247 0.0853978528576124
"cg21205978" 0.0466402885204137 0.058614604007672 0.568311150967515 0.323258074839682 0.272081772915075 0.0478039316865118 0.166819726321493
"cg17707057" 0.073501692411229 0.0489440920912345 0.472030662489518 0.112129441276298 0.0773792991150433 0.0715537970389019 0.0491256772925624
"cg20660269" 0.0297278676198175 0.0672468826026534 0.464229354355422 0.0312384479829718 0.185236043121886 0.0291663197000036 0.0342785940257809
"cg18051527" 0.263543067725832 0.0648533327651744 0.607139406405421 0.329830305290589 0.27094837259374 0.144044342736154 0.0718951190599199
"cg09977703" 0.0343663434947356 0.0460775414710537 0.545260057415395 0.29154737196258 0.204677792639337 0.0278582582623849 0.164588565675879
"cg27540367" 0.213228917538463 0.0799189057552483 0.550950271504669 0.368370687564658 0.0484542182449617 0.110398004912355 0.0468113022831323
"cg08767044" 0.175228921729928 0.190075680294917 0.489008185791328 0.0369620306778203 0.0367678519057389 0.144351347499879 0.0295778972113983
"cg17607231" 0.254796489909515 0.163272018640443 0.595514511314598 0.068562151893494 0.122941586653397 0.362255924547905 0.207949664075369
"cg13538637" 0.0982777750974903 0.307945199764418 0.591681447360429 0.132756730377005 0.283728990525434 0.111242183670512 0.228939175660958
"cg03354554" 0.171616022396133 0.37336426975771 0.546567602247307 0.0759586114585379 0.0766605151089222 0.129491921267082 0.148601754492094
"cg13152952" 0.170317221111299 0.0413248384769695 0.488848118270235 0.0415927001892522 0.0388792656730276 0.144226577586391 0.0346313743224981
"cg09742465" 0.126187879754456 0.0410961846930864 0.486825964797834 0.0496538527491548 0.0535241346111045 0.0732886502611475 0.0465387489389533
"cg00360761" 0.333966593359459 0.074602439761565 0.638984323079581 0.384897094584173 0.126692795343182 0.199973174618061 0.107629923288602
"cg04466898" 0.0764251959958649 0.0483581046925195 0.482681638254444 0.0547227731797761 0.062722130779207 0.0635776144167914 0.0531472765567682
"cg13639901" 0.135337087606551 0.0708499802628672 0.558119575110695 0.24082719515589 0.106281014672591 0.0991686481583288 0.105014223020946
"cg08574423" 0.0319807157895752 0.0899360030128462 0.483132041164594 0.0334136759680769 0.0539654922486257 0.0388451374799017 0.0696421447271994
"cg05614346" 0.0523470315112169 0.0715981466283781 0.494027551520064 0.0704782036863994 0.0543326520271532 0.0545125233941196 0.0524468203122482
"cg11958644" 0.191710400243503 0.188377963042952 0.553384753724421 0.0393816186259736 0.0395608094289988 0.303927075556796 0.0340025928505992
"cg06271067" 0.404207713739903 0.0678833758627443 0.671604017251252 0.305063923616849 0.0962300778658921 0.217564463149857 0.194856601344559
"cg05596756" 0.034201547332707 0.0501801704373496 0.494077791837936 0.0587896189190709 0.0378515911071781 0.0375368008204736 0.0584604388868628
"cg25598890" 0.37664648532507 0.0330993879045249 0.575400401759742 0.115610757900043 0.056530264731085 0.0704679767709337 0.0499260268990636
"cg27485596" 0.185198940716717 0.103623418806716 0.655910725437969 0.203623804279569 0.193975783094315 0.313454899298217 0.191008397682618
"cg09458566" 0.167864938819729 0.0893589529900778 0.576045524166886 0.141474999685499 0.0843439947928481 0.19531457889063 0.0641003315022115
"cg08726900" 0.0612561286218632 0.0701443966678976 0.665084813112959 0.410070513033341 0.232291494007951 0.0685801497746921 0.277443157043071
"cg03466198" 0.129310320214401 0.170313684454397 0.547491444533757 0.169724512657704 0.0328462871537718 0.0746068751099188 0.0260123819810516
"cg20472746" 0.0632969229846478 0.0602122216412902 0.586832764530479 0.239474556632902 0.0942730796677184 0.0702466884847734 0.191098265012464
"cg08098128" 0.0380474904971069 0.0532857933922527 0.528761635610845 0.165903326427389 0.0551905663971842 0.0386891229032163 0.034726279993808
"cg03422583" 0.191623767916445 0.191247140558971 0.57877540144043 0.049036611443123 0.0495039490923472 0.278626621575385 0.0373831526186116
"cg13415831" 0.0818976218654014 0.0392379079515875 0.563135759503665 0.23519647555209 0.0458168723685542 0.0604004198323257 0.0363637131816227
"cg09228833" 0.100855248561658 0.14251401388718 0.654316029350995 0.461651953843972 0.115409911910562 0.113713956511552 0.107329026058328
"cg07884764" 0.077777322389107 0.053076421127772 0.588463175055386 0.0681428177008889 0.195921306327077 0.0633835342581635 0.155515096649956
"cg19400179" 0.116342664377912 0.0779187879220503 0.72096781568264 0.163929140096165 0.380485123706298 0.114161425732014 0.403606430996058
"cg15153141" 0.387249598471604 0.0565819093388941 0.628746607058049 0.0504777861216335 0.0589810221733666 0.237780070901442 0.0548271757726145
"cg03636488" 0.101247312092292 0.117440723100647 0.619228721239013 0.0772283992552434 0.107018265557457 0.187435881844737 0.1322646596297
"cg23966363" 0.0844623067359214 0.0375530949243784 0.586032359634505 0.0978239495293137 0.105310817186555 0.0791710514675966 0.0687443536537004
"cg04960065" 0.0641511374032067 0.0926236325199607 0.55078124198349 0.0363410523454188 0.0371916170961323 0.0633974751240273 0.0339628789178015
"cg06637812" 0.0816591942927517 0.273474132411328 0.615224324299003 0.120157592969339 0.105263197808484 0.0980173805613111 0.10001421523959
"cg13408344" 0.109368275691782 0.101801821389419 0.670846169696136 0.114834173147335 0.173777373435655 0.110702027462502 0.287971716553744
"cg15752436" 0.0512343486902645 0.0456257329211566 0.580200934061428 0.0490563436605658 0.0615638191732677 0.0521537725527942 0.0928775143892653
"cg13810673" 0.040610067900435 0.0323074318661095 0.636733870224976 0.348054707283963 0.0542926730242635 0.0465004475359593 0.108407369264046
"cg02003183" 0.13388347169166 0.0577047484427564 0.649686227109968 0.0518976823295549 0.1155779784877 0.188508176599659 0.190202981082829
"cg10768932" 0.0342207154847838 0.0627574508645566 0.663371045651221 0.0371741027843224 0.415587715528591 0.0330050218439232 0.0359973115639287
"cg20979153" 0.0520590038236859 0.0833089225728755 0.749045685171647 0.488679313375161 0.0539212300157167 0.0459309088256766 0.0546659848087561
"cg01722297" 0.11884489770064 0.141776969325593 0.777807279416707 0.199298457487451 0.125449172188967 0.144763542002991 0.109818724967138
"cg27106643" 0.926229420747654 0.918215669383793 0.809086702004932 0.0954889129442125 0.932579793968859 0.937322452631991 0.948450134346676
"cg17995557" 0.900196259590119 0.793503481372927 0.818325702862364 0.0715281272398455 0.898700919401054 0.90846881552959 0.902127061703488
"cg25131632" 0.93233915982549 0.943148550453929 0.741460301638663 0.116631708935257 0.946824658857705 0.915870140169486 0.947620762723157
"cg02212339" 0.951703312335334 0.934723715004902 0.759702332873727 0.133963072041498 0.958432876018012 0.95668534681355 0.960454501342127
"cg15348679" 0.90401724981155 0.954874454159801 0.723250151641957 0.0975724015070076 0.892821557664355 0.968679486928603 0.905349750327642
"cg17768768" 0.958587951216583 0.956399887434014 0.865277227961497 0.142971739834456 0.952104890287731 0.958025902888192 0.962610653158674
"cg13738327" 0.950619974532198 0.946741247402859 0.842690007652488 0.144625481799391 0.968518887276815 0.929709325704161 0.969337530836166
"cg26692003" 0.973276548651572 0.942968089728133 0.927391475967266 0.161372578761133 0.967930680567478 0.975231776511754 0.974361371744318
"cg15241519" 0.939734133814983 0.835682444698996 0.783101556516812 0.109951345247762 0.883365007428671 0.916254483601459 0.951799704591427
"cg11661493" 0.888240577333837 0.868153077203733 0.851711121454429 0.0777749250969508 0.871237048022957 0.889510893693086 0.877029349118701
"cg14936008" 0.907673830063738 0.887319992745746 0.690719739653405 0.0984190707029286 0.893228314207546 0.900277110857963 0.908118986582629
"cg22212560" 0.921910269755052 0.866597891772861 0.808741689839903 0.0654062661862603 0.705917462762595 0.927579373457816 0.885416135249889
"cg26552743" 0.898718662816336 0.852934269288048 0.601541693402165 0.0857938876004557 0.869087054740009 0.903068606507784 0.858489841214406
"cg21248060" 0.945222733942649 0.709269448226095 0.810727850222636 0.13698686899 0.946822229047091 0.933269424482138 0.946476069662461
"cg01024458" 0.848755504927688 0.865072293481826 0.765529870274917 0.0944852983702597 0.895596071681402 0.858983172152709 0.908220457730403
"cg16148346" 0.894252620682999 0.846431772384451 0.731214304647354 0.105610522747298 0.885067005553873 0.903722728823194 0.892616393221246
"cg14482811" 0.940444559237944 0.881209084648187 0.807865817989505 0.139689976641605 0.923405045521248 0.930684596176891 0.91108412247415
"cg00464927" 0.960553030777014 0.914303297783701 0.880828863894612 0.176742681560086 0.955094066586038 0.963361621030933 0.964145490950233
"cg21596498" 0.883528812245624 0.835231976283389 0.657990569332008 0.102012196194729 0.883391224722716 0.905401064737595 0.891567776588672
"cg00760938" 0.879291026021101 0.801199731101976 0.596065434016913 0.0871123191495764 0.882413173578315 0.87590042152339 0.870369915512332
"cg15532942" 0.853619594632915 0.828310426539655 0.628118008310674 0.0912745093619072 0.888170977853655 0.869607480671741 0.883691670811151
"cg11699517" 0.977090823000946 0.961008536770335 0.844829205478033 0.186904589742731 0.959034920922747 0.97457003519718 0.941369977876068
"cg26318872" 0.900037937070074 0.891808870057778 0.78977512500738 0.129173620437002 0.900216169163536 0.906689651799229 0.905703622896125
"cg13356455" 0.876211625736362 0.810484089403468 0.646590109344189 0.0940246149242098 0.878164955554299 0.865067032522547 0.876669088364078
"cg17232476" 0.884477390994624 0.840814221656559 0.712139785048978 0.103927407178774 0.860016092667299 0.887541666698976 0.889836152204798
"cg18184053" 0.876969155065067 0.736807396186138 0.535651307644241 0.0668436837233708 0.839225765579846 0.849731791221666 0.838786605084711
"cg26438284" 0.909685505851554 0.820269172377064 0.818951076493438 0.123132816930464 0.908747844679293 0.860382190138908 0.889411021276398
"cg20666585" 0.876664123245765 0.784292718884778 0.796613985006235 0.108401158344567 0.890305835693493 0.855615389619839 0.891682791400895
"cg19260718" 0.888976340758901 0.851162063772045 0.64263721413842 0.117047472907404 0.885559213657964 0.889994057960053 0.887123211265189
"cg27304328" 0.898628842340428 0.854947283904881 0.625705919447003 0.10322367876985 0.857878809797822 0.906827440674194 0.835142929914553
"cg25683989" 0.877390968833006 0.85073282760856 0.60726939557087 0.103245716788523 0.86449412543703 0.870739189663327 0.871692805452771
"cg14066207" 0.836736666633525 0.907172233641237 0.734988158102596 0.133789574406444 0.949347401458851 0.821841423696569 0.948363251592614
"cg04828493" 0.942768508490763 0.672030592035632 0.941383233865122 0.137359654171595 0.841221243007407 0.932921836714969 0.959591960279791
"cg08162476" 0.93286820835984 0.785954737019902 0.599779217686411 0.125999248702204 0.822585321019997 0.939836980433082 0.919469552476853
"cg27565966" 0.876727617795871 0.652062055836845 0.662875909933107 0.0908709416168123 0.864465539073575 0.875148313896715 0.866136530220752
"cg18590995" 0.873560322853166 0.840615612086359 0.578693034124061 0.0801613532338689 0.818891096397628 0.88012611194523 0.80225436742629
"cg20602300" 0.879352261943594 0.888815167325662 0.847736754941385 0.124851151919835 0.877487983427657 0.87485295921995 0.879022600942074
"cg26795340" 0.851318588786819 0.790635541556564 0.689176824203462 0.0863201293907822 0.83700626461472 0.858618097927895 0.845416211603663
"cg11774624" 0.918283413439061 0.942710510325079 0.908079343089717 0.16700431796761 0.918027791079331 0.9137969117627 0.918564509261169
"cg21743182" 0.862454878798561 0.829023026688461 0.698980594876091 0.109572477466095 0.865357317650158 0.871012773237902 0.876898907718878
"cg03860768" 0.846131423721989 0.832796748952465 0.578166612444507 0.0849267076398058 0.859523926777001 0.793552082749085 0.858749712694392
"cg20452738" 0.901470325594296 0.875101059149013 0.667776746363527 0.143243311808115 0.899224282200878 0.907106926286843 0.896834599729416
"cg01868869" 0.897147904269363 0.889651821653077 0.680308288422472 0.141014754716777 0.891071331179982 0.90030364875817 0.893329851329024
"cg07721872" 0.803958308857963 0.855117143712336 0.849485347947652 0.115849842438197 0.896301322795217 0.852196379266442 0.895845220668166
"cg01869288" 0.83635648564187 0.807689623121422 0.649377812715428 0.0939550794709207 0.868606272838092 0.809199411419685 0.871949917837006
"cg07145038" 0.901326699575763 0.864941554010601 0.552390581536688 0.138249887088346 0.90640566761503 0.885696289122196 0.885317601255345
"cg12976793" 0.879208638015275 0.873842401231965 0.671173208386267 0.140524564504161 0.897881967998607 0.883069806077975 0.90726028980948
"cg15035590" 0.880965466222674 0.878962054783417 0.739892174584196 0.126469777807332 0.86012107959051 0.8763596143938 0.879301732034028
"cg05524458" 0.910144388251596 0.850981527375214 0.64210418362763 0.118170975234544 0.889083928674843 0.925841399302544 0.767632895373504
"cg05480110" 0.963453874178052 0.938307671654342 0.834591634544138 0.216927186833845 0.963214525121705 0.963393101813866 0.970407774493745
"cg12459502" 0.398402530886967 0.245499045501273 0.596837569077184 0.773609284524002 0.0727424280483603 0.443612898154725 0.214491432640456
"cg03261800" 0.323025266636111 0.217808186138352 0.130312462117626 0.764437804973258 0.216768317334286 0.353692280047997 0.213083196696771
"cg02304370" 0.225078680548194 0.768592853995314 0.789004008216385 0.874405461323248 0.360394239810241 0.23688205527189 0.432793195268584
"cg17092523" 0.0606211263195943 0.255880942076162 0.615707508512526 0.645261068836603 0.215234678352122 0.0913785352451228 0.0571170478615587
"cg09076077" 0.55820414412946 0.0712852441267789 0.506457228799776 0.784642000406263 0.068304103690045 0.541970828725335 0.0566109162468873
"cg15030789" 0.270318645841155 0.366781367150002 0.568421242450502 0.720587779353066 0.104136561068787 0.314689735985499 0.0708208314733288
"cg07285237" 0.131937704485753 0.524863015801625 0.520135511143942 0.795230838087337 0.131856214469682 0.19192832335455 0.506477204994927
"cg15595502" 0.296210870556802 0.612228221727802 0.7147367802293 0.799312322765397 0.229922093105532 0.234826587260526 0.167622510408006
"cg24834394" 0.279751641248082 0.343622189823509 0.646177990403531 0.821334310235052 0.394755743089915 0.413278896026854 0.0514552196904719
"cg20541456" 0.0584240712703598 0.362626270752221 0.399865016038531 0.620788285905289 0.0664511268632508 0.0695274577064764 0.0208555741297328
"cg03798942" 0.0825965951546221 0.0851335330096616 0.304553104339499 0.745376551374654 0.546630537825874 0.10379327959258 0.075186318067577
"cg25336765" 0.418040084165376 0.0837736730251128 0.52465423619448 0.75498266108014 0.103612145971762 0.35039772696287 0.0749844846630479
"cg25518868" 0.057753549385703 0.151363570350807 0.728037010575858 0.613289265548033 0.0490483655568767 0.0557250011919799 0.0390650045083947
"cg08698943" 0.27422436303536 0.319194196437235 0.534081839629302 0.825298025979349 0.100635239435933 0.378600136711074 0.392003886689357
"cg00874051" 0.575040404320854 0.345967365147453 0.524909862439726 0.840465976459257 0.096488179354239 0.544904572703002 0.0470995749559134
"cg27507284" 0.384111337906067 0.098674687554246 0.58745113629437 0.731239212732878 0.0627040629953536 0.310208155603467 0.0522624072162542
"cg24536818" 0.0738156446029883 0.17384248983907 0.0403179081025433 0.680190281098843 0.123838131237514 0.305353901040975 0.0911537499803782
"cg03889263" 0.121585954908795 0.598245918327623 0.203835354002743 0.717513269188494 0.0847361151226798 0.306906518212961 0.0771173095841385
"cg22677556" 0.054806488973258 0.43298884213872 0.630363536474499 0.799335797989 0.149807974027214 0.0560728114855178 0.614425986563342
"cg14284211" 0.213990010514487 0.525376642740576 0.390596734340465 0.697256248102592 0.0465304384116325 0.176971032780509 0.0370462826280386
"cg17950348" 0.595186204653704 0.0645031494219499 0.541651404489039 0.80862567698706 0.0591525093148382 0.494637674064845 0.0388149663429418
"cg20450123" 0.267773903810386 0.100683428308581 0.499173088437799 0.721939447810216 0.153725504103196 0.236890150338387 0.0586657955087862
"cg02779913" 0.40664966466894 0.164181611950644 0.370570317236075 0.741570554502903 0.0392652620932197 0.353197887703072 0.0284591630643042
"cg21291385" 0.129427694256364 0.137055302457751 0.666101577655058 0.738371864808129 0.356696808071815 0.122856814076252 0.0704953791356354
"cg19268695" 0.0712558529451087 0.0770936642409403 0.58725706049661 0.793167157774724 0.136805763252894 0.0773966980344176 0.635076440128454
"cg20317872" 0.0474417996286092 0.103936111413435 0.713422198052077 0.845662973398411 0.309679079427398 0.0428032356736024 0.670853183611848
"cg21638533" 0.422106637166498 0.778466792159257 0.705719742625634 0.86579202467937 0.0554576749881873 0.555107710058503 0.0469511867148705
"cg21278103" 0.406331567557456 0.413056104090337 0.0936441881022912 0.826745467196434 0.113233984808831 0.509304867031368 0.058409118700589
"cg15354065" 0.0741130550013448 0.639572322327839 0.329584166462197 0.790952971736672 0.0772173035962109 0.254048631163152 0.326299725647339
"cg22437221" 0.0774856245494912 0.416661919230552 0.533842307085491 0.824497885866025 0.548210225148494 0.0868495799798454 0.136753003899776
"cg08682625" 0.198922125637846 0.244600544208682 0.526039841400123 0.739613607818139 0.1061518957495 0.246738539695933 0.0757520106035988
"cg00970435" 0.186013439191254 0.0722760156524503 0.459853759489637 0.728362865723837 0.249607193918813 0.0889795077365896 0.0712869459124179
"cg00058449" 0.513519529625354 0.0786426944257465 0.655781899956328 0.876224466998037 0.310415938909751 0.212723698634093 0.195492511938051
"cg15906007" 0.0830863950912589 0.0800660283625153 0.112175521851469 0.704175417447979 0.250865416465771 0.0783708244762071 0.0843919943688916
"cg20380468" 0.0510665626849957 0.426966907204531 0.600727799676268 0.81482377756157 0.452747026982804 0.0788102869049451 0.154919218365228
"cg01054402" 0.080643249112804 0.498320940740502 0.371970329003643 0.777929895370346 0.280008818664701 0.13166943040985 0.0549249582589412
"cg09300089" 0.402278787738085 0.0606918027820192 0.582662432345812 0.779433952834175 0.0653787014780548 0.185854426053467 0.0478980062087029
"cg00619207" 0.0551838946217121 0.0842832381517389 0.524143091505227 0.791986750475939 0.085916016760778 0.0520563040755265 0.484271058797801
"cg23357708" 0.197224736672827 0.130027427938366 0.387780223106283 0.762565251814218 0.0501959010579597 0.199325464057602 0.0509501653784909
"cg25616055" 0.0568161577457325 0.0674633598370752 0.37635332101758 0.711344425239381 0.0752567385220319 0.0949396149702506 0.0335278938071111
"cg07635227" 0.128754433545577 0.404970562871838 0.534525984813479 0.770844882283062 0.0381372734325845 0.136908393251277 0.031969852234489
"cg14317609" 0.118134580651112 0.0452015386704322 0.0420908297884071 0.761526261679168 0.0880775932475374 0.157157828165883 0.0803348990605094
"cg08560387" 0.0439066054174747 0.0423740673892236 0.308749195818431 0.706835653078804 0.0373616580792456 0.0324809796554409 0.0301904323678891
"cg17266282" 0.13734542195876 0.18482950937828 0.80993990394754 0.841967414136557 0.170134122790493 0.213973558715873 0.131518071319413
"cg19269039" 0.0377730076611357 0.0702179282048504 0.648761682713848 0.821967170133802 0.0929271867485761 0.0378463129119043 0.372746059823272
"cg01156249" 0.258218971544259 0.603652203782373 0.704025507234539 0.875459472280395 0.0695656211760246 0.214692598708274 0.060969000285638
"cg03429643" 0.0480023521385384 0.0482790224006003 0.361777392202833 0.742642324836622 0.048959090514278 0.0433622457606763 0.0349248005356896
"cg02606840" 0.0362350029641558 0.0471585823710802 0.526148120092428 0.770112654561252 0.145483518844695 0.034185877137189 0.0296369112681915
"cg08864105" 0.0979147308064401 0.103339964898423 0.489096773232652 0.827511108893993 0.0699648180353129 0.09147376435513 0.0755092964948459
"cg23244761" 0.967673479256517 0.900032649681879 0.906526202137943 0.956228119129636 0.100277326657238 0.96498593010889 0.966126598478702
"cg26872907" 0.932671458882131 0.86092978309218 0.846489775803196 0.928294164897458 0.0725629675691679 0.936099282259474 0.935500182921653
"cg05923857" 0.837096114540682 0.881492171632935 0.86622647766341 0.920777607382757 0.0784578721894155 0.917588563559775 0.84610927709789
"cg24788483" 0.903381407458875 0.889687681750119 0.835127820332823 0.935373810788006 0.121254243706814 0.958390587534859 0.901448134845987
"cg10480329" 0.905060964723414 0.865034277189402 0.898564681573108 0.876962482814154 0.0947410226056135 0.899720070347175 0.847299875587037
"cg19835973" 0.899975050658446 0.844058201801173 0.798033020314785 0.931917612300564 0.137943537437919 0.917828356503877 0.932986416272304
"cg20610950" 0.902970540661546 0.854219449895938 0.868130272233838 0.892579350038216 0.0699826008917672 0.916926745571067 0.594989820803716
"cg12655112" 0.896356428785183 0.890996323996914 0.728356948738549 0.867078603495727 0.0992843144099257 0.932860148835771 0.728932666057997
"cg04468741" 0.844373159751725 0.816457558266137 0.798906959706264 0.875246406306 0.101047344260735 0.876868117389446 0.828106577253863
"cg18066690" 0.897432940846662 0.862923695791126 0.775019788809576 0.894962475944894 0.142267830531561 0.892994964178706 0.892815357161865
"cg08908131" 0.847899802229224 0.778019943905091 0.568081708032928 0.846066202498176 0.0880798227286064 0.822810651208225 0.850340487408465
"cg10624395" 0.883466414761317 0.851476411698216 0.756831294462485 0.869384632987981 0.136260241840498 0.881283009199371 0.897429579587864
"cg03339817" 0.970326417589682 0.928109311156293 0.680727407183113 0.770307799516166 0.17305339881959 0.972516474661049 0.973612988896118
"cg02244028" 0.887908466875628 0.823794872556689 0.64731180826035 0.875808235136357 0.121835724546853 0.882228047760918 0.840473145882387
"cg15816012" 0.829549959005665 0.7650936407651 0.798308550777838 0.90176952980046 0.125629998512317 0.853355417061207 0.911617334437158
"cg14109551" 0.88757515825734 0.831738604793651 0.542752028379907 0.87872612215498 0.112740302330057 0.895862638241702 0.760330381812186
"cg22675702" 0.84351979913121 0.794768128475687 0.835932273993048 0.823606778883829 0.100137064627497 0.85004926353809 0.811571137915369
"cg01476222" 0.867038594857119 0.80090447189158 0.850587768176421 0.748526419135787 0.100681472249444 0.795764536859861 0.869246359719548
"cg05445326" 0.917704082249833 0.824058307577579 0.845379059345289 0.913213952953405 0.177322200489295 0.888092289554795 0.895947697182387
"cg16636767" 0.87267004969705 0.836884433104071 0.834426520016731 0.838782807631475 0.136228501150751 0.860090178465849 0.856437059706851
"cg11186858" 0.970933961401054 0.881091080017303 0.926503582099054 0.954559642238798 0.138411235017647 0.978942884804197 0.527141525809809
"cg26326621" 0.869503884666801 0.839470347115434 0.793750250798566 0.848256886279571 0.142761271134561 0.87494787046848 0.839881393157955
"cg16429499" 0.897266799880962 0.797219968016226 0.643413757373689 0.458605490942848 0.0716032175532994 0.915498356958692 0.890259565551209
"cg02780988" 0.832556096050658 0.77699323373455 0.547233389822048 0.76968479620901 0.0998722342675604 0.831451737987455 0.832816227428501
"cg01041239" 0.697621745170854 0.818795153511527 0.822554953921146 0.820636256895705 0.0775070226478255 0.767414704977308 0.81593563944976
"cg18770149" 0.838268659093692 0.793570492407874 0.590823407195131 0.868635294192593 0.135726096495891 0.831713768162184 0.859397120258689
"cg07002540" 0.819220133225641 0.746221001591476 0.578535712149867 0.867458906256089 0.0939414177423864 0.850651134273505 0.702338794333193
"cg10154880" 0.890257444168985 0.672578904790951 0.686148863343223 0.573006405103934 0.0898275252572954 0.899119393774623 0.88393172874347
"cg07213487" 0.895699339308229 0.779587547818743 0.847327529639088 0.68920510129201 0.135522388034198 0.902174340128205 0.896565278150699
"cg20641531" 0.887506602864089 0.855012598995837 0.814715373760853 0.879510352972882 0.130214707543948 0.890638606995902 0.681084898473005
"cg18835472" 0.847986225215174 0.773926715313111 0.726445660354647 0.802072134066885 0.0867336914708285 0.863073306365487 0.645549724223026
"cg23391288" 0.847029789698642 0.870340028413214 0.750728661556498 0.856543280136536 0.170605460021571 0.856931440873027 0.902804444505162
"cg10499974" 0.895545808327951 0.835457698509619 0.578169845324846 0.847254838509289 0.058111915108321 0.910786963109849 0.393881929494585
"cg27366072" 0.877313959038441 0.818412538768125 0.709273592368292 0.81655154344637 0.123809120947785 0.879553153639745 0.724223306683248
"cg24365417" 0.846664017261265 0.731609825054904 0.334130578547494 0.836160763258938 0.10067067059299 0.843127500168018 0.724244770459489
"cg09220326" 0.887962370371086 0.830969991073073 0.72843441332188 0.882444585148351 0.0762693603491274 0.882380071674996 0.429929309788386
"cg12422199" 0.83239697599714 0.762356850909092 0.772247645158758 0.65370668418916 0.0916380687414588 0.809111303129413 0.83334627098608
"cg13290254" 0.895184267396527 0.872170021631398 0.745252163140657 0.855447101072676 0.178937588341773 0.889151545951078 0.840457238996537
"cg16875057" 0.864242903758129 0.763958571643752 0.526520316669541 0.860045432836627 0.106028308638413 0.878726166006013 0.628711436902245
"cg23146741" 0.829620212951459 0.784667277991977 0.720994645325441 0.7430524567344 0.0963110108638018 0.786133890435101 0.775699942571568
"cg25856090" 0.897798483708047 0.804656659131546 0.630183169277478 0.890551721037075 0.0890362753129668 0.905431787358178 0.446555609329646
"cg10278149" 0.866360008361679 0.830993980426242 0.564202223000974 0.780052124874667 0.0947319475335127 0.84506150540646 0.646368601395423
"cg09856274" 0.878061181803748 0.750431971776605 0.872400659217629 0.573843845060937 0.116682410563008 0.895146952588532 0.883761829354887
"cg04045544" 0.854909348369156 0.811721127264927 0.654799065055205 0.826273571075355 0.149595231636883 0.849888768958872 0.827219304290852
"cg17117981" 0.903897245401363 0.830939893584093 0.75866238841295 0.817916878686041 0.0746405358167217 0.928879810200734 0.406343471857889
"cg00101629" 0.856365442361526 0.843800420357683 0.664049174246521 0.736188357325515 0.123574862251015 0.826256725766777 0.804362620990137
"cg00288598" 0.697093592385135 0.907186921300945 0.93339048741564 0.94316147577612 0.142291815332168 0.8448397673069 0.760244795962156
"cg25517015" 0.835853441171474 0.834572994031111 0.717207088034169 0.858735552337041 0.110296440577413 0.824226390341773 0.645320879892271
"cg25898577" 0.88748220935241 0.806387900231149 0.735079136023256 0.899791071317055 0.171308993436871 0.888544287857257 0.756093495747872
"cg15872437" 0.863213627496558 0.821962879282322 0.702703047758085 0.864758454678309 0.129898142722037 0.85456829861192 0.659127166171561
"cg24010658" 0.0491127078382661 0.244929305078646 0.759086455212172 0.539834872789973 0.887058793580257 0.0537759986243711 0.887664171218516
"cg20611272" 0.135844496291329 0.172352024323797 0.623853675046261 0.435697138958154 0.894386119747268 0.157834745114477 0.891525302689206
"cg11316887" 0.206186475013015 0.112434257865814 0.513471133602645 0.124205374062815 0.822553826481784 0.137135586368101 0.878620482879957
"cg03916225" 0.0757869485560219 0.11550234877737 0.444239909092571 0.332406058719975 0.815903188340792 0.0754008526470388 0.812039125910571
"cg09621572" 0.132298085850449 0.0891189949883752 0.360306311373148 0.112635402802834 0.798464958813053 0.202096538041185 0.823690675981756
"cg17161520" 0.0747155036130551 0.15918076504197 0.565650966547104 0.0645569224756364 0.763662959147185 0.0637691038357298 0.827147618181217
"cg01170124" 0.0546811466599004 0.415184461882346 0.776488063427788 0.350206020495508 0.870131832256622 0.0511640741333647 0.893725965792163
"cg06208288" 0.192912897893369 0.133711723683432 0.67323934436714 0.472091967091694 0.938680165489621 0.171898102290641 0.940247914906832
"cg21830221" 0.091160405511051 0.122171158780164 0.462491947349598 0.0758899071125329 0.761578021656378 0.0831432614935067 0.785506066917943
"cg21959598" 0.127588665983614 0.115746224642797 0.668717684963242 0.130764851725016 0.819382695782971 0.15536747270311 0.861818742862523
"cg01367992" 0.100453198706727 0.367768089104588 0.548193954531571 0.432314190870272 0.899608017407807 0.0808399595152082 0.901430992472895
"cg20055861" 0.161339722102845 0.330182415101134 0.564100863544975 0.0695882298807466 0.843226215091519 0.231558102801728 0.862337308678001
"cg02402436" 0.0687852270967533 0.0776692493229259 0.358988101495851 0.0523544945488047 0.749848915182079 0.119579842601633 0.771982953959006
"cg27027055" 0.0618707388586683 0.188738822401076 0.668353560247784 0.468868075194542 0.874450906311835 0.0545320709032758 0.86160941780213
"cg02879423" 0.0764361708951655 0.119833276907602 0.565976891169921 0.682789564658783 0.73660946983511 0.107922054182358 0.0642793038434712
"cg03728799" 0.106216128182359 0.262082188923506 0.54856250611228 0.124581134746334 0.817996783127103 0.138205956832638 0.839787560974949
"cg00484711" 0.148791061338067 0.805420309791327 0.525086486345567 0.448983901772817 0.81510519845268 0.340496559885757 0.131812663719267
"cg08224785" 0.104791645036967 0.689751037216292 0.612904997705466 0.25058550276202 0.737364544316955 0.15009796972427 0.221705998910525
"cg20513976" 0.0316475275491636 0.0954581772978283 0.128983282164407 0.107792480727502 0.760443247037677 0.0243928124631919 0.873797389361103
"cg15519096" 0.0627632922688487 0.257571142232657 0.266206159152771 0.288772992774381 0.841398399366893 0.094912124486226 0.874571567715196
"cg24520862" 0.0598282566161523 0.11268884828099 0.406076079991761 0.112438040218107 0.758495094464142 0.0559127488379366 0.759066864576854
"cg21577598" 0.0436104166074277 0.167817330320599 0.64082506996384 0.391125949828529 0.855136747111429 0.0514778465452707 0.847824953220603
"cg17587997" 0.200995830570569 0.107274093955744 0.612917965922107 0.103756721015055 0.839050786660573 0.138497742095426 0.858234831012039
"cg13554018" 0.20929488649965 0.107496593800243 0.534512865270787 0.0845501278666861 0.820591196886816 0.143125917177347 0.793987983562195
"cg02505177" 0.164649043512665 0.15902704128644 0.565971678428478 0.0612541338714438 0.803564123534344 0.0980831335340004 0.796465540324324
"cg16219283" 0.136314497468896 0.240154367212227 0.71906583873257 0.124598822541011 0.859837388934548 0.198591127990236 0.871271224823637
"cg19510565" 0.0538617166234947 0.11659269122137 0.568308276373927 0.182438719941184 0.797932028395542 0.0463534317966498 0.802063587580571
"cg27377289" 0.0863341162360903 0.80292949141334 0.764762706030818 0.0823518373701715 0.89044356144391 0.15649413346002 0.9035216714385
"cg21359303" 0.0952966070332911 0.180595004498754 0.903516083147661 0.343811752082617 0.903084196456246 0.112801225300396 0.918866939604507
"cg03961551" 0.0870606935793704 0.137226238170645 0.426909597045927 0.19327388356997 0.818413663304313 0.0821106232627204 0.808559482576137
"cg07069934" 0.0676592467519654 0.379845233797432 0.74220916718428 0.120511308805161 0.830819076764493 0.062635029588968 0.839544672100039
"cg12609063" 0.076599893842105 0.0972359589799302 0.472110803406259 0.346807755894213 0.806438467845865 0.0697716623914713 0.61910043850026
"cg19097880" 0.0531005732642754 0.10903871264114 0.192296316746802 0.0588828023855783 0.749997060423868 0.044428777335027 0.730107996362983
"cg20805133" 0.0580433405161598 0.277358844352414 0.73705875835511 0.299303500995481 0.894333230737065 0.0620293166484907 0.929435146610662
"cg04722215" 0.108571947039174 0.159688398976667 0.674164632668273 0.293450853675691 0.869006356970693 0.0916861883613158 0.803117979805984
"cg21999229" 0.114995880560537 0.147223508013963 0.527733618865482 0.0935564487236955 0.854282262733515 0.186602894772061 0.873156016929091
"cg18148314" 0.0821386579707046 0.0998595831843717 0.490597678221595 0.219634737063574 0.848133476844989 0.0729668822904239 0.855203574678956
"cg26217402" 0.233592582225226 0.352099064003008 0.390251980320681 0.142209313879282 0.897390914512181 0.136623483060404 0.866258802630725
"cg14597739" 0.145054038174088 0.161182530323646 0.619659440599701 0.130709653380166 0.891887209280384 0.224799948611892 0.907392492717125
"cg14165142" 0.0646456737023462 0.249953190820979 0.168259973640827 0.211395004407804 0.847123098037569 0.0596205983146561 0.844684910683118
"cg10639435" 0.0740967777008973 0.125443950168096 0.54508647049719 0.468203711118347 0.826203838654493 0.0935865761777618 0.476147138991728
"cg17078393" 0.102171222729502 0.308287275743211 0.654782101763948 0.115419783496007 0.861930517946663 0.0841248116831618 0.871378328302133
"cg03795574" 0.0873617717823741 0.336879973748112 0.664097356851418 0.092843215560133 0.674649547369251 0.134928026981693 0.0794437546463034
"cg08169020" 0.0522635643316401 0.150526530050693 0.820700377381164 0.290872592302888 0.889517464475531 0.0411731414687824 0.909771875662805
"cg26348243" 0.0948246375235145 0.539883058830757 0.764604296223174 0.170209150487975 0.937257868232431 0.113605803688314 0.947619826779621
"cg14437551" 0.0915721119536918 0.0826527700475616 0.40718537937701 0.0723484187474677 0.861906256737152 0.153959523791821 0.897477581682906
"cg14441276" 0.0818801094249125 0.129998025553379 0.439540118671685 0.0571229274913748 0.840806598369777 0.108856544742611 0.847838663334305
"cg17169196" 0.109886389202704 0.213213357157382 0.680152872553384 0.102149564856006 0.896838013750161 0.154651428572397 0.913221199279149
"cg23213217" 0.0881273283967344 0.458566427828088 0.684220666742286 0.413869673794062 0.788696128680527 0.0958408982321537 0.128121476335434
"cg02737268" 0.0880349751711432 0.624314070534069 0.875734832796314 0.0792968240741345 0.930767587149643 0.0789143497577836 0.953072112273237
"cg00219921" 0.794387422199956 0.807727257228744 0.755082395662328 0.894986135241323 0.888075278104978 0.124441517027379 0.891438665791411
"cg25939861" 0.768493205376656 0.569586560798222 0.568271523747728 0.850516132644729 0.851438487091078 0.0761468996897936 0.868183054538599
"cg14094409" 0.398437090765261 0.211008324027438 0.860555195373799 0.899151340394825 0.962673335771468 0.0649621326004676 0.972558864470244
"cg11531557" 0.586698077471181 0.804092566087281 0.727503615779568 0.887010342004125 0.889949630585187 0.145447540064389 0.894384870041706
"cg04042333" 0.489531082921075 0.144003395417747 0.788728136341512 0.864417114568553 0.960808851138618 0.104495880196955 0.971025019201854
"cg22512531" 0.436378455702193 0.289099613341285 0.759262735981494 0.866802718035035 0.875789624098008 0.0744328028230505 0.883647224328479
"cg10977115" 0.346952857076763 0.333504004947194 0.699607039269881 0.878364770529667 0.887843412206608 0.0693986805762348 0.898038860840938
"cg14506192" 0.463175433450827 0.185807144875246 0.79807141160543 0.858714568277451 0.892307059641182 0.101158221009089 0.900810229034924
"cg02324835" 0.337907054578782 0.730916159770133 0.807678379416631 0.862062886378291 0.855924126451647 0.109123496168137 0.879127011294229
"cg26234900" 0.305793080121726 0.620721487237274 0.835943649986476 0.737028592567087 0.89460685745328 0.0876734562991206 0.907952457812482
"cg20105257" 0.447541749617246 0.955325001132118 0.884981210086377 0.920087023148253 0.961284912324156 0.21792950065101 0.968988923502054
"cg08418872" 0.652575095083484 0.285803276464141 0.870718920751037 0.93023274403984 0.936598672065695 0.195965888433389 0.912143666071281
"cg25350872" 0.877722341398461 0.893505109728947 0.715004897445786 0.922658341512402 0.929156133155013 0.289951944544616 0.93662413685933
"cg04759756" 0.375682180757653 0.667506743570898 0.734114714967754 0.889651065247187 0.901162503985908 0.160331281237395 0.904576342705187
"cg03030267" 0.341738557897904 0.626892846589945 0.621799591547041 0.800507900982149 0.869371488595877 0.116008572722141 0.873565299176094
"cg15880738" 0.0690408433233405 0.607453164281049 0.629036850127578 0.846770642858509 0.866865934635809 0.0673941407712113 0.867781677592971
"cg22689323" 0.0779636515573151 0.364069679903461 0.55792912961283 0.877540367670801 0.864874815352736 0.059248317249227 0.882045050482755
"cg20894640" 0.163739319967941 0.169325990164828 0.760170974546595 0.871667909232183 0.888560475026577 0.0756394510227459 0.902268363659345
"cg27470208" 0.0952013844467743 0.390338380857074 0.686048415372116 0.854020082964158 0.875640745453418 0.0688309070187427 0.888492599956493
"cg00277591" 0.0659470679532432 0.165602497263959 0.844255143027055 0.876788843722208 0.89956458637613 0.0559025646725308 0.870724423070094
"cg03172657" 0.195246104747131 0.757059833578334 0.920377540594306 0.906428715763667 0.758192400018137 0.0758791089375521 0.73982718543024
"cg19529732" 0.180962134176012 0.108072146970282 0.634610152273682 0.773432208142329 0.860972507997062 0.0384931857189652 0.845029797207415
"cg16374333" 0.0898876751258342 0.357900435094916 0.786151920653221 0.866403945156773 0.870841897158438 0.0744990330985889 0.878423852883933
"cg09232358" 0.167699259619891 0.821619130836767 0.532590621979614 0.872660367910966 0.849110801123439 0.120333310438565 0.878749311954946
"cg23752651" 0.662656492535366 0.293922268746586 0.892877518038836 0.881201329664161 0.865133784795859 0.184948986411955 0.825372225934453
"cg10111816" 0.0706974566290249 0.787099012854509 0.746252437111912 0.820171022560683 0.841800423968338 0.080396583196311 0.834881938341154
"cg08450017" 0.105103009885317 0.369317654452653 0.828491940372473 0.900095540295785 0.917407558710243 0.116682413756397 0.939284926782094
"cg09354050" 0.0568837815831747 0.237815906492871 0.190837553526335 0.851450679847141 0.878329486220337 0.0487038822168559 0.88013307073908
"cg09088496" 0.19327953113996 0.232511432336582 0.772628041870862 0.854949460194416 0.878240859855773 0.0958554859926921 0.890139687286461
"cg08109681" 0.0842266279067659 0.136391713767397 0.68632374061777 0.834135162673768 0.879100028077499 0.05688938064266 0.877399458272823
"cg26137915" 0.0840537623925039 0.495622724067854 0.716781440382923 0.855522109468456 0.866131044670565 0.0887415873505202 0.877518481779057
"cg11804414" 0.248815680719956 0.126244328619519 0.670775483849033 0.758819229913658 0.847317729625989 0.052199783332088 0.809298866798416
"cg18857618" 0.782175388271369 0.874160312875735 0.716183326744651 0.86617497498116 0.86933538917683 0.264912174086001 0.860755332497444
"cg08622923" 0.410675458603589 0.167083166746962 0.645425345947322 0.786575832063847 0.840081399983385 0.0943882129643255 0.813179588093119
"cg21330949" 0.13788320304526 0.135088021355774 0.670474446562521 0.806812781976657 0.856428287643895 0.0548457684127101 0.860920509111808
"cg14278300" 0.0784313720883177 0.188161498037096 0.681802613151441 0.837390805564398 0.871347386891009 0.0625454730457971 0.882939274595205
"cg07573020" 0.0564380074259222 0.282340032002148 0.848477205509974 0.843431095450226 0.86922092833147 0.070626480081783 0.880614063957438
"cg24215459" 0.127657918405583 0.680391094120565 0.493610606020233 0.702838240053902 0.852792155077155 0.06589520001994 0.844080513451132
"cg09453312" 0.0523807231838682 0.115536810111476 0.627286997751266 0.843022013509891 0.852260522563768 0.0488252003624272 0.885653483597393
"cg08691577" 0.785590111996003 0.154552135360969 0.787924133361812 0.674901383961314 0.887707076029844 0.182240050078317 0.887733290992256
"cg10831212" 0.735620494169337 0.290559985284399 0.0383176840771659 0.172237222205082 0.0461466840465435 0.799577102891986 0.0388197395561469
"cg07133930" 0.594442928565702 0.349638046250573 0.28990903410711 0.195747138203932 0.0534978337154131 0.788748860183051 0.0434368215774647
"cg12118504" 0.697614022608766 0.374794821199564 0.0671652840689665 0.100074498822402 0.0769316677482198 0.802645244357529 0.070160102412775
"cg15244101" 0.679539473269081 0.462032153344874 0.131672896660416 0.296857497647395 0.052694908524609 0.840246792704097 0.0445872425580607
"cg23950714" 0.867297629650334 0.720324792204033 0.204549911111918 0.20903602929658 0.168127007700537 0.927206801351714 0.117619101853756
"cg17534540" 0.573320666454409 0.582404914416844 0.0477369750841015 0.215284501714022 0.0439636035032723 0.805911121243185 0.0356780503113157
"cg22948808" 0.741765855925777 0.456605161696657 0.13289904783028 0.226382452529844 0.0690878022395064 0.872789814105499 0.171381181312114
"cg14101485" 0.828340014804192 0.322332708168082 0.257442250740188 0.284404623991863 0.0933626527367791 0.886333375253675 0.0826833068972338
"cg08215318" 0.757089893867552 0.693660152208906 0.0645913189208136 0.275836073370802 0.0678036988554335 0.890260766942843 0.0531021375925005
"cg09370867" 0.861676150371062 0.172229789275071 0.0840417118856211 0.224193222566998 0.173955104161819 0.911900201925927 0.167476761551309
"cg13795831" 0.867421399636944 0.670985969468146 0.382439954983309 0.186292429058514 0.121110831470026 0.931270856068469 0.121565200300902
"cg12426092" 0.773584136591367 0.259455017602148 0.0588692760141943 0.135151154212369 0.0711384134347258 0.83670678991932 0.0635433398628117
"cg23018755" 0.810947095055177 0.241492291200835 0.127082588776404 0.364789427068925 0.0777602069115393 0.898523917110042 0.0637976156417326
"cg13247398" 0.500360271553946 0.0743416152674499 0.103026364239592 0.112269273756775 0.0633799697592811 0.761749591530958 0.0571544108956469
"cg07799277" 0.716471671460089 0.465486667339338 0.0408777547511972 0.109767325416358 0.0726081899936248 0.837799166486315 0.0552498390638501
"cg13443575" 0.645064917969999 0.0656572008117861 0.0472821922659297 0.085053233471216 0.0535100562605303 0.780305218595087 0.0471668094360673
"cg15381475" 0.746451419047084 0.250052101193936 0.12756036667081 0.223491276879153 0.0273541236058988 0.842370909011847 0.0219494184966708
"cg19118951" 0.761993207543009 0.527036301478552 0.214903364287913 0.322620378057405 0.0616970231336619 0.904936188022515 0.0265012873677814
"cg09145126" 0.7912814652809 0.570524080659925 0.102798638050662 0.0925178391705035 0.0652422233398164 0.867455451346694 0.0500543235705258
"cg04354393" 0.608520477314247 0.0621691714517194 0.0516069425753416 0.0484696861892342 0.0429658843252584 0.795154425969136 0.0352602329007988
"cg05398700" 0.955582167098441 0.945362017180143 0.887162960969703 0.94342509762362 0.892588910621959 0.956417062837509 0.0703176145063647
"cg16802439" 0.958446811807333 0.914699393103599 0.736477101229067 0.962223493914497 0.740081004174598 0.973124343954759 0.0446885590296522
"cg25739938" 0.902394693778703 0.879236613490017 0.701894766539748 0.903474934359965 0.870887764589207 0.910675840714901 0.0474311593121763
"cg06270401" 0.885254918337712 0.853641084856784 0.487356222207591 0.904493136676866 0.849881188732277 0.892162065480016 0.0360038686899302
"cg22381196" 0.92698945521188 0.890424598210336 0.790264529794851 0.928695011998445 0.697041487048217 0.931590197882094 0.0324811325211815
"cg25600606" 0.91388346467869 0.887802198687072 0.739614394611522 0.911507685177273 0.852973994400413 0.918727706592879 0.0619916320268578
"cg19037107" 0.899434672428269 0.866902816659252 0.756263757697672 0.902820050024611 0.848915556807883 0.904638230953895 0.0545260307264063
"cg05936004" 0.904273488239194 0.853090206840158 0.69860628084915 0.9017999532742 0.79592674376884 0.906214789044931 0.0447280707469322
"cg08253808" 0.896238142502286 0.83763863171966 0.722822959736808 0.883367217677835 0.726263677417624 0.917955983040998 0.03755062960807
"cg13468144" 0.836786026605704 0.858194823729302 0.763785908667141 0.891244039454996 0.865800094095722 0.890208648947868 0.0607120309106037
"cg12483340" 0.882232904348041 0.869294281991455 0.670311208604276 0.878296077188719 0.774259644979483 0.891951962793882 0.0465236313835873
"cg13652008" 0.903368217998331 0.871059505929333 0.776835786613375 0.904988439568951 0.815209773092116 0.91263525904423 0.0750916228124427
"cg00705730" 0.865983084003809 0.857393241738223 0.5920965185766 0.877434846471513 0.822726738751418 0.855165131147056 0.0467968551200983
"cg08154963" 0.874662183656114 0.839279564957114 0.60924611799352 0.873110334903718 0.798106712624596 0.88917046025618 0.0494333220790555
"cg00660167" 0.960800061527541 0.943433229989166 0.834898482604535 0.960719577420156 0.805863511191453 0.964789872701355 0.120906283306738
"cg25074794" 0.925906224103089 0.89059896050501 0.79615113492503 0.923027008203019 0.831193120473208 0.935373313068738 0.10209977985349
"cg15878616" 0.973226969270308 0.953286788140995 0.865366238165839 0.966757723074615 0.549340621112566 0.975437144819989 0.0649255581180616
"cg23819411" 0.926721748576127 0.901018161790806 0.693826556437896 0.921021425998585 0.761404971714133 0.932552295026543 0.0825622467606498
"cg13618969" 0.885711360088239 0.860520438671977 0.625802322972394 0.868311720052883 0.86064087930898 0.894423220149025 0.0750387305549508
"cg10487428" 0.882363813027788 0.836226277957119 0.601288227217078 0.885856358032023 0.78201726533072 0.892756519924267 0.0586789952108389
"cg01699630" 0.878128106830854 0.85599124895372 0.699795862906818 0.879687741268034 0.859893457076613 0.86905653316282 0.0766029877734679
"cg15658793" 0.910584857185974 0.868118518173783 0.625045867476119 0.874188981225673 0.699517862121833 0.896494781687484 0.0455225519037101
"cg03340036" 0.875990191331184 0.861285214938824 0.764815476718942 0.875571411215391 0.736789315708331 0.889732990464916 0.0508439947306952
"cg17852482" 0.865520728270444 0.820772056798114 0.647071768836948 0.861898257325659 0.824914740555276 0.873605504968764 0.0604736331687218
"cg05627557" 0.870439095438768 0.803559815747055 0.53762745376862 0.868613025959239 0.685946202093802 0.884773986137482 0.0256846459533364
"cg21792134" 0.906146443412885 0.904284214175451 0.721401677967159 0.910135759545956 0.845394708254586 0.908557648910162 0.101478938003838
"cg13595556" 0.894768654997709 0.763748582697881 0.615922193021874 0.900488188238267 0.675528469617194 0.894015656810548 0.0361521913461536
"cg01692842" 0.845518918589877 0.838079811853333 0.605315859201352 0.859124352169678 0.796457192018928 0.845269495094896 0.0455264170116794
"cg11014468" 0.901635862314436 0.886457318077592 0.0983284786531779 0.904261075670352 0.885643773624655 0.907228237638656 0.0951945157688585
"cg04858164" 0.883694320898866 0.882048896214644 0.782921284678609 0.864896068653206 0.797723798786031 0.870388690794342 0.0722864718675993
"cg10611016" 0.900330693248515 0.881627285767452 0.679240025715864 0.892105085166573 0.647437641512886 0.904595807443292 0.0475279543158088
"cg11313468" 0.858090973534534 0.838455570267871 0.766815834023165 0.859764146523332 0.735873217996507 0.849630428273195 0.0424820799494476
"cg11070172" 0.946080106633224 0.943497516195004 0.706156398667012 0.945992204652971 0.924576120457296 0.928678865955315 0.153561029648442
"cg03146219" 0.953963610205536 0.9396094299728 0.782766618140681 0.95222795489911 0.924210631174494 0.959826436302354 0.164260884246053
"cg11153071" 0.977459785805248 0.970665851368593 0.903832524660504 0.976075510396437 0.68802452141694 0.977116713103439 0.127445630134883
"cg24737761" 0.877438851591128 0.826413130143037 0.615658717586489 0.870433332061452 0.793319789445934 0.863863492207934 0.0686770246111132
"cg04609694" 0.869154224338931 0.86163241538205 0.723244122675841 0.861315874670977 0.788335134557125 0.872337763374137 0.070890004789821
"cg09859659" 0.884158579351716 0.801189095869979 0.688081808486081 0.870611636169925 0.857742962210375 0.889880026402418 0.0926943005874808
"cg21685770" 0.884527415201525 0.883182349391632 0.481108225291481 0.840835210111365 0.667170897657987 0.883665938714618 0.0397030873222937
"cg00439981" 0.893571771107542 0.89301044675234 0.781722010062941 0.888620148846471 0.555668688435481 0.898213861916647 0.0369864423504113
"cg07409471" 0.904998972903317 0.85501634605721 0.728982278730348 0.91484355826875 0.810549090518056 0.91871693561509 0.111632821915324
"cg21285555" 0.884120059320581 0.797334196200734 0.224847637116413 0.88367227499235 0.814235417932587 0.888543790387809 0.0830614572418337
"cg18023065" 0.938190797920622 0.84623370864803 0.710463123686618 0.945274761889775 0.382268097166699 0.966166412940666 0.0310875053687349
"cg23338668" 0.845491506245337 0.857319124776524 0.649592316145465 0.857988742794479 0.82682228159539 0.839260706404822 0.0831912091765449
"cg12809098" 0.901073375604637 0.878021463576834 0.629859818120947 0.901202559745752 0.664542290900789 0.906047914135575 0.0790376426786355
"cg03637218" 0.833474102885086 0.868896409857783 0.523339300976477 0.830304688862 0.788887655120955 0.788117309089252 0.0586355015976054
"cg24504014" 0.898437030033429 0.833299252804794 0.635335631691952 0.888365540970687 0.635430391358068 0.913514101777816 0.0696922978402608
"cg09166556" 0.910329215630141 0.878373131246354 0.759762480441391 0.850275134639196 0.656235850338758 0.912469320086434 0.0765226762359938
"cg01923724" 0.854801230490274 0.809122227107793 0.520854488961147 0.859648160372165 0.828110682561639 0.870662896101424 0.0922396473027279
"cg13178361" 0.879482519354846 0.861464891657219 0.576465204103177 0.880473200866207 0.746113692442414 0.89461887220512 0.0923808913547022
"cg19190593" 0.559735474593779 0.414061488270242 0.587238463937931 0.0498637035818664 0.103973807297243 0.716050795017995 0.851065696285111
"cg15474337" 0.231971543834515 0.101559381774577 0.310079460485281 0.0637269868936999 0.0790542539870305 0.232341447772579 0.660276208341628
"cg26404422" 0.0767339650691544 0.153446674015926 0.533420348127387 0.138117350843375 0.720686072981424 0.0910092403974111 0.797097488879771
"cg10145533" 0.0707189720518814 0.101031332650124 0.516424471493663 0.083474522448835 0.726743651260059 0.091725789071283 0.786287158608373
"cg14480046" 0.0970048314627179 0.458395336398064 0.863775062312828 0.302958851141644 0.872317316571943 0.0890890125552438 0.922519946250992
"cg00754552" 0.555644631903567 0.206343886581563 0.532172996531043 0.0949088792289176 0.116866502152621 0.527380244812848 0.832941976250632
"cg26106166" 0.0945603809276624 0.127229499460427 0.142396228122931 0.126920206795274 0.627623958831279 0.088711253603049 0.779678137404627
"cg09221159" 0.0614129861884544 0.112827566348549 0.42910600570363 0.146986435418871 0.449042623728238 0.0634318765765944 0.737128610993442
"cg03889044" 0.083240732932066 0.361301266840461 0.603094580960508 0.409090299974129 0.485530509818969 0.121320802838052 0.850916010733805
"cg12810837" 0.0522456382415946 0.112063012543527 0.471769012065227 0.0663320238058478 0.709356663803749 0.0509070837252433 0.785487712873805
"cg07018090" 0.644084705950879 0.29550937594373 0.756356308031078 0.0610610267287456 0.189324167453022 0.679583532567366 0.918481076591231
"cg18128887" 0.0286394420927111 0.0362498462068625 0.50785316028341 0.0370243594235458 0.290381910803495 0.0273938494197634 0.658419862077257
"cg03526142" 0.0481075536320959 0.0823176975453943 0.223590885865533 0.301077815292573 0.758128377143719 0.0538393890672483 0.846932179248993
"cg18920397" 0.0631328536912255 0.135417523735048 0.526762519311294 0.152773594176288 0.690216409377909 0.0516630890454821 0.812666504591288
"cg02212836" 0.225343589420294 0.183699681934758 0.685508233151486 0.0722747701921592 0.136933302703606 0.324178039033204 0.777214151195746
"cg00795812" 0.0700860588253499 0.348497370135963 0.477314895210394 0.339997086969454 0.226592225066741 0.0971537184379565 0.80939721609352
"cg10699171" 0.074660513389996 0.113635744930869 0.566239282351206 0.112144039512864 0.518326158878678 0.0803512058648385 0.814754307264727
"cg23280720" 0.0374461477836608 0.345135293182018 0.606407500270223 0.215866182941647 0.589608148117952 0.0394989878840378 0.862121063951544
"cg11354682" 0.375300580424222 0.0805755142201105 0.736078450670194 0.0653709562610748 0.11095217540142 0.409069938612238 0.827448099982641
"cg27051683" 0.0749708267742864 0.445797494721 0.709049711089758 0.443754094562231 0.483598770254471 0.124815266498024 0.940232274339918
"cg00446123" 0.0574783349172884 0.119300851481462 0.147083640846336 0.12394697153888 0.757597296589957 0.0470170121838237 0.885300694017011
"cg23954655" 0.0703670729925204 0.12789571369847 0.624408726726446 0.072495651331811 0.120258254747125 0.0784715559266772 0.769947546976511
"cg26341831" 0.14064257706524 0.045000532393168 0.0945872520046242 0.0457667626529926 0.154266126664984 0.0520490916564772 0.763904403799825
"cg09993145" 0.0886701391192799 0.0458521682241239 0.449439650798971 0.210558067836663 0.100246784858038 0.0809997973528674 0.823788384808528
