"CD4" "NK" "nRBC" "B" "MO" "CD8" "GR"
"cg16452866" 0.124217019122528 0.947604336498462 0.905696463323278 0.950246483723513 0.950634600285445 0.187690892906054 0.96505490584945
"cg07679948" 0.158405712643118 0.95269191257683 0.954894993454788 0.956080808713026 0.9636131342032 0.318488755109517 0.966273107188875
"cg00366435" 0.0989330454373947 0.872972841236407 0.745172739153924 0.910083685320097 0.917637513924712 0.267077003385312 0.920639288591002
"cg01874152" 0.104383113506493 0.848939683037275 0.608775374875508 0.862295723417405 0.908909521055135 0.505308050885622 0.900026873156024
"cg03388043" 0.0843116199259566 0.756278440436891 0.890966929553677 0.933835774952418 0.941978040343413 0.0710479631253789 0.961642157871085
"cg26852712" 0.131458877381809 0.875179175647819 0.932755209393983 0.88961384014335 0.907124250742535 0.385252545739826 0.92886897325557
"cg11848483" 0.105460596123981 0.900462633260286 0.753127380711959 0.884437437351915 0.909336092860267 0.174130844756306 0.917117698281861
"cg07015803" 0.151815667468298 0.938290425871805 0.835216364013149 0.93743106662466 0.940793021773953 0.218206847674776 0.951462397740344
"cg08338281" 0.0972960211002194 0.830417651574799 0.885977103350825 0.862917237075976 0.891687492362799 0.116707746461916 0.907868053878221
"cg04347414" 0.109726641212418 0.854539454473552 0.688593538718832 0.881475713989007 0.899383614424563 0.116299075681234 0.923033799125698
"cg06915826" 0.104421372519965 0.847005728086766 0.760550726124482 0.861123695888569 0.872779394340998 0.220539972774628 0.866953340876974
"cg19001909" 0.20596680176652 0.929941458934012 0.860069264476636 0.962372462577067 0.964009036801038 0.309183597367743 0.968118625983415
"cg14522718" 0.116512032798546 0.727457317685563 0.93845430547419 0.924389492982374 0.937185701057898 0.0834635462675782 0.931820707244117
"cg13750061" 0.103931756101948 0.853410486095069 0.659555331643387 0.866895547741213 0.877033468841141 0.112250131415324 0.871948070890337
"cg05705140" 0.104997943120575 0.820385637588683 0.676390455084219 0.766959584250735 0.894248556652872 0.281762631419429 0.891798980217911
"cg01490728" 0.102302581180486 0.84387618252942 0.52220586155138 0.840810244701987 0.844983960017051 0.278814694360866 0.845995134109859
"cg07970799" 0.178897343079384 0.75348517167252 0.83306686980417 0.913261940393973 0.936182572660868 0.551753937229795 0.941137822115
"cg23357533" 0.165583044721131 0.876136325892856 0.87119550792106 0.892594856987922 0.882641488281144 0.414405606637313 0.881762590201802
"cg23896695" 0.0950109820036327 0.827554047146343 0.626284003782523 0.865043749886418 0.871417811632189 0.122341753958451 0.846090524384122
"cg07110949" 0.197487979520489 0.917233540757936 0.961808563684858 0.945489286984244 0.958217738995833 0.214574585251652 0.95902396993363
"cg24662823" 0.113717272346711 0.7101403836003 0.713653677734893 0.88544815998936 0.902042597500631 0.277595090710164 0.902265986565229
"cg18735089" 0.139134891654075 0.846704134844042 0.728015056336054 0.902373688672397 0.903694018616477 0.156468545792157 0.916717912689252
"cg12353788" 0.146566713758352 0.868010160449903 0.62483651170328 0.873837753424439 0.872859910872278 0.361142506161506 0.885895493106147
"cg10240150" 0.113252955367733 0.802692995678867 0.61642326321148 0.872655211010136 0.861911839821403 0.241997961707436 0.863520126761074
"cg22230912" 0.116833765822987 0.86139326160358 0.509742737555992 0.899287254244817 0.866859737642748 0.165728416715864 0.839043018972656
"cg11710595" 0.197011918505033 0.863412140097493 0.62511457258854 0.892857144488208 0.882294595722613 0.669412429998532 0.899708039310826
"cg05931551" 0.215122393234455 0.880144870719513 0.810483919015425 0.878683765267012 0.882118243873385 0.770638619458103 0.886206432289897
"cg04712122" 0.121488190652168 0.850687183165859 0.722178690497839 0.86719827490867 0.845203422515716 0.192618592071047 0.862152851309702
"cg26166854" 0.129229619149442 0.636256037729772 0.725596420842614 0.858861971283227 0.868538787165082 0.586641528235416 0.891227908830082
"cg25486399" 0.141125586132389 0.844569437158373 0.314229013000094 0.868306491347845 0.875949085634405 0.438217272480616 0.855408848110537
"cg09695307" 0.108502830522023 0.800406758684945 0.592044106629407 0.819093894389546 0.890175984859524 0.183279845607189 0.877915302559665
"cg10837404" 0.232598041732461 0.903619234087472 0.890472343557974 0.903064219602165 0.912480948671932 0.661604459157055 0.914651770066572
"cg24008435" 0.185774895883943 0.871018857051267 0.833802256349682 0.879824752355894 0.884897518750734 0.467479613918533 0.886374174549741
"cg10558740" 0.146587261476163 0.848042923442586 0.717638532008317 0.890922283180802 0.880402587273092 0.198099418540613 0.882665546569716
"cg24841244" 0.103565157357517 0.743033194412993 0.693243712307966 0.871745910853734 0.873595719674628 0.0995988798005128 0.879127670288722
"cg16775598" 0.149159910318257 0.857572122813229 0.663269671275008 0.875705521158444 0.874142364806177 0.248337354352511 0.879307699234567
"cg10111816" 0.10881669392175 0.809922931854855 0.758199829623879 0.849755033046681 0.8473524266775 0.139291402024956 0.828820526346117
"cg25599673" 0.141633145457613 0.858022901450312 0.684529106209143 0.854899883451874 0.854818522674868 0.262181631692441 0.861788189824489
"cg26400113" 0.0968832480275303 0.809742493964854 0.556408441664914 0.829101338642187 0.840493882797281 0.118894189740174 0.843578949389672
"cg00620024" 0.221779912615736 0.880479179537174 0.879854148999546 0.895186926354042 0.905294892087545 0.582389323972395 0.908719104805191
"cg18650518" 0.107331238115442 0.669216561534257 0.802095767560057 0.870485215705596 0.895735614573695 0.109000323511167 0.90849240327423
"cg20661080" 0.0923075947066172 0.7109961350734 0.644072115124866 0.858032691433895 0.849726587665625 0.0821038860283393 0.875119892617961
"cg07545925" 0.0822547403413418 0.685217595932762 0.582945626298725 0.84057980861863 0.871012679478927 0.0740320049868117 0.86691589834751
"cg16230121" 0.114370639051893 0.788182796548268 0.685421314946994 0.846622068451658 0.848618281094922 0.144795761414212 0.862494065350519
"cg10414350" 0.167261753049338 0.761000830697327 0.751906564146567 0.876423668222025 0.873765800417853 0.500948244777219 0.871972428164884
"cg13484324" 0.160386417785783 0.89296952608072 0.435566788827829 0.882825259981145 0.893013716092966 0.285539433781429 0.844700311425659
"cg08280368" 0.118601327862286 0.833568085663256 0.614164792630256 0.760020160039964 0.878959668728797 0.154270204120778 0.882812824115247
"cg18758433" 0.120921862824116 0.701680194297592 0.79159963977236 0.888918527824522 0.841832155310008 0.195893730890017 0.894786313308303
"cg04340595" 0.0887715877845445 0.51318010007347 0.834372932213881 0.876878970736315 0.921413750256328 0.0847558209321308 0.941064216848153
"cg01040649" 0.161487487197223 0.85451403333275 0.64424533114629 0.85853890682312 0.877133119473992 0.300570412444106 0.878585921692772
"cg07220903" 0.826730730461413 0.0891193825589597 0.320476984910064 0.651860762315703 0.117812870368112 0.803581629406183 0.157648139309593
"cg26501007" 0.774255044483566 0.118094777542018 0.429243494910365 0.14201040230585 0.120600178885667 0.76067166248182 0.379567663500026
"cg16602097" 0.743431147318948 0.401359865975802 0.293336338964767 0.0890327513327369 0.061793281243432 0.710837253702646 0.0710787615367536
"cg04642300" 0.644033767148947 0.055043087447529 0.0622896079567828 0.0871064996050367 0.0534272774931327 0.665920746728184 0.050915391137963
"cg19548859" 0.837405019045357 0.376030533887572 0.521331827581442 0.133997601065001 0.0702304434486368 0.83592406601197 0.386729030106113
"cg04682193" 0.848897460961674 0.0870485154223555 0.737323113181374 0.81500092468858 0.0745487167728121 0.824559108669337 0.0532577482334485
"cg01231183" 0.737462779992115 0.341332074701538 0.124847621384885 0.0865380017743521 0.11313541883194 0.683660239289983 0.0995904756684759
"cg21360910" 0.733053887119766 0.226252806534144 0.149013733706742 0.100522806812353 0.16655978459054 0.637705013892992 0.155911359625357
"cg21252105" 0.822413756942612 0.0810144718002642 0.543694761003528 0.765659776206351 0.0541370685204603 0.799622373310611 0.0326586597963296
"cg09662852" 0.66440271600576 0.0775804817547953 0.0563440723827943 0.121039479755626 0.0667025951066292 0.654918645334088 0.0589404629303629
"cg09169413" 0.804391933363933 0.4301502809595 0.32940275720649 0.107196920962184 0.0937613231565883 0.832677896530326 0.172083967973557
"cg12799049" 0.863309268210391 0.140028223901384 0.653247471451642 0.762552883286685 0.0756537759538348 0.865528698142113 0.0751290649698533
"cg07837085" 0.796279686337024 0.136494110863372 0.411347938792844 0.511777353871727 0.096018793050563 0.748144598217275 0.0833416611710132
"cg23249922" 0.912432008060085 0.823180055779673 0.614023102109811 0.101139997637804 0.0451459049887481 0.950029990434595 0.176960740040904
"cg18739675" 0.822134303301605 0.076838608925437 0.506072538681449 0.698936934863981 0.0617069166795081 0.801252457028442 0.0721385445239037
"cg08284263" 0.676911955244033 0.11661953023717 0.534427703018737 0.102682559549152 0.0659590363537603 0.504622057506028 0.0635658098464903
"cg18150584" 0.839437292013089 0.68600243330465 0.0488847111601281 0.134165246635551 0.0616462058950903 0.873764327016124 0.0548102820503336
"cg11666770" 0.879682947651864 0.312143825812514 0.19124078099121 0.30318710172989 0.292142674453935 0.84037268286975 0.269512991567759
"cg01543184" 0.776597173723794 0.291456793177984 0.0753803881424857 0.234819807695615 0.0912702695730179 0.817626342954381 0.0887548051202134
"cg25025181" 0.74801258578027 0.247487416592145 0.10579400030943 0.212382272761089 0.048525205516087 0.809375035583901 0.0562071029037417
"cg20281375" 0.750322369864289 0.346751365157355 0.109103206589051 0.125574452084335 0.0688694009153069 0.741807504225253 0.0549645770132904
"cg25031824" 0.778365817203367 0.43464571265419 0.0686444218137474 0.110167579098692 0.0790285479154612 0.79059844390389 0.0710579580394354
"cg09287328" 0.933025242029232 0.768115628287407 0.632019188409629 0.131581101844674 0.0987865002309104 0.940686874840698 0.216913063633197
"cg16261114" 0.823117760123854 0.488245439924375 0.187356228495542 0.206817170357987 0.0882319918366113 0.830395330840912 0.06827842891398
"cg25394505" 0.732452661879571 0.0896235428125871 0.229215808276791 0.192200472683168 0.108197348295054 0.68885938563784 0.146151496540999
"cg05228359" 0.730583495676877 0.331948388200703 0.0806572126071894 0.0655451849566404 0.047079009001876 0.732077424653754 0.0405177307583593
"cg27058988" 0.676583549218 0.222160666011011 0.0606378086525653 0.051681885257464 0.0400232606870066 0.524602467636294 0.0351833989264036
"cg27027151" 0.714840567944766 0.147279443384312 0.187340433840337 0.0745477986705156 0.174344170370496 0.444234802107564 0.172655197705345
"cg19369955" 0.748713789392161 0.236704657807169 0.437961294639628 0.109559727792411 0.0662850419054848 0.748442265844249 0.0638377522098315
"cg12465678" 0.850058191128908 0.103257087007326 0.562054508068376 0.644569720954436 0.0905042639223289 0.813358919869832 0.0885156856357904
"cg06650256" 0.880046925229967 0.287074515713991 0.497159257665579 0.575100138456364 0.0584438775170735 0.873039819575566 0.0824536452531439
"cg16922167" 0.787241283456291 0.250179120118752 0.107612208209964 0.244740485304833 0.103133395109666 0.766121981150219 0.0873496000129892
"cg23582982" 0.820619756183672 0.352120255163909 0.302291257181532 0.256154064786945 0.0764671143222671 0.851606931598398 0.0532570307947481
"cg26402417" 0.834563107444175 0.553492492040451 0.0851424119097856 0.110828549098498 0.0624877359110206 0.862519523367108 0.076003028430768
"cg07598385" 0.66406200752422 0.0502607751278148 0.0393590527588252 0.1311956537566 0.0407574224236444 0.497062688346368 0.0246364472296601
"cg09885622" 0.853694464188016 0.113292130123753 0.476913667140828 0.370265791249137 0.134150225170482 0.828580593851337 0.269530823615872
"cg19628988" 0.733997924395174 0.0647384764235115 0.0790467792027322 0.270679820096026 0.0618493705054737 0.659842346833669 0.078325597035249
"cg21495704" 0.86006834002283 0.0980393966819979 0.450184502348066 0.636522351125303 0.0772083958811226 0.856229107050719 0.0941208381475108
"cg09037630" 0.697505086466569 0.0633112787025927 0.217901625690406 0.0557808552702622 0.0511660994554935 0.672810974025804 0.0622644640013948
"cg26923863" 0.794195120400159 0.0643077353938329 0.640494301519156 0.495203664051603 0.0392594476524237 0.648179328098119 0.0363718504471584
"cg13468685" 0.805440878685762 0.11885868255733 0.402808340431258 0.326205044800109 0.0825607323069814 0.828226138731612 0.0745469314766125
"cg16097858" 0.765594868137909 0.194019681656555 0.131668801761793 0.0861646575264314 0.0785644575672039 0.787821386503133 0.074015181779961
"cg02380585" 0.687718091061519 0.0360423582191911 0.0268719770083195 0.0375179678362428 0.0355764520728833 0.679634703850559 0.0307935520667718
"cg13448978" 0.747636282693287 0.185327722144646 0.0338154756545709 0.126892263060242 0.0376104110102056 0.69703455502014 0.029425868859874
"cg25978218" 0.767742647702225 0.0543433108302946 0.222371607090852 0.227458950734652 0.07037945327527 0.771749972676421 0.0560708683251785
"cg07785552" 0.740614463710296 0.122903583449304 0.330206997869218 0.085484348813597 0.0717236054838486 0.608108016811499 0.0621559314577068
"cg11787160" 0.829841964478954 0.24178296804893 0.0995156846866725 0.176059801611163 0.132683172989708 0.828451780356674 0.124318563337294
"cg25729350" 0.740635753547945 0.138919399739057 0.0936016447539622 0.0732573296330625 0.0647528548776248 0.632921567334037 0.0679182972456304
"cg04742550" 0.787964734525997 0.0413569159326795 0.126385822581938 0.529522246141817 0.0340765086319599 0.385319793997664 0.0265739605848659
"cg20455854" 0.759466238387535 0.0940464712554418 0.0453851320287046 0.140743069333804 0.0511820407508609 0.633841279159631 0.0490621218940522
"cg12811871" 0.965003964944351 0.1547235185704 0.84189030876678 0.848842513741688 0.965945170541827 0.835173121556391 0.972008308446217
"cg27582527" 0.855377815731261 0.071510007471638 0.565103704892213 0.803695595048113 0.853063333419084 0.798971555901412 0.857800960262545
"cg25383568" 0.946859106897628 0.168138375429129 0.936989277980393 0.873819517952695 0.944074542077516 0.875934483871814 0.946195352650168
"cg13617280" 0.886374485749074 0.0960613572035433 0.802710448003717 0.813160100671605 0.872315800599271 0.841664230387485 0.811393545515925
"cg05875239" 0.905970573717313 0.139845003928636 0.872222452667368 0.836953507151279 0.904200341334424 0.868077760784279 0.900728606737698
"cg15956469" 0.94414653334071 0.19191681364148 0.921194515487981 0.896597944713525 0.948171677244978 0.891588861516443 0.946437483477591
"cg13917614" 0.923239441297574 0.166269064029102 0.894186852482007 0.815378896116724 0.919994440568189 0.8319948008679 0.938504620104104
"cg02384859" 0.892418050781148 0.151089185325502 0.693422741979531 0.850005999506981 0.903392925309828 0.838518568467908 0.902419438695021
"cg24430034" 0.968449861977726 0.226424564597593 0.971480864056473 0.916847698594744 0.973823963291212 0.875181497963268 0.974849353872217
"cg07307830" 0.875548358200086 0.135922860071014 0.668822149522406 0.85982668757683 0.885897646940342 0.767057221306766 0.890001113348199
"cg06040872" 0.899781201099051 0.150511721399596 0.736814985327952 0.853375722434149 0.889349570192577 0.814139160672526 0.884606419194873
"cg27274718" 0.884395992900771 0.146380088742753 0.76906095588176 0.839276989922312 0.872460776799522 0.847686574993569 0.881628142872569
"cg26012482" 0.801434325187128 0.113208901004503 0.661052991703126 0.834582841042068 0.869927019081892 0.780577608049756 0.864785984674309
"cg05656688" 0.870491491931814 0.129873996349952 0.79854038949563 0.82606204268784 0.912536245843527 0.680409567865944 0.874497503292954
"cg27309871" 0.894513189077424 0.160022290865133 0.74600417747242 0.856194729304459 0.895028609673101 0.841818852955627 0.887268045573765
"cg01940139" 0.885680988536993 0.161344493570862 0.714242129742604 0.864040499222597 0.895187390583852 0.842259751743345 0.891238472863032
"cg06202778" 0.880711493104927 0.128708009163308 0.608280029175863 0.849930348419979 0.827359864279866 0.813250145290013 0.859135649503156
"cg00594040" 0.852975456459827 0.128411830714862 0.371251616311327 0.831807038374083 0.878753724173788 0.827522673462019 0.884033898886807
"cg02150910" 0.883456442353236 0.144935672521075 0.667224963003654 0.853232351844154 0.87732936652881 0.823079432912316 0.862079818806642
"cg03538296" 0.84746315284636 0.0969946131003287 0.68619111294617 0.784995186027821 0.847343700268488 0.688027100427792 0.839083242418038
"cg16340422" 0.93708379981179 0.197306184111748 0.443081776413851 0.915626558379151 0.934377553032207 0.87055742290527 0.944763851957427
"cg21634628" 0.84155166535492 0.135365883391236 0.698261434072665 0.818004244335145 0.880465429149071 0.793740352444539 0.886658516972676
"cg21333217" 0.963913880725976 0.2363688977958 0.942920569733692 0.92317913505039 0.960083629872827 0.877239472471616 0.967534572664249
"cg13613174" 0.884369489761891 0.138261964149146 0.830812284543028 0.83409936298056 0.877378301456722 0.815202903265383 0.805913102148973
"cg00805874" 0.93861442654825 0.193048971050298 0.978340229430313 0.834514362157808 0.943831303087011 0.743896132082668 0.950527164849067
"cg21474838" 0.877664411773775 0.167056163223572 0.740628026343349 0.864972834067842 0.891956794134726 0.837146181370858 0.891088044577413
"cg24408769" 0.911199708002561 0.137657833288778 0.941170443203677 0.862370228040278 0.780656875933126 0.862405839028879 0.776462224754789
"cg22488278" 0.884648729857436 0.164259117009109 0.802764177769949 0.824651844484557 0.894639026870045 0.825854295965246 0.893655690267704
"cg26275360" 0.87633943461068 0.152923339952335 0.717292989139361 0.83501271529397 0.873608025810122 0.826470997885795 0.868972479868457
"cg20987610" 0.894935840316189 0.155033760461827 0.660618412587655 0.851521880481723 0.798874758732966 0.876296302827621 0.895615820422776
"cg05593759" 0.883776535254616 0.159454398195193 0.656851406415325 0.843424846533769 0.885432944973425 0.808694631849582 0.887109554378836
"cg05653887" 0.884179261900622 0.153968950561115 0.57684512335951 0.833347846992275 0.878747164203916 0.824774450061949 0.880750006726447
"cg23474890" 0.790725220320983 0.148773782275117 0.864879431538493 0.87328484522312 0.930468543290261 0.599203600233353 0.924849900080323
"cg26934362" 0.79483982803425 0.102688389144924 0.51013311530552 0.782971685980562 0.862928740948368 0.717910988382944 0.856982720469489
"cg19696012" 0.884860532623592 0.178026929220715 0.775892725448254 0.861843177303591 0.89316486829955 0.839682898538967 0.894604367201609
"cg06815003" 0.887027598109691 0.172007977096787 0.656385513630821 0.837084048853149 0.884761711795692 0.872820930096469 0.897032760337425
"cg04784635" 0.842060297067593 0.151428386294677 0.529692637021944 0.857077436986608 0.894034924046609 0.778474573261757 0.885961684043123
"cg26209730" 0.939311135183039 0.218464156786452 0.930785779421768 0.861821887668512 0.932935361103923 0.876847735218631 0.936173346899615
"cg18672716" 0.87934390412824 0.151896039230729 0.709012678935787 0.839851536727844 0.862607496229065 0.80042041909591 0.8563751520752
"cg21828319" 0.894125124564372 0.161780055454944 0.851448303488617 0.787414780437701 0.871896797598697 0.836245467808907 0.884821051643883
"cg13995453" 0.874056568471952 0.15360678835448 0.672558127927636 0.842699724770935 0.876152807389064 0.790314701225465 0.863323060647373
"cg26227465" 0.852273257440513 0.13485351484256 0.595405857384598 0.839647580621201 0.854530942932418 0.713369749891866 0.875640078369915
"cg20657709" 0.874041529449836 0.160115989809603 0.666574057754225 0.832841095172203 0.86723755977664 0.845732809763046 0.874305225034549
"cg22749642" 0.86940964700216 0.163562554123247 0.870188730805451 0.837773024722721 0.86696446862261 0.82735166523975 0.863622581154983
"cg10628126" 0.894306255759823 0.172561455615294 0.727880544881347 0.864462346193406 0.833282307715603 0.851173146503187 0.89850212234709
"cg19563355" 0.86068249385207 0.161408826791007 0.879772104837273 0.842024678104358 0.868043280259465 0.797261425659563 0.859078657837609
"cg10796068" 0.8721512401267 0.171556661156283 0.789950801023197 0.845507706766267 0.867509492432723 0.843848157853733 0.872349052288263
"cg13209388" 0.889555477012407 0.1710213558516 0.754577737111602 0.826631084421474 0.887465075951868 0.838285260797433 0.861307854289129
"cg19915997" 0.877190393209281 0.179134815231852 0.727833965057305 0.851328010108123 0.880194082979065 0.853814956417595 0.879476486007068
"cg24578857" 0.923340146470197 0.242928679817152 0.851603041086849 0.921080302884385 0.961668540687303 0.851901140047608 0.962821569142947
"cg15356966" 0.263437321371909 0.600502893976611 0.0663015558640311 0.124092607161528 0.0755501932641938 0.218827938447828 0.0710513973811729
"cg13318771" 0.102802807225982 0.557499561365353 0.0302039026558913 0.126474522552297 0.0508859314633357 0.144464028724485 0.0847361060825674
"cg11147278" 0.385633589959191 0.702326404860046 0.393549406293586 0.256836560335007 0.0582587487894632 0.54164211415497 0.0636567843534019
"cg17176894" 0.109835490945808 0.581752008709678 0.414983228125218 0.101763008044451 0.0848126860597008 0.196416403713016 0.0752269209406079
"cg10491452" 0.142388079227559 0.57485431365211 0.0423210071319801 0.0917893564895055 0.0606532461289333 0.271296573452148 0.0593594435860214
"cg02381279" 0.275348736583886 0.639313644818925 0.0990640917193845 0.114513171650191 0.0797477943417066 0.452910495423538 0.076286695985012
"cg03780927" 0.166963627743717 0.649007627828401 0.0636697874665502 0.292148308053896 0.140297319814791 0.155403812184101 0.158002045644456
"cg03548857" 0.133987626179926 0.573900338964286 0.0428659051906918 0.13661658739733 0.0518049854444064 0.207788360161491 0.0488625283279375
"cg09747445" 0.194142979915465 0.80464432831553 0.246094809378705 0.205382651501904 0.503767445901002 0.174666171795694 0.522288617754544
"cg00084338" 0.113620045177046 0.650394409418661 0.0485171438609198 0.204457677554801 0.14135039527354 0.412772318952209 0.131011053396917
"cg09704136" 0.747125161019173 0.763483988160756 0.0857818598073833 0.100855215547456 0.0565352299180359 0.765546933429643 0.0540573330648912
"cg01088404" 0.468093067378442 0.726171097916418 0.10711290967099 0.180138515830062 0.0690996383917765 0.706983643219059 0.0664685986650893
"cg24315421" 0.359395053656029 0.757867838815578 0.212058683035574 0.491435935051459 0.0676148787943377 0.56501876916989 0.0599617271651338
"cg07675477" 0.233429044243527 0.702128849323534 0.1078343354872 0.237027853421449 0.178024430307046 0.387785269086068 0.179431376469796
"cg25887844" 0.217474574603182 0.734755658262276 0.283531221732296 0.473420406079801 0.191092520271876 0.301208313178246 0.114500757557966
"cg00629585" 0.161132963166607 0.630255169887135 0.094064748722482 0.166595044176932 0.135430443798856 0.220465296220417 0.120751539446491
"cg04887172" 0.407527667328108 0.693877333967949 0.0370622013152805 0.159200161772705 0.0932060333209433 0.49313551070775 0.0889641788719249
"cg11481582" 0.392618787397606 0.658192759994226 0.0630238311649785 0.0828176246693961 0.0502013096702816 0.473030966482096 0.0538717197829668
"cg27122888" 0.0713983353470437 0.570659680740847 0.140273930294262 0.106470348084427 0.067739116626053 0.150256979342377 0.0638527110443032
"cg22589728" 0.184796446436739 0.676269201845777 0.15490031135782 0.171497335552781 0.179498107790016 0.233674202727725 0.202093423412218
"cg07687131" 0.485668726224605 0.713966425059341 0.0484752785463185 0.12274669405478 0.0718368439966024 0.579645937510086 0.0705402806136442
"cg19736900" 0.423283782826079 0.716044038176189 0.151588028752613 0.132616755445863 0.0914009826124616 0.556675692962551 0.0846625604592162
"cg21638533" 0.192663364222607 0.807884687014285 0.71860666862293 0.837339605324969 0.0693519124815866 0.321445901811644 0.070696270984373
"cg24728803" 0.474285884815981 0.741337995745761 0.0562628324932447 0.161851703024164 0.105907126557317 0.597920716849439 0.0974654664689941
"cg17087974" 0.429567978772476 0.726154734525862 0.260053276470919 0.129591397301711 0.0785294295229723 0.626218048949987 0.0714089644090418
"cg20049422" 0.786065361446912 0.835217436981673 0.286983010791007 0.135935860712746 0.060299796586627 0.862556463228416 0.124902807174071
"cg01447281" 0.0584972028833813 0.582006003325921 0.0747057169045658 0.135540186010658 0.0685512649716764 0.137403232669917 0.0572074011859329
"cg09958402" 0.304215932819584 0.6586024643824 0.136815990246546 0.0746117569220775 0.0466891480712481 0.485766503783448 0.0576414835104992
"cg09101151" 0.222382510773286 0.673805913108691 0.442424756897885 0.105611836262433 0.137855425039208 0.295569385291991 0.135120584678442
"cg26348226" 0.281880732819072 0.674311734298764 0.101001709964304 0.107323569194255 0.0718483593030144 0.471088987566958 0.0988618599602843
"cg25045219" 0.0902583044896192 0.717462134706258 0.192270348592154 0.350323276206201 0.099636264998498 0.561652998974674 0.132589781541913
"cg05608790" 0.322595378960558 0.757500978100661 0.133452229938077 0.1545214542818 0.140664304110128 0.593804907342053 0.238322082937547
"cg14649507" 0.471818525709004 0.732180776721298 0.367944349325206 0.138286995382605 0.0738723745355338 0.45538994254509 0.102000206314375
"cg26971042" 0.0779324341685608 0.617687261442969 0.0644145519821545 0.0902591977570308 0.129252604172236 0.0955361964336478 0.142953301501617
"cg22897715" 0.22103090489412 0.640680797269316 0.0337122578859505 0.121460589392714 0.0467615424789155 0.270078948977661 0.046279817311633
"cg03837680" 0.135528310220782 0.634983489339766 0.282723009290097 0.115107426892659 0.0522826851260599 0.260971236680338 0.0507700976059019
"cg03677056" 0.641209536774976 0.815252536637201 0.0700495114461039 0.16664194723255 0.0988285625497882 0.714321848688317 0.0928053943453648
"cg27218978" 0.326794194092328 0.772710686086213 0.478527708252845 0.194857840293107 0.228566172363394 0.468619197097059 0.0743891062750442
"cg25817701" 0.187287777084213 0.838148377659277 0.609061890930581 0.0957975749359146 0.42273025071364 0.184000045990482 0.536956806987312
"cg21232161" 0.271235599953043 0.747551217253665 0.450284959139094 0.157814078399281 0.198109396050479 0.387428086796771 0.0907208353022563
"cg09001226" 0.319512511252675 0.768584409745885 0.608446976079437 0.264710504410354 0.0837893536096829 0.287589905244613 0.0873357967758443
"cg11173131" 0.250900715037785 0.700663512349158 0.103535562228306 0.104365055565744 0.053373127706245 0.388016898258619 0.048826316417362
"cg13404688" 0.343012989917011 0.79984408546167 0.33019787636526 0.163091555055538 0.067245931196507 0.597290389223232 0.102872152155104
"cg04179740" 0.0612451715581359 0.688015134957077 0.447963745528035 0.208598044982428 0.0676888641945237 0.0822567000732599 0.0662491112615573
"cg07381806" 0.106835283264456 0.721786747396229 0.51692062982758 0.100470382248083 0.078174785612219 0.144123117268967 0.230314055814081
"cg12273325" 0.114842602381885 0.701365893169959 0.157952291051063 0.101312340884842 0.0523061470426713 0.264355405068717 0.138496778958615
"cg18881723" 0.0584033399893552 0.674493270864056 0.136069998576479 0.107977220237414 0.0641043225176314 0.184863990296664 0.0882607280013452
"cg06117093" 0.134942402390448 0.753792668878615 0.62903708232255 0.178485228393349 0.0615191594805876 0.351184720238617 0.0717822781847779
"cg11358405" 0.191109630978349 0.716128057691876 0.0939020846094392 0.099794035306451 0.0369981655899412 0.334814122717517 0.0377865267842589
"cg17766305" 0.0988849924086648 0.818560262138643 0.118148530584047 0.102353722377068 0.0563876040598842 0.246638094367838 0.0959850919856783
"cg06768361" 0.959007021331192 0.931616576253074 0.116852329613265 0.954703752844697 0.886204997109078 0.964802230431413 0.929358855731412
"cg25105522" 0.862847467508125 0.885029135266951 0.0882059639340019 0.926725591804296 0.916628399103764 0.855630064345874 0.917463555267762
"cg14203426" 0.974337748441921 0.97212815230869 0.166911522910501 0.964092683712399 0.957751571093826 0.965000246548557 0.94900199114563
"cg18168751" 0.971951606960465 0.971964455771048 0.178625843720926 0.966339638860106 0.965733902465465 0.968300129284072 0.965186325088481
"cg15974642" 0.908495835151242 0.901423593284422 0.121190446150045 0.900070608613231 0.899740572051707 0.908755891416118 0.887479072421455
"cg17052552" 0.889721808032818 0.885668541492596 0.115838061593849 0.88730236891965 0.902523693713793 0.884843091975379 0.901000439713473
"cg26811065" 0.897196566545559 0.84655417904958 0.0999036995067338 0.893253411930684 0.868261247846309 0.890746815971382 0.850515435613595
"cg22353369" 0.881737585041473 0.913300543537247 0.126317046574766 0.905663597685255 0.895756480940608 0.889862824985715 0.892191174881522
"cg11926444" 0.951568242610567 0.948288240184918 0.195752769810323 0.945425016488985 0.949674986312116 0.94991950532649 0.947039745940274
"cg04120520" 0.899029634381462 0.89123315125231 0.133429823754286 0.889141323661268 0.881369862677372 0.893381227413084 0.864406078451951
"cg26504110" 0.977980394509373 0.975148241405231 0.223500006302231 0.974679419224208 0.970805589020783 0.977860125595997 0.969296704528144
"cg11759194" 0.896624091735154 0.894875377705162 0.143660860268 0.890504847387509 0.903209696105444 0.897940686262651 0.882759769061694
"cg21768884" 0.956327078519629 0.956688363209868 0.203388919361048 0.950333119065614 0.950125190643997 0.959886494522786 0.948075188038223
"cg13995599" 0.966409561448305 0.963991651216482 0.2201535032861 0.96427935817863 0.965146335943627 0.972440423702758 0.968542518630739
"cg12099546" 0.893670268819978 0.903440367586195 0.149061501059561 0.888145098128277 0.884860771525169 0.900215617825163 0.888819591763388
"cg17528559" 0.902965636333892 0.90106363302801 0.159210075502205 0.894643776156482 0.907981563408483 0.908943171960056 0.901404130463265
"cg09710521" 0.899447430697919 0.911772280165672 0.161802538974831 0.900619789068488 0.906055209200252 0.906245783530885 0.902629789777838
"cg14018024" 0.914446184392938 0.916059083206568 0.147219226018075 0.9132849269922 0.835904394019785 0.90674175371315 0.857460110558364
"cg08221288" 0.907796537455619 0.909341720617782 0.169055274798257 0.91192699133592 0.910401573664047 0.916260220934513 0.901038033938265
"cg04643690" 0.907973672938183 0.90602689112576 0.15994848638574 0.905581055876196 0.889880333870122 0.919018279373386 0.870110051658513
"cg17687789" 0.909070295492333 0.903721056588176 0.164739640908989 0.909084236033509 0.893221294989427 0.915201090668715 0.892606984531369
"cg12973904" 0.884164864572322 0.877371271593767 0.144831791017612 0.893521929491304 0.877657095401805 0.888250997151855 0.87958279970091
"cg26103369" 0.912206658419407 0.900610684351659 0.160648087108507 0.875313843482426 0.902559467336417 0.919486038706252 0.891651162060066
"cg25580656" 0.969191264728521 0.926032027001671 0.22087962793302 0.964216961378276 0.966871547573189 0.966859212709663 0.963591506341691
"cg25471557" 0.916194444710374 0.907016828894747 0.167540435595785 0.899982508987432 0.896113137730047 0.911241448546116 0.891741345262609
"cg08223760" 0.895197939657091 0.877147517108154 0.150726815559984 0.894181823503452 0.884809585277324 0.903396340984685 0.869864109603988
"cg26876834" 0.892097463391258 0.897364562275453 0.153453423401186 0.903208039446157 0.8799961298949 0.868162939272821 0.880847635765544
"cg09547025" 0.915662506989841 0.908466842673921 0.163493126462613 0.91484258357009 0.879486023867927 0.920262300556542 0.857026500939724
"cg20151221" 0.897126929080207 0.89681805097226 0.17424892881924 0.914564560297135 0.920622689510336 0.897951798530272 0.917230628353013
"cg13863638" 0.897869784588206 0.894270173918681 0.160433365442308 0.896856954744233 0.88356810869962 0.897560282751379 0.888049020396311
"cg07232003" 0.92507257141132 0.926069098698437 0.192139667782798 0.926449906283991 0.921411164006619 0.933776291942169 0.916540558715292
"cg01589587" 0.881893262951591 0.871546679917012 0.138101900371463 0.88697245783684 0.85433666313356 0.895768086323241 0.838146360927658
"cg05686445" 0.919614985685475 0.912490168673575 0.182919160463964 0.915101096420461 0.910082886272002 0.921152868623677 0.908421683728677
"cg10594510" 0.957228121619618 0.910619428671238 0.215012974676237 0.955321597719794 0.957928029088895 0.954493304721904 0.944972459155396
"cg07790778" 0.85153014517489 0.85447779658379 0.121582070109981 0.848096532234565 0.846042755642836 0.864691169941463 0.849446200907219
"cg02814691" 0.896129133214812 0.890519463816143 0.164819840572891 0.897344042297839 0.894682569245674 0.901740177066214 0.891442761276712
"cg00529757" 0.898348527413994 0.896613834695221 0.164810163924163 0.895877669626475 0.892575730039575 0.904335750521825 0.881656995444096
"cg16666745" 0.904283546443041 0.907416333313978 0.176166296372201 0.90538723114553 0.904941095784937 0.908275027953575 0.90337037024448
"cg24847366" 0.962130830212892 0.960441677198975 0.21523652633247 0.957902218849802 0.928921093622009 0.963616746669663 0.895383789101215
"cg23044178" 0.89921072046796 0.836236106013664 0.134272507548255 0.884149019154826 0.867442596930266 0.900114410391492 0.808861362241128
"cg04780984" 0.909217164338401 0.919249820694921 0.179479261122793 0.917323744921458 0.898922677184342 0.914601502840102 0.882765257917179
"cg03767333" 0.875119851852161 0.842330729307141 0.137983399640406 0.875349467572053 0.865878302678054 0.892851291320389 0.854149619181582
"cg27024200" 0.918967956116879 0.922986271903971 0.194621696906382 0.915783449087831 0.919448953539431 0.923882836051242 0.923602142559751
"cg12602923" 0.86607207729741 0.857699051690023 0.124888044973699 0.859432092723827 0.838573820859667 0.873907795914512 0.817328039990303
"cg03290602" 0.875385017171584 0.868132875156451 0.145798748329869 0.875643196696863 0.867725507240044 0.883909186181212 0.863303955508337
"cg16277229" 0.873622027389614 0.901328216624153 0.172422926240874 0.898326162729156 0.902626312705092 0.910587250028127 0.900802576653717
"cg22897659" 0.911121478619703 0.915649191222625 0.187711883789372 0.90842349826196 0.909903046087834 0.918327530282309 0.911060151048797
"cg21201206" 0.891615504323494 0.876724251132609 0.160139351796815 0.893616667646187 0.88630061865539 0.892967355193988 0.864236741286093
"cg26348616" 0.916944602964631 0.922515477464309 0.197626672186073 0.916691630052863 0.919525919567715 0.924068404190876 0.925333715092687
"cg13904968" 0.884473950450691 0.877303241524182 0.157029394506343 0.882818690678948 0.877186605732182 0.885074986685594 0.876110685483716
"cg07474957" 0.0301708962544893 0.0316572720177381 0.411333727474136 0.0331639245736774 0.0329513202753794 0.0312678148277933 0.0334498684975039
"cg15599437" 0.0631041638179998 0.051563004836056 0.474704172529392 0.056762442239552 0.175040860425165 0.152765417323787 0.0916409527848955
"cg13435137" 0.0767784547119578 0.126944026805549 0.457722607358451 0.0466177573349268 0.0453039213745251 0.0850430245743699 0.0619270685010014
"cg19537719" 0.20676730736886 0.170014798660847 0.57542945779469 0.200903629888641 0.177968479276705 0.220604910687956 0.177768479048588
"cg16505233" 0.0401376741718201 0.0668854060871109 0.438450139354332 0.0438846105142767 0.043123740357262 0.0430084380582163 0.0692350206158864
"cg17707057" 0.0777332150282977 0.0697103051754828 0.487226126966229 0.213055827794494 0.0924185797403882 0.0793328883421296 0.0664394612544127
"cg09729012" 0.172979540597818 0.169530332628038 0.558547377901963 0.184703940355016 0.192476267119938 0.174894805218156 0.13589318890328
"cg20660269" 0.0313382558478609 0.0746324054162794 0.464229354355422 0.0388904788935561 0.177855395611542 0.0284495569976501 0.0539760144879017
"cg19918549" 0.045647290919442 0.0441444808591124 0.469008915760678 0.0552594547304341 0.0817390972897901 0.0452027474301144 0.172364398929176
"cg09977703" 0.0444890343752722 0.0539116610927423 0.545324786790409 0.319274572283275 0.220582536503365 0.0383976604882262 0.190400022989817
"cg03466198" 0.23983103040431 0.149363572443455 0.547855055880279 0.282640967192629 0.0297804469234727 0.189329270214933 0.0268806894172881
"cg09742465" 0.258219065042402 0.0527571331149166 0.502223314075971 0.0591815933403958 0.0564101771536707 0.187102459510242 0.05456643465789
"cg03638781" 0.0680204650695266 0.0561786881786532 0.478395756227177 0.0875601122660717 0.0874260326774788 0.0600996280885657 0.0882564672120241
"cg13962347" 0.0432301373416426 0.0423932493506732 0.462584061352402 0.0464476686063571 0.0634243493687759 0.044583075380666 0.109313569043942
"cg22184990" 0.0846885252164961 0.0404105191826501 0.469791355959697 0.0823360184629916 0.0548228516090126 0.0912982782319057 0.05128444308899
"cg02508743" 0.332535688908421 0.0784052853542025 0.633420617032827 0.0769169986297196 0.259978579291453 0.362727802270673 0.311635176644017
"cg05614346" 0.0695458147409803 0.0872944309935516 0.494026757711432 0.0938764437731282 0.0773638371698418 0.0891538659986383 0.0757225800637643
"cg00092400" 0.067281255478816 0.0943075057927863 0.532146004369559 0.279811171532956 0.0575907583685724 0.0676686635337195 0.0826258961365136
"cg27540367" 0.133430428107192 0.0979874937439942 0.565761339642006 0.380027532533178 0.060415125702876 0.0733620653935928 0.057650811358879
"cg24138325" 0.221262093822265 0.387666338813547 0.652205925770024 0.101944031022663 0.303188221141114 0.170392731486198 0.109744109375366
"cg08574423" 0.0306139052599812 0.111370988905272 0.497927707959315 0.0366609355320414 0.0525988114535253 0.0390281852787547 0.107037257328658
"cg05596756" 0.0434195338077581 0.0678992973846137 0.509836755383452 0.116612901886077 0.053635591383138 0.0480580400534249 0.123117964262595
"cg04466898" 0.0659419907630138 0.0591666701571638 0.497646575956245 0.0616320687705763 0.0607449577340787 0.0657871929380152 0.0595418672352567
"cg13152952" 0.0801093608305073 0.0432538401672394 0.488848118270235 0.0435794949139761 0.0410116601774177 0.0672895089709296 0.0413258597277378
"cg00360761" 0.297772399216801 0.0757831562559978 0.638984323079581 0.214813714778158 0.161035627162541 0.266146338401583 0.135620031018751
"cg04960065" 0.172596273212076 0.105863014304404 0.565202140909327 0.0553550148536924 0.0491362362466894 0.257871111097225 0.0593190700401825
"cg27485596" 0.0754654592416209 0.112884314029411 0.655910725437969 0.196595666663621 0.291771969734424 0.0773887960072422 0.373071275042344
"cg12634208" 0.417135812909898 0.232788406242221 0.694759623058158 0.20995474809887 0.12090985808101 0.384327202928197 0.118876230578914
"cg13415831" 0.105123977202052 0.0522531585072134 0.578154876414081 0.306311641553348 0.0527881075581584 0.117930956364195 0.0477999675080817
"cg13639901" 0.0964387188504275 0.0906962846487151 0.572985765369962 0.132057900404833 0.0977637885437594 0.0877857789975375 0.112144262886706
"cg11958644" 0.0906090357253259 0.212616951200989 0.567872924085458 0.0575098716160226 0.0424019396051991 0.133702907184654 0.0507782007255134
"cg08098128" 0.067884545418921 0.0890907098901856 0.543707033046419 0.102381485203975 0.0591441216427299 0.0746682916695203 0.0465028922723543
"cg04987734" 0.0587815173244115 0.168699944280993 0.59721074348901 0.054002191114599 0.127471563498386 0.0761296617786285 0.222055955975891
"cg06637812" 0.0794856165520617 0.266390668524642 0.615224324299003 0.117248297261543 0.0957884570659216 0.071725793206883 0.106265172658904
"cg20472746" 0.0647956451549806 0.0779340290128721 0.601536357639408 0.203184339986234 0.0800809684169715 0.0689264719811452 0.160893568953064
"cg07884764" 0.103036045624435 0.0669793343531392 0.603448449185659 0.0785673102443214 0.172330572426771 0.0805855566322663 0.134407372845873
"cg03422583" 0.0826589870914592 0.23843214198154 0.593365118100902 0.0524847720836971 0.0510301755839974 0.0634100231974409 0.050302374219885
"cg08317738" 0.156126358311298 0.0946439247908252 0.630571791837296 0.098934342431043 0.106911055717536 0.223791911447353 0.0997294376318169
"cg03636488" 0.088236482302905 0.149966788397183 0.634358310385465 0.0859770319419628 0.128624622054171 0.111588380219155 0.171721880297365
"cg13408344" 0.0912196467983076 0.123771501135194 0.684379752367523 0.129115517911432 0.20916596671629 0.0834805039250551 0.366624270444975
"cg25598890" 0.214465378325011 0.0412917743657938 0.590102930490378 0.0616748125913111 0.041431886068493 0.0724583931894675 0.0430088495424617
"cg15752436" 0.0552042282700633 0.0597104230026902 0.594455388578324 0.05932306213092 0.0712399617643682 0.0608510269872932 0.15069412313537
"cg10825530" 0.148867326409064 0.11075532836625 0.782374319623144 0.594507123720867 0.192044673070707 0.130644556698967 0.366734229815982
"cg23966363" 0.0984526098027029 0.0530730001238736 0.6010465518353 0.105804016324436 0.0801358831535756 0.0560271073266836 0.0668964369713245
"cg13810673" 0.0463554481368847 0.0420179477037099 0.650620628288222 0.390750407320811 0.0481294321393443 0.0459827979203144 0.0922374348843319
"cg15153141" 0.299774173186606 0.0702748807341981 0.643669437641632 0.045398331782637 0.0385938596265141 0.158127579735024 0.0687497635585956
"cg10768932" 0.0568526357469737 0.0643066032821337 0.676700038719804 0.0571696554615976 0.398631954947632 0.0515782751994212 0.0678029682061058
"cg02003183" 0.0320349081020476 0.0658756192461527 0.649988594174315 0.034893196908977 0.0630780665522045 0.0388011429988887 0.0879092407020105
"cg20979153" 0.0744788053263978 0.0828171595516726 0.749709756526968 0.559015304976739 0.0471412899720773 0.0615411291610434 0.0572234752049509
"cg01722297" 0.118914151565247 0.177771810335715 0.788458203045191 0.348242753452237 0.123739053708652 0.131989774179699 0.123580092540461
"cg01598421" 0.960423318534852 0.946742194112395 0.744672856315511 0.150630439454687 0.960203560623063 0.960457330425998 0.96614105976407
"cg17768768" 0.95919166400665 0.957416273555353 0.865277227961497 0.156710521311918 0.9523335289271 0.957849367664951 0.957564010485208
"cg25131632" 0.946987060162192 0.942803791748068 0.741460301638663 0.158255330272547 0.949503822810212 0.945582959806815 0.942128188258843
"cg27106643" 0.887688742874246 0.899619163225178 0.809653448388837 0.124814422132895 0.907924186044052 0.878286919145417 0.9336664935091
"cg13738327" 0.964174461155519 0.935487927876045 0.842690007652488 0.188493343615672 0.962683903278175 0.969356621294773 0.967464292737991
"cg19276014" 0.9700263685218 0.965889059408718 0.897569368593696 0.205697807942125 0.970432694657155 0.961861183660873 0.971331377150768
"cg01024458" 0.888372198743288 0.867283370276622 0.776594963768567 0.146392473290824 0.913042823837923 0.909256901765164 0.922378717740042
"cg11661493" 0.878656965448147 0.882740267740861 0.859570452207254 0.134046925501049 0.86385452678988 0.883807888586569 0.873585070851752
"cg05484949" 0.955657203077342 0.95321396933522 0.869252329060432 0.20810168210644 0.944766634558724 0.95365437754218 0.951942147114099
"cg03131366" 0.896770131442331 0.87507778093013 0.775924484229441 0.13858527858323 0.862449640712947 0.897908979106067 0.891445804910747
"cg26318872" 0.901350186997144 0.901174156312297 0.800015900464052 0.155976832470351 0.890383989636178 0.910578580269527 0.896838179977034
"cg16411445" 0.969120729455061 0.944011040770843 0.793657373058143 0.217367611570808 0.960673597713814 0.965571570635534 0.961752526275176
"cg14066207" 0.843126487616468 0.905587609677887 0.735416280711479 0.156364751189325 0.929609234867083 0.837694377254823 0.9351874800201
"cg17995557" 0.88097047360372 0.803903624110636 0.827624896870938 0.127459291330976 0.880204964162582 0.879618394117257 0.877372907012258
"cg09201499" 0.957236578085809 0.94911066178037 0.92312921133975 0.225836679625414 0.946655095838331 0.960203168761401 0.946830718856277
"cg15348679" 0.941980678569331 0.947293306225665 0.723736475931819 0.198934624482833 0.894132409116298 0.972481467158197 0.914290702865557
"cg07435215" 0.892228005294189 0.867034389273891 0.740071600810179 0.138379854756437 0.869689879175288 0.899763853185094 0.822716818760891
"cg07558704" 0.939804994857201 0.941873164450461 0.891596886835913 0.214922999676418 0.936451974151764 0.941652695575201 0.935774060101121
"cg02212339" 0.918008485184814 0.941092667595881 0.759702332873727 0.210432421878103 0.952362665081661 0.917659524274051 0.954804995778699
"cg16586807" 0.915359156179216 0.912728471740751 0.807779089855824 0.186783013349614 0.905230201704837 0.925144971861009 0.905074869093742
"cg13283094" 0.902722692618682 0.879514505772255 0.672025471121693 0.163393395033033 0.889008177878252 0.902159759804708 0.889852437173069
"cg15235922" 0.892435467925704 0.873927842454074 0.654430145048361 0.137938819149178 0.844156154564361 0.886245652460926 0.826918362269857
"cg25683989" 0.885300381435118 0.861703732405512 0.62296418578277 0.153878121081378 0.882927016815365 0.898188686133468 0.873418519305955
"cg14936008" 0.901641565969194 0.894470497116502 0.70353031125407 0.173765546638084 0.884698597247002 0.902138245336134 0.897640498824968
"cg09469986" 0.877811286573686 0.838813070865033 0.519555522571849 0.145018860149839 0.871860033461684 0.887535782447067 0.892936499552684
"cg01868869" 0.901987396118995 0.896118803795143 0.693862659716451 0.180039604927612 0.898039555560474 0.902789996215734 0.895499630534853
"cg15532942" 0.88111182742619 0.840860593062283 0.642447424490198 0.151555326029509 0.87996696144775 0.88899338685103 0.874508169900811
"cg17679619" 0.869989742968977 0.8631468626182 0.687901133496034 0.148577942917985 0.865895124672643 0.884321763119421 0.853395909073868
"cg20602300" 0.897646160148677 0.895958788069823 0.855348833059249 0.186061832760174 0.898986675881117 0.901559969894312 0.89432312047809
"cg03860768" 0.846510300637572 0.84766888892559 0.593648354426363 0.132518198211058 0.871579706837266 0.824146591727439 0.856544120074023
"cg16085171" 0.84164520269014 0.888123626915877 0.698245528444504 0.165482094116679 0.883190330785635 0.880253134355026 0.893379121820285
"cg12583572" 0.887682959569758 0.905446019356838 0.913829900996343 0.2023297508392 0.910117761450372 0.904498846877873 0.925565142550567
"cg22826986" 0.817705338433301 0.801633150608176 0.50921176731877 0.116806378665841 0.875998347090583 0.813697533655552 0.84819784328971
"cg22212560" 0.911015612878554 0.883246226555519 0.818202163376462 0.134261515036026 0.658036102138764 0.915038981242018 0.856012444115612
"cg13356455" 0.903607454626042 0.809890252790242 0.661305089267908 0.162861579259501 0.895149546913347 0.899615556022647 0.879313379683149
"cg18250453" 0.888737882303408 0.798094234536729 0.847735690883053 0.168689220709325 0.895695985431989 0.892419380702394 0.90041653723062
"cg14482811" 0.958799791741955 0.866154671590191 0.807865817989505 0.223965316040428 0.937237629013956 0.958073884616901 0.941598376384141
"cg07145038" 0.883111169069731 0.870545762301282 0.567926159732493 0.169917135385173 0.88598567473181 0.890356584719395 0.87452041046123
"cg23948703" 0.860146064270675 0.830460672265092 0.65531069303664 0.149591617292622 0.862447248960108 0.867352987402599 0.863616468705571
"cg19931733" 0.871971255149089 0.865895651077372 0.844089367221949 0.161477500502834 0.828764423233571 0.877088182615106 0.852950559370523
"cg21596498" 0.81954750636704 0.84510258857029 0.671923989308701 0.153892181268367 0.882491822207708 0.862697900236266 0.872551862236049
"cg12604490" 0.856353222178445 0.825126298827335 0.630780700654297 0.145186921246485 0.851727835789427 0.884296372914298 0.844767222265687
"cg05524458" 0.873550100150059 0.86426294225303 0.656173120685613 0.14004834785953 0.853193990914774 0.884275378102258 0.75117523331538
"cg15035590" 0.8924412283826 0.89666720003515 0.75185217152337 0.195519866848011 0.894002301198736 0.904668371241171 0.891547776331133
"cg26552743" 0.889875249175145 0.859821403339433 0.615741911397535 0.167618458275845 0.858309787694701 0.894675672161782 0.864384559911189
"cg03402235" 0.893851230685702 0.871971695023481 0.764195820513012 0.174305291624731 0.8555205790295 0.905056990094125 0.846938802098709
"cg21248060" 0.929599020649184 0.706423532120193 0.810727850222636 0.179568309986374 0.935719549124015 0.896914493631137 0.94355779168694
"cg22256853" 0.843291608987326 0.779358761871212 0.604065031317197 0.141528321354018 0.858953022247835 0.870282043595902 0.880718409302933
"cg22381248" 0.880828758004139 0.854329558859289 0.593131871744082 0.155768899220466 0.832537429588258 0.8506221674167 0.868738781307271
"cg02630207" 0.870680498298938 0.852513788810071 0.722014204712946 0.150991345501542 0.822920180322892 0.886797494386627 0.815378165994115
"cg22286382" 0.0754188477813576 0.111277990929798 0.618130609902221 0.649769400489434 0.202359456549048 0.0759427104313375 0.0734146607176929
"cg24834394" 0.321762757564617 0.366986347660195 0.659692690589064 0.818124554140612 0.361458938956615 0.309305122055368 0.0641760883149771
"cg25616055" 0.0544191385911197 0.0858855955674656 0.390735950963094 0.601389557588304 0.0971780461532646 0.0497529776551789 0.0466895102826105
"cg23144473" 0.198407282853346 0.0983229161982258 0.0842270434358402 0.669214280033015 0.191573564280754 0.208282461088388 0.0950923720593393
"cg20450123" 0.191149171152382 0.103528351616292 0.5132727915899 0.678817484729167 0.175723986098818 0.21378545753202 0.0744589513617551
"cg27507284" 0.356680079166652 0.119068221776846 0.60215292091156 0.713477451572925 0.0720753198939951 0.35592120040876 0.0741398941263411
"cg03798942" 0.0947886820399015 0.0825922170934466 0.318942351809246 0.731906118662913 0.556326000383285 0.168177116226199 0.11850889977459
"cg20380468" 0.0680454996849391 0.467414207905967 0.615841300855625 0.807343483639378 0.432141088022913 0.0920639156634781 0.182380423467476
"cg08446038" 0.103828722663102 0.539528104206309 0.447694275939552 0.77362744343774 0.138032645658763 0.202977832358762 0.155983752213438
"cg18020065" 0.684146916715015 0.0721165455310359 0.38238705484275 0.767551746177817 0.0703280040686879 0.436818940709573 0.0670619393915309
"cg00335124" 0.260317708403918 0.161993257622234 0.647852106117975 0.825771721153946 0.624855137840485 0.380361466566587 0.0551883893158609
"cg17950348" 0.584163423497654 0.0700450317966621 0.556839827335168 0.76432767955553 0.0743990658780381 0.519026557064689 0.0538492064371181
"cg07249939" 0.270851630370935 0.0801341195020001 0.513974771631526 0.739745122645096 0.229142436741596 0.249888375258668 0.21323142718582
"cg07091500" 0.125832233686212 0.508211016862369 0.247228568006656 0.75343596392661 0.105083629660286 0.210766597113292 0.104432256807116
"cg09076077" 0.47181502938654 0.0787478043460414 0.52141816278354 0.752995944679893 0.0885049977978256 0.454110483337656 0.0975650619803295
"cg20236089" 0.164505094221504 0.0628182418222676 0.0815067118623309 0.665884275135285 0.0893042311479845 0.14448618640474 0.226918676046354
"cg07093324" 0.202241860223564 0.474395638884497 0.713993917173547 0.791550087555999 0.13340417513896 0.291719784063058 0.0764724707108536
"cg20025658" 0.0668125207614121 0.0789293790560035 0.234682983968822 0.665560861318965 0.261250357209799 0.0625971124455537 0.130419440371406
"cg20541456" 0.0526427259053877 0.411213756961621 0.414386940788243 0.693254167879456 0.0660900584467827 0.102697046639074 0.0347558162326541
"cg21278103" 0.449459984721196 0.450489981399649 0.10011134564383 0.846021916888356 0.141886194622247 0.463673250955043 0.1149625369284
"cg07725527" 0.118607505778835 0.118473441807406 0.669443409025922 0.691395750270927 0.159985541729508 0.131388072277324 0.119830599197351
"cg23433370" 0.581763781813428 0.0985776424562691 0.739153900213078 0.784361721672697 0.0698362726480562 0.475502343867449 0.0362896182645792
"cg19268695" 0.0819056605995837 0.0906637980525206 0.601838351717925 0.772657472893928 0.169091095080188 0.0787767152200089 0.598850853042507
"cg03889263" 0.0935565300593433 0.604163556651268 0.203835354002743 0.76032341097269 0.0761444377519017 0.129946696958508 0.0772155902764689
"cg26366091" 0.223679723183852 0.150982516769724 0.482014633392869 0.696438765953323 0.041345683971746 0.293105245620185 0.0470988109124885
"cg02879423" 0.133548057703701 0.124206408833994 0.581201105402697 0.818066659744377 0.753785464677201 0.139599164913703 0.0972244626792023
"cg03272225" 0.0580374588775625 0.0777661306632999 0.299722774420287 0.636273253267961 0.111410785099444 0.063166105905713 0.0770750497773267
"cg00619207" 0.0863404803973763 0.0932733917387608 0.539590225502406 0.751299947700897 0.143659265537053 0.0840071833525832 0.499018937248131
"cg25983531" 0.388255349301319 0.138359234734522 0.528900845370533 0.760622568522919 0.106096444256259 0.340861275783952 0.0960850997591524
"cg01054402" 0.092158127868619 0.529670857963163 0.386542047538338 0.811317071046247 0.25872653361476 0.169916785642537 0.081995344987956
"cg09849688" 0.249236742691546 0.195824764461976 0.483601639207655 0.732621144893278 0.075010373955958 0.214053175078266 0.0694696280601485
"cg00058449" 0.333706843528732 0.0749925980995037 0.655781899956328 0.816425568414658 0.274247407921791 0.284823078984406 0.243327671623364
"cg15906007" 0.0965278492889268 0.0899939042367571 0.119652413538984 0.717472605943406 0.301695216787506 0.110276357906627 0.137786451469184
"cg22446709" 0.0485928995103563 0.0479206170525791 0.0288919297870415 0.619021866034589 0.0589776666441646 0.0574222606281929 0.0403238511210109
"cg00902153" 0.169899776912365 0.697109030552015 0.452118159709183 0.836097121927625 0.0568627667877468 0.173561207545405 0.0776497868798762
"cg08682625" 0.0810703685466388 0.292360592313118 0.541924803752535 0.729437938653138 0.0866120695014527 0.133696356021985 0.0724646111947107
"cg25518868" 0.107600458986748 0.182706514368685 0.74002210433742 0.722961842672702 0.0585216243963373 0.163112245312903 0.0522584077722181
"cg01156249" 0.277586092037271 0.616102317545105 0.704025507234539 0.865411202223853 0.0582104168527243 0.225772166059721 0.0518844950156516
"cg07635227" 0.137437536525703 0.424863840901419 0.534525984813479 0.767418428339213 0.0347191096105087 0.128083368075619 0.0363200114553308
"cg14317609" 0.0705827308670045 0.0535197158897376 0.0420908297884071 0.653679633628057 0.0554136138221764 0.0753517430659204 0.0553577163144247
"cg21291385" 0.0784583168910601 0.14397111431145 0.679427459760596 0.782323219491671 0.398117835543806 0.0935745835202956 0.094419712964316
"cg19269039" 0.0603843388320921 0.0837562134288574 0.662439203930488 0.781116009541469 0.159077561548849 0.0690791936032752 0.413100406481695
"cg09300089" 0.36102927349398 0.080721986299796 0.597627220761353 0.762044062695025 0.0743636313042214 0.215924356241077 0.0590759481224446
"cg23357708" 0.108016588448417 0.152300420242707 0.402567462167836 0.739574888555596 0.0696150135690527 0.184573250805328 0.0646127819438556
"cg25336765" 0.276715404256636 0.114284855671379 0.540162052744059 0.803287348370411 0.0781642195895587 0.316203785320872 0.0919305947232498
"cg08864105" 0.139355224657553 0.110953051831306 0.489096773232652 0.761313187510267 0.0630222673834876 0.183402586473729 0.0719809190937962
"cg08560387" 0.0854802888256653 0.0497074681869113 0.322061915586972 0.715379319883249 0.0466729635324679 0.0516984021412026 0.0419383340824273
"cg17266282" 0.10990950380097 0.177324582906324 0.80993990394754 0.853300238527817 0.125287284018254 0.125094549238605 0.130729091630821
"cg02606840" 0.0454516230590423 0.0564599351254903 0.541174919037721 0.801970373925276 0.108211437674255 0.0484418361756584 0.0545033527511634
"cg03429643" 0.0536035465235149 0.0567641062349835 0.376475055259413 0.792087657988851 0.0581754478693892 0.056612338462044 0.0496163874108519
"cg26872907" 0.911059984639523 0.87799462939096 0.846489775803196 0.912768265720889 0.0813274633890899 0.933844750433229 0.920366363103415
"cg23244761" 0.953443204097964 0.919146117559287 0.906526202137943 0.942992412618112 0.133072246678323 0.966328740588114 0.956346778391548
"cg20559385" 0.866917402972197 0.854186308669007 0.667715737257892 0.861433590592303 0.0822314592378873 0.893862116591581 0.82613513197596
"cg10480329" 0.90191003783692 0.888476228625858 0.903992507410407 0.896786972414793 0.123386025410068 0.91891254674465 0.852249584388864
"cg05923857" 0.80167159540498 0.883057776495385 0.866880240456264 0.871276932300221 0.0961704958841281 0.905827239833267 0.826111286006181
"cg12655112" 0.922774609466469 0.905515081792662 0.728356948738549 0.875704531283499 0.116664789036501 0.94558126300806 0.745553190542449
"cg24788483" 0.868731030004765 0.901953630622345 0.835661703095539 0.887975714744064 0.142116738089102 0.94261744341918 0.882451989717708
"cg18990407" 0.923723362044335 0.900798727110414 0.802072762943518 0.92460922100606 0.145953267449836 0.941272437026103 0.763204594155492
"cg20610950" 0.896323219835623 0.88009977113168 0.875083380371638 0.895823773205295 0.0993375150368036 0.910960099926465 0.603183804063576
"cg12422199" 0.867519390784064 0.787637263742803 0.783405285850103 0.783161126598163 0.0954830930906338 0.877794830942374 0.859104343006526
"cg03339817" 0.960481055858331 0.936121410582368 0.680727407183113 0.931957038267077 0.211069098148626 0.968719585576829 0.955239053962579
"cg18066690" 0.895891217850684 0.884773283072881 0.785303324540144 0.898966063560702 0.167954798251288 0.913939541654141 0.892231688525967
"cg23146741" 0.85435068391555 0.819058821159556 0.734328344445947 0.836867765319859 0.100417737803665 0.871534546135918 0.772900017138322
"cg00288598" 0.856604117481135 0.913540326373643 0.93339048741564 0.932208594229246 0.150720534651228 0.94040120242987 0.711935008919952
"cg01476222" 0.884841099456888 0.829267945213048 0.858387569906307 0.812720047197018 0.133281921532454 0.891587411206508 0.843786374682766
"cg24954967" 0.877422035229806 0.82862443144036 0.582844476716224 0.747316986995172 0.0922886958009027 0.898230567617588 0.75856390609453
"cg08908131" 0.853671253106066 0.805293399891199 0.583536004941813 0.845998404893742 0.113500095801982 0.872560547495083 0.816074412986916
"cg16636767" 0.8814979672207 0.862938916309484 0.84327278750596 0.863994295949634 0.160084503239841 0.882992459654478 0.87254191150124
"cg09322573" 0.874067817400154 0.849861434728691 0.625247167036063 0.854083148240167 0.108876779449953 0.892178792432731 0.688795156252897
"cg22675702" 0.834175108516789 0.821366249846234 0.843991220235519 0.837448838559413 0.123850543492495 0.859958263694463 0.820416185892422
"cg10278149" 0.876050966372924 0.857565727937534 0.579172326850345 0.799876528248338 0.0991651597353625 0.898160899716814 0.683105479508356
"cg22259797" 0.849654307878271 0.884555526167539 0.891013720309529 0.901694773622697 0.0957768315917826 0.89906764010401 0.486180097579171
"cg02244028" 0.871854011081621 0.849619262950902 0.661117947818811 0.868373099758632 0.14226203729118 0.887659295784686 0.801013945262297
"cg19835973" 0.883372661398843 0.85479948292223 0.798033020314785 0.905148091974608 0.183293211148629 0.904704041750214 0.905333368202628
"cg10649130" 0.867101490235849 0.863568508020603 0.767355521489989 0.834834062625977 0.124544647456706 0.872500347200128 0.700946916243778
"cg16736889" 0.834720370934188 0.823380692936878 0.743302453921533 0.770709821503462 0.127803085811737 0.855829442958956 0.861108345895718
"cg11186858" 0.938376938616906 0.88569002545019 0.926841423970712 0.914845745671368 0.141787551442695 0.960004159536702 0.523355924231973
"cg16429499" 0.859009491282279 0.828946266459001 0.658009971410066 0.590324426871171 0.0969821927830172 0.891216159816911 0.849037798582002
"cg00101629" 0.882402688225769 0.866306139016221 0.677680807969455 0.877677563989123 0.162137994746921 0.907657549196373 0.795895608329922
"cg09220326" 0.879319558015322 0.855067019745694 0.740948359456215 0.872019378166811 0.126178894111634 0.895512585941987 0.633862892153734
"cg10499974" 0.878589209548609 0.858297646170702 0.593940103143221 0.855473582364889 0.08981568366759 0.916930449695196 0.486198640157347
"cg27366072" 0.873556811509291 0.842249186137066 0.722318168746224 0.834793142504839 0.129372293544159 0.890720913032707 0.708052717848964
"cg04468741" 0.809346177154405 0.840883525194333 0.808056544403897 0.860588905245595 0.142301305431845 0.869227480814951 0.795710477074063
"cg10558233" 0.799317796277324 0.816518953221614 0.680952067773577 0.837932032216249 0.12328282176644 0.846678780338999 0.799358091558232
"cg05669832" 0.843787344948471 0.87233260105915 0.8010880744143 0.79012365798618 0.159695371562724 0.90420537998756 0.852513148737289
"cg21459713" 0.867750949299173 0.855759472123327 0.862722756042928 0.859213902939047 0.175672543577494 0.869448147107867 0.856371369819442
"cg26690127" 0.822847846512523 0.86555370884303 0.679448432827716 0.794092021253515 0.125334335475306 0.889380253693252 0.729025975792669
"cg26326621" 0.886146315486046 0.845119833633617 0.793750250798566 0.891922801158055 0.185607318989773 0.914380696050857 0.849032517272959
"cg02780988" 0.833599274314879 0.797237249583521 0.562781680766524 0.830201173950282 0.133872441188488 0.8638583769626 0.834992724234078
"cg18770149" 0.861351820331338 0.822613521014038 0.606082716818216 0.861112916888264 0.158066206737477 0.885191573895479 0.841718628935703
"cg26538782" 0.864608993328854 0.852298217417866 0.707341546108399 0.84063835327513 0.160863928676469 0.85473829266918 0.83626216307288
"cg07002540" 0.829361785578886 0.783429275567628 0.594635392981115 0.868320391887791 0.116299911557088 0.883129160173378 0.706674519171858
"cg04478930" 0.908983622295527 0.869539460722533 0.67813606078375 0.902357858762123 0.179044117255415 0.92119062858703 0.762340393391042
"cg10624395" 0.893010125399494 0.872220582751506 0.767599296654743 0.896357951416064 0.208259952233433 0.913645031796179 0.90092856501221
"cg24037651" 0.820172465938003 0.749949138946119 0.675851386056956 0.793937953394657 0.113543416405537 0.838207816730559 0.809332429078509
"cg14109551" 0.872394858300973 0.854858164009232 0.558468315432523 0.874037176842217 0.148961890966848 0.888617056146518 0.723463604159919
"cg18835472" 0.820474139345956 0.810235393355629 0.73933472011588 0.816263199826336 0.11341237931375 0.863169341296201 0.68558014162211
"cg07846061" 0.839360494803435 0.801224909477871 0.621663090407447 0.836173959654933 0.104078289966934 0.865103067580676 0.629278692006306
"cg23144445" 0.875948638010529 0.853975312261822 0.637349342471809 0.871627476150406 0.0998441555182709 0.884571987462261 0.464711307577152
"cg06297318" 0.831885437134271 0.833631506867906 0.675852147516317 0.818363977366602 0.144894531905001 0.849438352466636 0.803458145268255
"cg17161520" 0.0970832542395856 0.183213798549744 0.580917831967205 0.0920398149772001 0.747429232856595 0.0866441401516915 0.822441355917541
"cg19529732" 0.131317005629446 0.0894372874681976 0.634564774048827 0.616401508871308 0.840435001072456 0.0447918093444099 0.835649421510669
"cg24216966" 0.187213280417032 0.269920877581574 0.7844742649169 0.245864930543955 0.843194965297365 0.148394227583786 0.859131943612654
"cg15997393" 0.0805408074858624 0.36793942329931 0.903529446091842 0.497297324516339 0.937357535721777 0.244076837422083 0.96641289790525
"cg15188939" 0.337914035498361 0.288119063074997 0.624664626409138 0.158353443859016 0.861360433224987 0.180798202261567 0.878025928013407
"cg08622666" 0.379238987458926 0.141895226048839 0.622430744551172 0.165395351080696 0.831634355698479 0.178629134209586 0.855299189984646
"cg24957609" 0.177802129020182 0.131187966978075 0.71706023659127 0.42478718587228 0.778880969301155 0.108319843369007 0.553542118784827
"cg02737268" 0.0698598518639326 0.571977271270988 0.876216226453194 0.0852486591317898 0.868476263858116 0.0433949142455058 0.929656918096574
"cg20055861" 0.184977516107784 0.346867778911882 0.579616291520616 0.0915232504402393 0.828288884302885 0.168457735462977 0.850571013731094
"cg14364797" 0.0930901208255827 0.0657626960840525 0.822774141978155 0.661815904150702 0.737291616604362 0.0438727865867923 0.263070723457639
"cg19510565" 0.0995801720970678 0.117626967096722 0.583498897817415 0.287025717579306 0.779195511104061 0.0668202085360825 0.79472968565937
"cg25050392" 0.111989437319497 0.177585039925371 0.672808049818041 0.44045399760231 0.846978984159765 0.10587694471344 0.848900884846352
"cg07706695" 0.0773694977783919 0.121338654093262 0.562053862120464 0.273915842555174 0.773511494509554 0.054482918872373 0.804036127991953
"cg27027055" 0.12431173396476 0.189103576013582 0.681501056135044 0.445004333259374 0.84999218069603 0.076436425834419 0.846113162162137
"cg12476487" 0.14827966248987 0.111149816287406 0.669208545493176 0.611379593368005 0.881216128470938 0.0614224330713891 0.895990187239392
"cg26348243" 0.13133519764111 0.519864174133709 0.764604296223174 0.273361203131015 0.925529989667071 0.115255249906547 0.948358351628945
"cg05052463" 0.19283656589314 0.252644403770902 0.750988813368485 0.0965804682364455 0.807949041003658 0.0972035271653263 0.816613362279681
"cg12603453" 0.111468401801809 0.114434509249147 0.848303047871637 0.811203813009181 0.819116545174759 0.0901818759060781 0.36724056923812
"cg17078393" 0.167663761348363 0.330727645940665 0.668347785037704 0.155211170386627 0.841941280282492 0.125661828759072 0.847849120523068
"cg03961551" 0.126098599313085 0.137629326126402 0.443134831041635 0.332547371694573 0.806504731114699 0.0945360948399619 0.812917823000442
"cg00517080" 0.445128554818737 0.167816972144093 0.715791610257881 0.0835108362579233 0.860049946565636 0.285832883468089 0.83147357549046
"cg10639435" 0.130282264054589 0.11769321479093 0.55990506293007 0.57370955936945 0.802784377604004 0.12623735578276 0.522638484715371
"cg21999229" 0.0849519770411966 0.129095925110227 0.527733618865482 0.0848644948659645 0.730913470221762 0.0559343644491119 0.73745168115777
"cg03916225" 0.0995940635803918 0.12079575606794 0.459751780833854 0.360657285716054 0.806038076306707 0.0810974508110482 0.800872548509646
"cg06208288" 0.199967233576673 0.123877620729515 0.67323934436714 0.522559668638754 0.899994073441759 0.165601251694774 0.901038859262914
"cg17587997" 0.443044218625629 0.110953042968224 0.628262076212321 0.145615193986164 0.881044766223572 0.289179383964765 0.888453189165804
"cg14437551" 0.0541401650512707 0.074902411116974 0.40718537937701 0.0579074500968343 0.717902727375978 0.0463734700005437 0.750650242155561
"cg01849093" 0.240722658640009 0.153929352967049 0.418188220475852 0.253339477910279 0.847419238061973 0.203016675595036 0.822147674954725
"cg26217402" 0.187926324053339 0.335329135752645 0.389812442074751 0.211633949702004 0.872868112126126 0.152973535751018 0.861646051062245
"cg21577598" 0.0688901193959028 0.179984368617436 0.655251379274187 0.253854169501642 0.811450179939778 0.0525599359341405 0.817771477455779
"cg12609063" 0.0914850751297018 0.100001456874499 0.488433772886991 0.417014170779577 0.792843291758628 0.0710345647924655 0.653026775901471
"cg21201401" 0.0882904634478014 0.108045426821678 0.141178462578256 0.244335410667986 0.793758756360046 0.0619572388660189 0.878287856996312
"cg14165142" 0.108058255833219 0.254531404450878 0.1782990360051 0.282720605534523 0.835633522879954 0.0786463394754985 0.840117597539805
"cg13554018" 0.137276556437194 0.10944573820626 0.549425641846673 0.0812718221124953 0.772514278303768 0.0982614503027309 0.777916743019419
"cg21359303" 0.102922906565566 0.19047557274112 0.908923383392585 0.416212022640211 0.895400630395863 0.0708797021453009 0.907381661525821
"cg21830221" 0.123060739577508 0.136807755196689 0.479774101904565 0.114497766652598 0.789551269792709 0.103988232483848 0.796655591642851
"cg11316887" 0.134289234314965 0.119064199786902 0.529153836947723 0.113279394172635 0.801272911536464 0.079372685503708 0.867912830358893
"cg04722215" 0.122341223797825 0.144134905466301 0.674164632668273 0.394209899629629 0.85717459322881 0.0890555998065432 0.794075180670009
"cg08169020" 0.0828548045735031 0.152179320127021 0.820700377381164 0.462674543812733 0.894043148642767 0.0705525797033842 0.913146388207306
"cg20805133" 0.0798188411301455 0.252632015782847 0.73705875835511 0.182038036388264 0.85134556785587 0.0564694636531455 0.891228786521534
"cg16219283" 0.148599809250377 0.217629540898095 0.71906583873257 0.154188258991554 0.851250367938291 0.115263088290866 0.860176627864554
"cg18148314" 0.100962976776735 0.107863829421366 0.507479398892323 0.285394155277404 0.832724846632668 0.0661211932852477 0.86081970737363
"cg14441276" 0.100214404902589 0.132707196624181 0.455587306637902 0.0913927242590558 0.797899122436345 0.0778960578519822 0.801686709679839
"cg19097880" 0.0914067457513644 0.106952783943119 0.202912883952709 0.0931292871821238 0.778567618549431 0.0653858805901589 0.761582567240289
"cg17169196" 0.119233552159722 0.196082922813929 0.680152872553384 0.117294119999038 0.856514391703889 0.0816579842314067 0.874210740316417
"cg20513976" 0.0525463366393133 0.0770028979366375 0.128521029459714 0.26594494395699 0.836853759057294 0.0307502065966908 0.917880221476479
"cg00446123" 0.0939974145764777 0.110712343491776 0.147083640846336 0.277014042627921 0.864141811704088 0.0705141372914032 0.927913155244629
"cg14597739" 0.0915110632816671 0.143583103665307 0.619659440599701 0.0921819064959365 0.836799136225976 0.0641564362594596 0.856446197146476
"cg03795574" 0.0709638008659171 0.364222045095167 0.677652966686837 0.09326679089853 0.748899604272883 0.0764393871023562 0.0883021191935153
"cg00219921" 0.778234934194051 0.826415202144116 0.766245837868658 0.880336345394365 0.882087132602668 0.159011768521662 0.882342420298965
"cg25939861" 0.654561614952339 0.589911565796506 0.583582964463772 0.842793952684433 0.834157422893997 0.094465636532715 0.852433650720612
"cg08777095" 0.295140640335815 0.718503092812341 0.685269086802485 0.8958694096467 0.907625853361217 0.112362147438489 0.910897713411482
"cg12655059" 0.300781914068332 0.830558277887792 0.66690284338743 0.843280926210766 0.862324675875963 0.122179674418477 0.867281261497366
"cg25535316" 0.59740429965329 0.763661787392238 0.715068227683431 0.861230498272441 0.858557485679873 0.157589960047675 0.832766380578506
"cg18174654" 0.798166430787811 0.871336407473942 0.486644262921077 0.879341736407528 0.853544276919198 0.224006671640947 0.866235909937992
"cg06419846" 0.864588998602299 0.935055171951072 0.848601186870781 0.952542047118926 0.952671055668354 0.31337737875671 0.946239227322005
"cg18483549" 0.543781219600147 0.871852562925137 0.789274696714409 0.818175559902329 0.885375735425113 0.193105252007647 0.880191699804205
"cg24150662" 0.184003792958077 0.715480732628619 0.791560181800359 0.905400942713486 0.933225664657957 0.137202261565672 0.945900323954904
"cg16596052" 0.655118483141154 0.940245698349812 0.957066022613478 0.898193981108233 0.949123333321791 0.276060175500648 0.936868028634226
"cg11531557" 0.720828792595671 0.809760580782288 0.739359759834436 0.871261979344063 0.872232408058222 0.231024200891224 0.87404464401486
"cg02387618" 0.144168716375636 0.775505938018357 0.700201571103896 0.887064539426948 0.898365307410653 0.137943895247334 0.912935523021609
"cg08450017" 0.152532500275238 0.346726009128491 0.828491940372473 0.871785292201642 0.919708474452604 0.0574570020495999 0.932368440721099
"cg04403423" 0.200596974531664 0.734289402448008 0.845734092625165 0.803649746761189 0.855920506119433 0.114382762299468 0.857636175948048
"cg26033526" 0.232567606363542 0.64981072997041 0.659857108278509 0.767344962336043 0.856159353280781 0.0958135295232818 0.890344679498416
"cg02324835" 0.495630518006879 0.739038249457327 0.816537836503503 0.858104103054269 0.85307087732381 0.181722364253073 0.872058749767261
"cg11210357" 0.122277338346337 0.760888624966313 0.814382361610786 0.829720605933882 0.862427476939892 0.117544707813022 0.866270049750495
"cg06110802" 0.24141995461589 0.877411201389507 0.841802874392892 0.895944396767025 0.886190777433829 0.187146852992467 0.889215588332671
"cg16193207" 0.133291221809371 0.806179869665201 0.775392535368415 0.8421598486345 0.856663668542576 0.127329395372889 0.847935034886871
"cg19825898" 0.204012371546443 0.790623208360087 0.775222975674861 0.89642231459669 0.906487296561794 0.171114771889753 0.917726312381202
"cg06164961" 0.0992378262902225 0.64168588045981 0.609608010253054 0.874839008939112 0.882060517910809 0.102696923259255 0.890811406583942
"cg25226014" 0.1180209051307 0.559399498510842 0.853705405301251 0.841200860405341 0.886471308640824 0.0950623220686355 0.88749961197
"cg24441810" 0.0965813241261513 0.775920201413971 0.77676554703483 0.739756250670938 0.842631763540201 0.104316279814003 0.860401984295269
"cg02598071" 0.413090497467009 0.853987543151829 0.769204416934031 0.880574304535058 0.8635829718908 0.210126958054045 0.868769058259077
"cg19993258" 0.243174260447934 0.816660839522368 0.71753026065602 0.84941900701138 0.887103812834824 0.173730223010759 0.891117854822384
"cg24955743" 0.420145528164614 0.697603732987165 0.896247874676062 0.886632827429053 0.880072437895479 0.191708113295097 0.891676833828288
"cg24402372" 0.158237745689503 0.75983014063548 0.672934374859849 0.847772164060639 0.849134254823128 0.135704404833519 0.863429843948575
"cg21407196" 0.151607715390326 0.784845166914095 0.776594619042031 0.852935449743454 0.851781238884605 0.139968410646543 0.836004923310586
"cg04394724" 0.767424795219558 0.604954738363559 0.927512050964823 0.872673180652887 0.899184831625795 0.239582147335872 0.900167667813519
"cg07781401" 0.188183045088399 0.875386963494517 0.815638319904571 0.897719528299817 0.898239930596933 0.199703339552888 0.904780255055127
"cg03172657" 0.0536776878361538 0.74966508786056 0.920808337263341 0.914953420072376 0.609971101088381 0.0457164032304655 0.615739376862987
"cg26720010" 0.154159851962967 0.793816437311994 0.758183176074976 0.87123161549217 0.857940428655626 0.154470263938175 0.852977120880089
"cg12183501" 0.708646265541695 0.239476915376965 0.0859427969737851 0.306076876212315 0.0971999800996009 0.762707982417805 0.0931244529382566
"cg25140190" 0.828046211728625 0.267662719833156 0.0879174608425119 0.616640130697557 0.114555479076433 0.854289269915102 0.102023630229678
"cg21593001" 0.70181528733556 0.178621958512439 0.0475226854523772 0.217900493573397 0.0687183559478317 0.717862539718707 0.055330846923748
"cg21340621" 0.585270223307115 0.331808573297219 0.136873333250259 0.254003093719008 0.0723868738360601 0.748397588764666 0.0903633900194012
"cg09349128" 0.529640669701302 0.146802421930537 0.162694829902759 0.110103215376154 0.0717481276713043 0.691650233356022 0.183053546752857
"cg20048655" 0.641443437954894 0.614184785199495 0.351308950028926 0.111714885000515 0.105977729553728 0.805658417259001 0.0749519789728552
"cg25578781" 0.691351875911254 0.561347560242165 0.109500803816843 0.102855363610886 0.0742004634608018 0.785539066628722 0.0688959928008921
"cg23570245" 0.696619738997201 0.159706661627732 0.611928205661653 0.106181084564404 0.0793839113820436 0.720859627385344 0.0743439063010849
"cg01990910" 0.816901450697715 0.414241346195641 0.0767160170677158 0.416507203290448 0.106163656323523 0.850009084488946 0.108819073186917
"cg18522931" 0.785733876867463 0.67176161821323 0.243000606344142 0.101249897973689 0.0777102784543856 0.835107537445145 0.0756592938294953
"cg03664994" 0.74965220269355 0.575845166686034 0.089096306726793 0.151057628588415 0.0625690560403741 0.806768959438562 0.0623128758489955
"cg07799277" 0.633964562459318 0.489783981463919 0.0440623512141447 0.152158937903197 0.0818896188192004 0.773838597863357 0.0740649536906575
"cg13854219" 0.763674491676991 0.537644572872947 0.155897104646704 0.193644512277573 0.0522097007836308 0.813861065213192 0.0773232125991992
"cg00159523" 0.765814078841875 0.467502135695591 0.056433101526553 0.159183596260233 0.123740737702614 0.816008221484751 0.140829102724107
"cg03593014" 0.786738786226429 0.652499889400605 0.396524273601338 0.126902875852223 0.0835497527484022 0.846923016565521 0.0834161456315394
"cg16824282" 0.820915178292515 0.639025209224092 0.355999742897386 0.146016141894167 0.0992199279034388 0.851848893101001 0.0596206170701867
"cg16207263" 0.547563657305722 0.0932078062452187 0.0368493072511804 0.0811352744366509 0.064691060766861 0.65642610456853 0.0580659215402515
"cg01233897" 0.701649738871283 0.26385943160979 0.0570914412636693 0.0789586553799387 0.0779297861820361 0.727585404973582 0.0769923575677628
"ch.14.1488981R" 0.749072102053652 0.38390475288288 0.0400993555275699 0.0696471913284893 0.132447747269552 0.777753224228517 0.111441451754152
"cg09914404" 0.650953047130592 0.13567575583555 0.124760719655025 0.240470419398446 0.0867300702979273 0.729188512270887 0.0645227604457561
"cg27097542" 0.770976426705287 0.367608305111581 0.209234863037283 0.293676324600125 0.0769783304150937 0.818327096034472 0.0619706477794674
"cg20545410" 0.774576714114884 0.306311974320054 0.474110893609889 0.0904379482345759 0.0971606195366052 0.828766651753392 0.309575800445782
"cg24401262" 0.77609280226444 0.552004140553411 0.293541614081375 0.0788973515281836 0.0468178672407819 0.81737876189638 0.0412922920285346
"cg16563370" 0.663873832170191 0.116004836768094 0.0862075952657212 0.151914730787428 0.110545574274113 0.743707052695314 0.0842132097519671
"cg24902461" 0.667718136961539 0.441842350264288 0.232155037528026 0.112269570913846 0.0785495851458455 0.805439102197822 0.0680345564420631
"cg25711558" 0.633789308393573 0.194524323952494 0.064857224114215 0.0603288850884484 0.0487243033060353 0.723317271931977 0.0408851587620476
"cg17329534" 0.120442964208052 0.349360544899313 0.18533002481183 0.618228959183558 0.0718197041805464 0.788285492159682 0.067960641091538
"cg22193912" 0.661932682321136 0.141720510375347 0.0296309188801796 0.09514038038877 0.0303330138683105 0.748164078224743 0.0286306395197512
"cg05398700" 0.939463895579693 0.933801623592316 0.887162960969703 0.928398120572315 0.871322760407503 0.95159659725335 0.0728966300368745
"cg22381196" 0.902076927180657 0.900199363818049 0.800428702364295 0.906935600617931 0.649904501868319 0.927389590339501 0.0516570953145849
"cg13468144" 0.880463227391625 0.863859709420464 0.77470135892397 0.887814911373205 0.87647063572522 0.910068290275501 0.0867550416574775
"cg25600606" 0.893661863143347 0.894335526653199 0.751217770759814 0.896138929991344 0.828770021135268 0.900691209813094 0.0871587425883375
"cg23819411" 0.911314897930317 0.905836732678369 0.693826556437896 0.909381597019651 0.71943118376979 0.933091493815227 0.0790884634944829
"cg15878616" 0.959570480308085 0.95190603155348 0.865830732720979 0.955802130972626 0.528129392057082 0.96801400290046 0.0815769315511783
"cg25739938" 0.884672984177779 0.888588695710032 0.714673860431542 0.888199030623443 0.859321827011869 0.904586564167081 0.0977840383383951
"cg00705730" 0.868486624210821 0.862396604650623 0.606710332554431 0.877169165528617 0.824418590216841 0.883916005879982 0.0734331307568472
"cg16802439" 0.919430331206653 0.912968042456479 0.736477101229067 0.930209619573821 0.686916276394756 0.948555158574778 0.092410586564406
"cg04858164" 0.889478995326411 0.89908768627553 0.793409388773138 0.897459323855873 0.840503253065634 0.902312927655667 0.105620562366195
"cg06270401" 0.876359199878392 0.857560090967291 0.502300957451734 0.878488118431792 0.808032078495717 0.895711042244397 0.0710344787484355
"cg11313468" 0.867760863620873 0.84585902043184 0.777614460137637 0.875191378468551 0.734778473267495 0.885226940401692 0.0665165758856917
"cg12483340" 0.866561110962891 0.872280704870965 0.683653902136564 0.872348480594631 0.722822647600465 0.888525820494215 0.0674277903249313
"cg03340036" 0.875222695067492 0.87629199085807 0.775775267750248 0.890004386914512 0.756424571316646 0.899141853233203 0.0902098012107889
"cg21685770" 0.893713538845977 0.89020910966459 0.496414841599665 0.89102332676916 0.644478640768095 0.899424133871418 0.0651794806558941
"cg01692842" 0.875434859854522 0.846573877025578 0.620614150237076 0.877313432460844 0.80521370874437 0.89413044170519 0.0871558817384984
"cg19037107" 0.884207539709843 0.879463196531791 0.767474452062688 0.887423021412078 0.839263610441059 0.901518247888561 0.112592219134523
"cg00439981" 0.895222363235742 0.901984876443987 0.791936332538262 0.896093625520529 0.554491007440205 0.921834657962195 0.0671583915815784
"cg03637218" 0.886799890164144 0.88046880426974 0.539462168848743 0.883942569797802 0.860636432410509 0.881461498406627 0.107064973781301
"cg15658793" 0.892720178901661 0.860160388649608 0.62553228958054 0.905576445301581 0.68556021593228 0.905136420508246 0.0781987452162467
"cg25693317" 0.87796322628574 0.861822847552803 0.685278755137137 0.876707402216346 0.782429096456752 0.894603026289716 0.0923188240289883
"cg25605731" 0.942249894252264 0.943145545028066 0.857544222642099 0.950220013398555 0.450041448681072 0.959933196085869 0.0846578494710499
"cg05936004" 0.889641080061067 0.856181423533988 0.711212517389254 0.897413729787594 0.78424327059607 0.897893135848819 0.101195707163559
"cg08253808" 0.868495799874705 0.85122351792541 0.734833345909825 0.844788268455887 0.682419374498042 0.882957940656334 0.0634365276363579
"cg08154963" 0.856917600519594 0.849667978998857 0.623550203461863 0.860485981066014 0.777993020183531 0.87739036284593 0.0799843671571948
"cg04609694" 0.868410485820644 0.869350434275787 0.735230255213131 0.865125186459696 0.790130141550138 0.881690455394301 0.0958659973748759
"cg07790752" 0.880447054680083 0.854102871821013 0.491469076350266 0.89147893296993 0.713986563892126 0.88979650383171 0.0765116330495592
"cg01040749" 0.868924041943592 0.874677514502445 0.704186142804469 0.870759215499195 0.727822683219014 0.887384428047422 0.0866882521171401
"cg01699630" 0.869600589122722 0.860843547822473 0.71248416302388 0.871136473769648 0.846731526650199 0.88931251785648 0.10941188039513
"cg23338668" 0.861781044990131 0.865804741354337 0.663460183350685 0.872392398861487 0.831714749365028 0.887144824830985 0.106001240860517
"cg10611016" 0.891209666665515 0.894573541020818 0.691993270106892 0.890793454297604 0.630568700636642 0.918533293617975 0.0862917466860255
"cg19055828" 0.862487640578892 0.869357384590466 0.734928713738569 0.865505854482251 0.615183374828785 0.883599706098625 0.0709218592778127
"cg09342997" 0.858426768032857 0.873269081856038 0.779401720048 0.854219110318707 0.740022257949653 0.876601018257654 0.096832707366482
"cg13618969" 0.867941359801368 0.863900153254168 0.640112464989095 0.865056153269837 0.84277214907733 0.884269131976603 0.116630352320986
"cg27510066" 0.857220302892845 0.862848936690189 0.563758144385931 0.868952983817726 0.759211812031842 0.88906876474325 0.0956622606939742
"cg10487428" 0.86676001204611 0.848915677445694 0.615627331832929 0.870355270655773 0.736798545303578 0.888038121192893 0.0925821110675186
"cg13633625" 0.879926103818288 0.881113130733078 0.603596116552753 0.875203106274425 0.616654770744414 0.900325664554681 0.0805761192889771
"cg11596902" 0.866072352343067 0.857815658572236 0.637727105340752 0.880221209974668 0.647914956348954 0.893412254816874 0.0805091929587597
"cg25074794" 0.900445529384215 0.885016309865688 0.79615113492503 0.903690146822802 0.800605234698072 0.919332150042026 0.139531144478534
"cg24737761" 0.876911163134303 0.832088397199179 0.63041559295671 0.871307348542804 0.792470014448283 0.882418412234452 0.103972007924189
"cg07409471" 0.892285274634869 0.871128405733292 0.74050521849567 0.887205306349904 0.749680564102288 0.913930394925775 0.119241442533967
"cg06465076" 0.883076166946884 0.884843301615408 0.59632967464574 0.875968848924593 0.738071874935787 0.893444679523026 0.108964575966081
"cg09535475" 0.865206835114102 0.854136478897626 0.559736532620344 0.862619792021435 0.663623079247271 0.884499686745452 0.0797895601935278
"cg17852482" 0.855355940709605 0.829402564542407 0.66045957110003 0.852729023176454 0.799992878791199 0.875865655047987 0.101432684156306
"cg23169883" 0.954884299588688 0.930123774643043 0.684537442513797 0.947943944697681 0.314897189376441 0.9651502194801 0.0769290531133264
"cg11153071" 0.968922905993115 0.964061850080204 0.904216229720773 0.970435872600826 0.752576989911274 0.979823796361677 0.195063366261207
"cg19867914" 0.876331131662168 0.821075366036963 0.662693839089515 0.884058642874095 0.62188070391893 0.892004972855321 0.0794971619838003
"cg13595556" 0.883586748904902 0.773567866806819 0.630122935337492 0.882832885495993 0.621219828850372 0.898675821464331 0.0693141007486047
"cg05971678" 0.946379992672017 0.937879165331486 0.76810786064669 0.94245250055574 0.584368475611248 0.95587486932612 0.13720812531691
"cg13438337" 0.861827769411954 0.869683798979379 0.53473279950697 0.883944363872892 0.764086554887206 0.887386114932884 0.114932442838703
"cg23280720" 0.0791093750455943 0.356706901169703 0.620973733690548 0.285486841513906 0.592339912087869 0.0802442577808198 0.816828349706091
"cg03728799" 0.114351104003946 0.279732773107108 0.563959979526012 0.16675891776563 0.780737324308093 0.120652344319855 0.824550474443087
"cg03889044" 0.123706452648649 0.383609142299666 0.617199630760451 0.312417931822375 0.435807121340182 0.118796811866666 0.81416538430074
"cg01735277" 0.0829422010814937 0.12027027821974 0.72234719291549 0.30771955645594 0.695140596102619 0.0623244109216818 0.80090437431789
"cg25140783" 0.107169735239889 0.118313366707965 0.708820180733008 0.412936872007867 0.786916419147249 0.078797993775826 0.847611467742843
"cg26106166" 0.150605933289051 0.141999855066367 0.151486505969302 0.216130650107735 0.690075003044627 0.12294585261747 0.789192559566977
"cg14480046" 0.138182856933324 0.465901313617209 0.863775062312828 0.222907060300769 0.847029816533667 0.0947406195960516 0.921831370520757
"cg12810837" 0.0882379413344902 0.120527777696962 0.487939534510216 0.0861428456615097 0.684724048308271 0.0686585104486163 0.752520081322118
"cg02368508" 0.400504233342182 0.2159567481474 0.460094226857838 0.0730572988478155 0.298300907690622 0.426675079421464 0.79661627183692
"cg26360197" 0.0735246577995702 0.111151654802866 0.152961456634777 0.280741433271812 0.704976455824102 0.0580431248208683 0.787107586625906
"cg24310395" 0.0839507115146676 0.104044875186142 0.229332497647699 0.376120364470103 0.682925950578928 0.0773579580329622 0.809182295861226
"cg25133951" 0.253982672191723 0.0931990288060116 0.509055806002084 0.080295707405671 0.476050010349838 0.104834185051643 0.7495196799013
"cg17479280" 0.619599409650576 0.140038008850915 0.889032066871037 0.117933901043658 0.553190581916118 0.483569578001289 0.914838974801951
"cg00754552" 0.368842911462541 0.251336501716259 0.548451562465639 0.14094750183488 0.146707774308717 0.36987315019971 0.792434096922214
"cg07613391" 0.0875467249437066 0.13318399860225 0.437664046339315 0.248609291423164 0.678840319291945 0.0705141756113479 0.805284692901045
"cg02212836" 0.116438669202678 0.218073855599549 0.698346465255693 0.107512927239595 0.156420810007977 0.126593772380548 0.710755230955062
"cg00795812" 0.119343246698922 0.367648016380777 0.492717810859988 0.232402883338705 0.229367866414064 0.11156825792374 0.784222015174917
"cg17843665" 0.226884321026565 0.196110310153409 0.321547671791301 0.0897687043258546 0.0940327118315942 0.466209514803811 0.754276033998856
"cg27051683" 0.137349750538421 0.431119080480647 0.709440136854599 0.358799431380748 0.446989031050286 0.118763406684514 0.895235087533404
"cg03526142" 0.070306227093091 0.0851374222125545 0.234298230691954 0.355527275063728 0.721184845106462 0.0511406115306834 0.84990871166388
"cg11354682" 0.502293563150374 0.0980899579186013 0.748956755050516 0.0813847078125688 0.122067031147455 0.553566295041906 0.843615383418837
"cg07018090" 0.536355774412841 0.286436892044693 0.756356308031078 0.0675270100005623 0.163648619164706 0.477188530357933 0.892198664356521
"cg10699171" 0.0967652306136955 0.121859428812949 0.582337490269238 0.198518660945486 0.527984378044685 0.0897962747083585 0.832925373525419
"cg15535471" 0.119292029761641 0.0931651578436185 0.229836449274022 0.372216364940951 0.447191083884455 0.167401203605465 0.847704365985076
"cg09993145" 0.0547277667746663 0.0492133779877977 0.449439650798971 0.126232730025898 0.0735222497849962 0.0457409981097904 0.708472693214653
"cg23954655" 0.0936654166728869 0.149680137668915 0.638146626014181 0.095104505390007 0.147544822332007 0.0884052826195069 0.761625366293761
