"GR" "MO" "B" "CD4" "CD8" "NK" "nRBC"
"cg05398700" 0.0750389162669577 0.866360343336639 0.895511339809507 0.923887977743223 0.918117666265161 0.926591047083716 0.887162960969703
"cg22381196" 0.041485220309538 0.65634576754561 0.853081991337222 0.868586453232697 0.877202849295726 0.877064549823773 0.800674335567166
"cg15878616" 0.0729180787919192 0.545657773931724 0.923525986591453 0.927543194934697 0.943368342251755 0.94014319690101 0.869430016129553
"cg00660167" 0.126874624094986 0.793292903234155 0.915031659302702 0.924171975862163 0.927086159680855 0.933683999344826 0.834898482604535
"cg00705730" 0.0606632581817744 0.817589608279937 0.835833608629436 0.844698646859585 0.839703649986633 0.849981646137008 0.604689138976011
"cg04858164" 0.101309942717088 0.838453570227351 0.863500511076055 0.886022696012259 0.877187662719801 0.884295952778803 0.790945725646298
"cg06270401" 0.0566236721913102 0.808934019902574 0.826915873539801 0.848291516424022 0.850389245946911 0.844630078583033 0.502677864881135
"cg25739938" 0.0889947053700523 0.847183441910689 0.842867897445991 0.8616061140907 0.857117060850069 0.872667010725787 0.713849486749182
"cg00439981" 0.0527688156731472 0.567497164176397 0.853281288657759 0.867887254951358 0.882429224736532 0.881917360342443 0.790677386150974
"cg11313468" 0.0573574589195459 0.733501151129686 0.828412385475608 0.84350435792665 0.826337322647886 0.831697702404933 0.777471646020338
"cg25605731" 0.0707843494586823 0.465896075358612 0.902192685039513 0.910211144755044 0.921586275275284 0.92340597074076 0.857544222642099
"cg03340036" 0.0748056436975423 0.755757890786606 0.842465034632498 0.846873317766914 0.855126119533918 0.856769528949285 0.773911685314446
"cg19037107" 0.0980531271322357 0.833274179049527 0.84653312420853 0.866323726566775 0.863049069600181 0.863750458087211 0.766381292835329
"cg12483340" 0.0575127587833282 0.725656003281752 0.817901777269495 0.841440429245389 0.843591747389356 0.8555890467802 0.683733052134846
"cg01692842" 0.0688684522126185 0.795629511221832 0.83881864089517 0.842776350844002 0.844022885116779 0.8360003272512 0.617456547461065
"cg25600606" 0.104480983537037 0.827680674562212 0.852496731837401 0.875061543867833 0.86803222551072 0.879058291142395 0.751417817188562
"cg13468144" 0.0991544062933825 0.86621735329773 0.836508693408002 0.858330799843339 0.848804848123315 0.852608110874979 0.773815534795958
"cg07790752" 0.0565238116917404 0.714034864476099 0.838322216695736 0.855455417618236 0.850173760182389 0.837944713258435 0.488096791333189
"cg05936004" 0.0921060289456042 0.789865734638338 0.846544244825543 0.865033117039475 0.853928679990068 0.844223924099369 0.711284646599107
"cg21685770" 0.0589799138162587 0.642515197036545 0.836574048428343 0.865079932470576 0.869826669034522 0.874334149567837 0.492721267440709
"cg19055828" 0.0552144371096682 0.626414180497467 0.831426052624073 0.84771279584271 0.845376703497688 0.850149710755065 0.731035484967
"cg23819411" 0.0995725354319966 0.752334491948385 0.852633592182854 0.870765641855919 0.86746272442182 0.880386236653853 0.693826556437896
"cg16802439" 0.0955145316022584 0.694169546208885 0.850498892174955 0.871959173315706 0.883055512193188 0.888841385928402 0.736477101229067
"cg15658793" 0.0742166586248884 0.688682327905064 0.846409658077843 0.85771323797358 0.856529664504064 0.852102309818117 0.627757830801352
"cg08154963" 0.0673905923746555 0.769404750039342 0.806179215894892 0.824354899542742 0.832521761638759 0.830542954175741 0.62472183501921
"cg01040749" 0.0800599643579287 0.73993262874116 0.829500277281125 0.834900389675873 0.852341762877513 0.853399850801299 0.702204927656589
"cg13785123" 0.183570684469352 0.845217828128219 0.934145707782056 0.939967603120387 0.941599995846747 0.944175039048269 0.867159250610725
"cg08253808" 0.0497697973252263 0.670329190394286 0.785863498967125 0.817391345609797 0.836603873272603 0.823146680724939 0.73386623012095
"cg11596902" 0.0680633463659529 0.652567802629275 0.838120016058521 0.844911955935846 0.858129135383307 0.85337440386436 0.637341379121628
"cg07409471" 0.0906372248546023 0.727446467293925 0.834058938186043 0.852001197084279 0.853718283330744 0.843723239038723 0.739170754053327
"cg10611016" 0.0797903428072451 0.634092635898559 0.844882312822897 0.853750874890409 0.865125062069716 0.871174609590631 0.69085502677215
"cg09342997" 0.0904907805902662 0.730624569633094 0.825178440223294 0.842668549465194 0.834679281958888 0.855482725842122 0.775670001101167
"cg04609694" 0.101035891256928 0.780473693975356 0.82017254960275 0.845285930436236 0.848194448948278 0.853291365730411 0.733942689374697
"cg01699630" 0.11329996773268 0.842449771795569 0.819869903667374 0.851413471137696 0.846594670784271 0.847799536640955 0.712056033270854
"cg09535475" 0.061627263899634 0.656584956656299 0.815209005710218 0.825447876999008 0.83917323984562 0.838238821286441 0.554454823946289
"cg25693317" 0.104333771750354 0.767383849868335 0.832128146638865 0.844360448759338 0.842537292892985 0.845069233983228 0.683419162287141
"cg07734159" 0.0584505638026106 0.412912828891372 0.846591471669528 0.860673032990664 0.867185741180591 0.876135590751991 0.812595505849617
"cg06526020" 0.128830805947828 0.811489540852401 0.851014692568407 0.848846941869042 0.858010578432867 0.869503273420058 0.749433695036927
"cg17852482" 0.0805022742683609 0.78028384791259 0.790331570440403 0.814861772742417 0.808208398547158 0.808498598515534 0.661284553809025
"cg03766264" 0.134479140889998 0.842225748508709 0.834404057648306 0.851849859953571 0.853411726049598 0.868273586997809 0.792744995259783
"cg13595556" 0.052437112505234 0.616840709396112 0.82725689283716 0.849895088407379 0.804261499268672 0.759837819637911 0.631382305232287
"cg23169883" 0.074957351090574 0.315832448529299 0.90264321066273 0.914186655696415 0.925508902891612 0.919670225457061 0.684537442513797
"cg13652008" 0.13053248398977 0.810361695103268 0.837045104732178 0.855915069644676 0.859162478116073 0.862980418534816 0.788050815895054
"cg11597277" 0.0986338446210238 0.582554261010185 0.859850440662387 0.864772514880919 0.868368876856446 0.878271214212604 0.789602817757535
"cg21792134" 0.161528679825289 0.849705322271684 0.866113804121644 0.893513190372766 0.88905912924044 0.895779727617646 0.732790785515184
"cg19867914" 0.0715640807801984 0.624690652778702 0.832485343210466 0.842992803871457 0.830169847976446 0.808416663625147 0.661370719655227
"cg09859659" 0.113288926698345 0.834697581142648 0.832601732837266 0.849814916592449 0.82519421358515 0.798112256992328 0.700890149976348
"cg23338668" 0.120049084492733 0.825394656606299 0.829955634341472 0.838334256406744 0.842557815324929 0.851029625435735 0.661149263977406
"cg27510066" 0.0988770833105696 0.752304375930889 0.8252118720431 0.835960372136037 0.836868297689632 0.855267472161181 0.558734242069241
"cg09418321" 0.0750224184708772 0.770218852187642 0.809463601468509 0.832962625920903 0.810486588583277 0.786814618941463 0.410750868046442
"cg03961551" 0.812583036849658 0.8026945824224 0.344343944068699 0.187416457230689 0.144762463006946 0.166710093825502 0.443841930923602
"cg15188939" 0.878489752416903 0.86396323808894 0.207977269607398 0.350726346718234 0.230773005434716 0.297339482009222 0.623050928196284
"cg23280720" 0.820103755722901 0.599874128165312 0.31217424950494 0.13110119163741 0.227838698068752 0.375565307670722 0.622090804228647
"cg03728799" 0.827809556429475 0.783125144496026 0.209256887300945 0.191472269183616 0.206219787053893 0.30210049955013 0.563672735682674
"cg13461622" 0.841691055126298 0.700912914350927 0.624538827118521 0.165245277150551 0.100745739742955 0.120618777689249 0.683968228926893
"cg09221159" 0.702157694013934 0.430613182352988 0.23947745707079 0.122421434099452 0.115683725365037 0.138496531798508 0.443168585147403
"cg15625636" 0.793957252034995 0.471282666270691 0.612991353059041 0.143074754876252 0.0971537526902796 0.0917001606783085 0.80315971755258
"cg11485012" 0.738522548769278 0.106832076251173 0.720656403888549 0.159072694469643 0.131337951032635 0.0971342639825707 0.479115133064358
"cg08622666" 0.85359001004381 0.834714335834437 0.203110974851532 0.394036289444208 0.172614241676618 0.161492622051559 0.618256481582222
"cg21999229" 0.767125144656023 0.731931377168141 0.149583511047893 0.159669656359007 0.127961954270309 0.167205775039735 0.527733618865482
"cg14165142" 0.835968197185431 0.83129438237808 0.315032740793373 0.180572736032506 0.174579087170413 0.28789229816054 0.175525753897675
"cg01735277" 0.793379005505301 0.691752236433875 0.315107290801703 0.148729126666376 0.105729679865167 0.142556425806662 0.722934477383904
"cg16108580" 0.759297530070298 0.743697433069772 0.160747031390523 0.170147216783039 0.124622857138117 0.146911151936866 0.251173188648014
"cg17587997" 0.887727721232238 0.87772607433877 0.190139162651515 0.472461510546268 0.235443333791888 0.135120446913595 0.625998197071258
"cg07706695" 0.797032671979283 0.764621868583733 0.29666577535267 0.136649129613304 0.107863564746734 0.143660278492898 0.560904587868045
"cg16219283" 0.872711498663799 0.858386422437037 0.226143501028672 0.236874734305974 0.210244790783671 0.263973988986957 0.71906583873257
"cg21577598" 0.817591326378014 0.806289168549989 0.28299515039863 0.113859306292724 0.11424333919412 0.198808661426471 0.656224858713644
"cg13554018" 0.782063599788217 0.775793952554203 0.129928673463936 0.184372367103373 0.1238186996062 0.135798327738267 0.550418086920853
"cg15474337" 0.636277124669609 0.0720903376441956 0.0907715116433762 0.198196730560663 0.170330743463486 0.120957186985277 0.31918693844125
"cg00795812" 0.772393457835187 0.237815732762049 0.275425158544241 0.149430209098048 0.276866189622618 0.370112172447838 0.49477405000599
"cg25140783" 0.866763215054155 0.796023183314244 0.44130983812725 0.180222232993155 0.137606576638125 0.150712687575667 0.708820180733008
"cg17479280" 0.932373477685803 0.575573364297576 0.208695895048268 0.646064370694622 0.410516078868273 0.17095486899587 0.892606021100667
"cg21830221" 0.789748755212703 0.786207799270611 0.14214293812172 0.166525778678346 0.126985840899299 0.147277642379611 0.473551321682102
"cg12810837" 0.760718111985261 0.695132047523304 0.136046868515837 0.136067855383737 0.10513601709979 0.141917176815926 0.485258870279515
"cg24310395" 0.78494109042568 0.66368970789388 0.375144206029445 0.124971338379695 0.107150547050338 0.118537731631184 0.224490889205023
"cg19190593" 0.775786911204933 0.107259442940023 0.127345513091 0.190194887492215 0.404101249557525 0.437076478597432 0.600613875607867
"cg14441276" 0.798010120425156 0.792946093805966 0.141240847374996 0.162454888233232 0.125009654425648 0.160765262741601 0.452561539752126
"cg25133951" 0.742081779429531 0.472699782086288 0.115195268359886 0.256382941070184 0.105500304923809 0.104307597967131 0.506592430610549
"cg27051683" 0.910315113046035 0.463236622024611 0.406729645232744 0.203815361273956 0.348519165070076 0.450663170990255 0.712710121371577
"cg26360197" 0.782610455957034 0.699895736988947 0.27509121068365 0.12285317623317 0.0978997823060302 0.132405765561919 0.149433024605296
"cg07613391" 0.80276432564316 0.686777824622366 0.264892778911963 0.136826921752984 0.110614871820929 0.148449500855675 0.434215750025836
"cg02368508" 0.801000536993355 0.288723696948299 0.125172821034741 0.389881137586543 0.340637687306318 0.205749542160911 0.458861831140181
"cg02212836" 0.715103696605721 0.156796839969109 0.155121824563251 0.117684023894651 0.174369313183918 0.211348644373827 0.701173080043638
"cg17169196" 0.884111356592713 0.856063696226261 0.193799352238402 0.216556674568059 0.182125869168867 0.235962184511959 0.680152872553384
"cg17843665" 0.731370423361023 0.0882730673812133 0.129326409625631 0.225719702635193 0.367446980281854 0.17618747866139 0.315692678501812
"cg00754552" 0.778259859397085 0.137255016585636 0.158642802033181 0.331489601309396 0.294950703240261 0.236153347640868 0.545547679361061
"cg17161520" 0.822335842755779 0.739403312914421 0.138718383480579 0.15123918412349 0.121351439272023 0.194873428158219 0.580769595385658
"cg18148314" 0.857551923436439 0.837196153311542 0.30416618805511 0.155198740954324 0.100684995714518 0.129873163351943 0.505029013782777
"cg14597739" 0.875055499023643 0.84071079545704 0.173780269239378 0.178547015247447 0.148759195108814 0.184059049657816 0.619659440599701
"cg07018090" 0.886001441827463 0.188443744008872 0.129523890337839 0.525744214826167 0.413610311820802 0.308238864722211 0.756356308031078
"cg03526142" 0.840478175976822 0.732672356226521 0.358807351937924 0.13962656662397 0.0896492448844859 0.110268759869728 0.22900373388347
"cg11316887" 0.864905205127986 0.804132365309237 0.161010624437324 0.186507915521475 0.12277420254292 0.142337688780996 0.527246476960997
"cg10699171" 0.820375371080882 0.519609260370038 0.21985334261829 0.119366028341764 0.114954970623217 0.138870461490324 0.578261438838651
"cg15535471" 0.819491998711261 0.427035885029029 0.359419767529008 0.127201705940308 0.138343738696487 0.0965550421324136 0.224779374341387
"cg11354682" 0.84392115180102 0.116992827120273 0.104740360940325 0.462652168616789 0.357817121405764 0.0941637501092469 0.746163538992222
"cg21201401" 0.894515541914242 0.803333011976148 0.294797995576617 0.14694626566971 0.109003026543969 0.14310845320376 0.141178462578256
"cg23954655" 0.759030884952815 0.14720724192871 0.133544689883108 0.103861018541519 0.12914396405156 0.151198645875728 0.641267173270314
"cg00446123" 0.933490444523465 0.865384486158648 0.326853365072476 0.148208726634613 0.111021309347305 0.138593925237043 0.147083640846336
"cg09993145" 0.732449565617572 0.0722112761166659 0.142479678238361 0.0606226154635212 0.0587652175138049 0.0550784763138355 0.449439650798971
"cg20513976" 0.929703906735844 0.843955766884665 0.307781673052881 0.115417885428276 0.0786670258301095 0.107813683183898 0.124928968531529
"cg26872907" 0.935909288797517 0.102213909494437 0.883792941777405 0.824639453104498 0.90477640940185 0.83917791574498 0.846489775803196
"cg23244761" 0.959965828125625 0.160470937672326 0.920902259690066 0.886800884550716 0.93978934411278 0.885439599512165 0.906526202137943
"cg05923857" 0.858211523171163 0.106636710887545 0.873952979760841 0.781085649148608 0.910012756926745 0.875367039763067 0.870756768399582
"cg10480329" 0.854084215909556 0.123086664288753 0.876934996197016 0.840068542077242 0.888221762636951 0.864189755714639 0.904042187339302
"cg20559385" 0.833964850025678 0.0931865773636123 0.850110114360291 0.800182825125812 0.872158053183506 0.827445981181027 0.667422805940109
"cg12655112" 0.791083552390567 0.126051295851444 0.863294672488674 0.865525838873313 0.9158758060454 0.879580483147756 0.728356948738549
"cg24788483" 0.916136095031598 0.152503754588684 0.888936486274263 0.82239398993744 0.928562978159538 0.88173301952447 0.839479342520721
"cg20610950" 0.550269368617185 0.0930334239126991 0.860392875847024 0.82486898704371 0.875476447060602 0.851651525606459 0.87436602952041
"cg13430807" 0.834630496178963 0.10800556923614 0.823517074625306 0.791355224588211 0.860977723874129 0.804071119882808 0.759118935004786
"cg12422199" 0.862284128420587 0.0954707669557181 0.765327422801861 0.798139377483188 0.837184826191324 0.767663838913052 0.782135854468637
"cg09322573" 0.680286823265755 0.0917307546450588 0.833347032961096 0.819219673458005 0.858095300499096 0.823505797661957 0.620956665214127
"cg00288598" 0.717635443518506 0.15371095044534 0.907120801941623 0.80622813653055 0.914626028228174 0.887776741141415 0.93339048741564
"cg10649130" 0.688476470037829 0.112564086146604 0.821337762238761 0.818078752285952 0.870683072666877 0.850758496838379 0.765209655117988
"cg23146741" 0.763724957368327 0.101915004823419 0.824930466686175 0.796835698787549 0.839089021300947 0.787057669661647 0.731117230784272
"cg16636767" 0.87331857137832 0.154218656000108 0.850888763994 0.835792305249737 0.858705924163038 0.841136046208749 0.841486124315
"cg22259797" 0.472880991015406 0.100236215308157 0.872250817419248 0.804517370238604 0.891425016751051 0.855863059093543 0.891013720309529
"cg18066690" 0.894583212812263 0.178420718220758 0.89457442037842 0.849777392399221 0.889312729242778 0.865482682409185 0.784843697861749
"cg00733978" 0.746038255503605 0.107861362692586 0.849024641363977 0.801629012900166 0.846159078802679 0.802563325462591 0.589504890136567
"cg01476222" 0.843344600355971 0.134322594985616 0.78466627585587 0.825510775899976 0.867104582000057 0.803530358289626 0.858393247983889
"cg22675702" 0.816670194645341 0.119441955477696 0.818072996914715 0.778771695974713 0.835408998080823 0.797766517485442 0.844034990667124
"cg11186858" 0.46316396561156 0.136155389766414 0.898973623836995 0.879292524734765 0.919037158160827 0.869036335209791 0.929719602572962
"cg02861504" 0.467543349228329 0.0918019313344682 0.855970782565996 0.823169013315184 0.877972999157719 0.844381363992337 0.653025684047691
"cg24954967" 0.747310842013847 0.0953271305570062 0.747656325289536 0.800731992018355 0.858258039092289 0.803627087698494 0.57995651432043
"cg08908131" 0.819629677195818 0.114805058555026 0.834246845766252 0.790236325449965 0.838314228191162 0.780664070195517 0.582555232500905
"cg16736889" 0.860931426070729 0.121330963790227 0.765771329181669 0.783221775719618 0.845689962894804 0.80178859574016 0.742241687891708
"cg03339817" 0.963783662003776 0.231394530736559 0.918465046736823 0.899906066313099 0.94917797379136 0.920508114213659 0.680727407183113
"cg12207930" 0.594053835126168 0.0949328249828136 0.814040625873 0.795065125494875 0.852802861000828 0.820546226277116 0.736076975620037
"cg02244028" 0.79868992689411 0.135274990258436 0.842986782141868 0.807962907043153 0.860799468996985 0.824310562863576 0.661839240949746
"cg10558233" 0.796457115629772 0.110163436785226 0.827249722389265 0.743538991941217 0.823562794827228 0.788336037906012 0.676504518365361
"cg21459713" 0.877078273842731 0.18739532722303 0.868738939977622 0.845765025260576 0.885513042171129 0.850152821145857 0.862722756042928
"cg00101629" 0.79810031838815 0.15539956403344 0.85981513556997 0.829531723530252 0.873659803372426 0.839861955337918 0.675967538368005
"cg27366072" 0.700556110566804 0.12350551839635 0.811043779444597 0.811711310050686 0.861345348974778 0.81686140956528 0.722364099875093
"cg05669832" 0.85411270233891 0.159970135222345 0.796990519409287 0.80602927719675 0.880145168801739 0.854934841940422 0.799705634835485
"cg16429499" 0.845474127528942 0.0887664996932117 0.602492470115116 0.779813299551801 0.841954753841777 0.799716197059935 0.656127190921538
"cg09220326" 0.665078737110787 0.127025221466063 0.83826163089285 0.812336205420569 0.848483765119819 0.826510014834226 0.740892151981733
"cg24037651" 0.814993006978541 0.110207047848364 0.800675165086832 0.777951966649792 0.79898526313292 0.752748893009478 0.673752755193846
"cg10278149" 0.656653520359226 0.095365488925987 0.73998988478911 0.802959149602879 0.854595090828371 0.820072969937216 0.576167641690651
"cg01827012" 0.876327224138087 0.147047326774914 0.775414646438667 0.806733604031396 0.852823507909448 0.808186456654588 0.763499785667163
"cg10499974" 0.487487494872747 0.0938175984538252 0.81874146435959 0.805112864282475 0.868886899316214 0.827045153470948 0.593453097543531
"cg25517015" 0.651935238076376 0.131640291085439 0.842240012988189 0.805252208618053 0.849659637606321 0.836064154260204 0.72748189722765
"cg00091349" 0.407405338930305 0.0721587323694515 0.806082980728296 0.809794950537306 0.848053589893364 0.811465632499318 0.568486008238802
"cg26690127" 0.722633167161333 0.125800237879368 0.780108801097708 0.765512682212785 0.872403600509821 0.839843327505011 0.67774902818273
"cg04478930" 0.767375066474494 0.176867550638594 0.882251372451325 0.858156460590577 0.891739280250075 0.841621358960488 0.675154285324227
"cg23261319" 0.528596091259348 0.10076988331588 0.818131557036196 0.764078506024917 0.850670298746509 0.817856345990439 0.773319324858565
"cg06474225" 0.366233961388396 0.105348622708663 0.862176337155602 0.839759220702114 0.879734694844486 0.857402487627871 0.654805195980945
"cg23144445" 0.476093107533321 0.104104002147824 0.841651689342149 0.811008733389156 0.859584149768017 0.830313380885861 0.637349342471809
"cg04468741" 0.790636262863891 0.147654994056418 0.841389308132366 0.750389867443587 0.84564958444651 0.81564028818535 0.809203335786351
"cg02780988" 0.838380588150217 0.131797445558071 0.818473142419459 0.780053717850349 0.817640752999601 0.778447403984353 0.560621887737557
"cg20641531" 0.783724225336428 0.181961267355991 0.863190096647565 0.833267925476474 0.870471312539737 0.855809586391579 0.823545277988098
"cg03313271" 0.367120078015822 0.0958634070486336 0.826663518323894 0.814304021034033 0.859677480288955 0.830221436815523 0.800849482548856
"cg17078393" 0.848608333442822 0.840104413381037 0.227608552952246 0.244554043423795 0.237412243598506 0.349482795044938 0.668800804934683
"cg19903805" 0.750549463956545 0.729856867537777 0.13922229130728 0.192759713196372 0.168094580411696 0.127086589250199 0.457596410238321
"cg20611272" 0.863374732041337 0.86035711020364 0.506818686261122 0.230158222709826 0.191063958605862 0.205717917649737 0.639518105249563
"cg15519096" 0.852165468886842 0.850386624414713 0.56736935183487 0.153971290619474 0.175667831444798 0.294476911353989 0.274950205436691
"cg12045829" 0.778388417190274 0.768279158216379 0.243238410812285 0.149602373992123 0.152535546969657 0.207560472043262 0.582880496158667
"cg15997393" 0.974942843611582 0.950603240467872 0.550772338547097 0.161994545297834 0.329616917188472 0.388461591991492 0.90702795249584
"cg27183818" 0.883663830125333 0.870788894490754 0.137553633568487 0.590163489849149 0.265461413301237 0.137741384950692 0.743990696366118
"cg05052463" 0.818102970503573 0.809222564507996 0.156936438371413 0.25903158281935 0.19204363270162 0.273135668623401 0.752347730283135
"cg04858631" 0.71773961429005 0.726345495292409 0.25816273321469 0.114652705591784 0.110446745986351 0.172819266998665 0.284204268094846
"cg19510565" 0.780868912582134 0.769140838706192 0.303566587706401 0.161147180727857 0.122648549262888 0.146963765366584 0.584124505824436
"cg24957609" 0.53615835973922 0.771180747611176 0.412049655304489 0.217288468447184 0.125701030127969 0.141357214578021 0.714818255774114
"cg19529732" 0.858595930615358 0.853168517400109 0.611035177575129 0.196280530930249 0.105764657402549 0.120470280948734 0.636575185546206
"cg27027055" 0.84774307152131 0.853783704387092 0.453191816005558 0.204220672610696 0.154779329141248 0.228410815359893 0.682062439710693
"cg20055861" 0.847696848718091 0.835672283423539 0.159558889736287 0.222948694292297 0.244299069867343 0.36695043646869 0.579669582275113
"cg14057303" 0.795913201775787 0.805674227929138 0.468557579063464 0.184826668841103 0.144688103537507 0.177400803004031 0.17333267385053
"cg14364797" 0.231683505150242 0.731948034862773 0.599620862508887 0.133503027799595 0.0566584814564787 0.0821266952966064 0.822774141978155
"cg03289764" 0.855484314563266 0.865284598879217 0.415075151751439 0.352699847517475 0.235164371898575 0.218962195937799 0.165680964779901
"cg10639435" 0.497271000468208 0.794810391233886 0.556843923270831 0.193744991484529 0.140802030280375 0.1533902994045 0.560438269119358
"cg12476487" 0.901355567993749 0.879073555695927 0.60198186251017 0.207369050446346 0.113353929865036 0.150339367680085 0.667965646969596
"cg00517080" 0.836112163346262 0.861686293361602 0.130355019828013 0.467890728187244 0.241720597425157 0.176294663074862 0.716499792672259
"cg04722215" 0.805672225640096 0.854241522526906 0.416295911077057 0.213788842050341 0.161958642068779 0.184226620029164 0.674164632668273
"cg26217402" 0.858007856564521 0.890255977547508 0.277643223330959 0.261486762795433 0.274352262743564 0.363601603080669 0.387859647857213
"cg12609063" 0.647437344769126 0.788520492804172 0.420909495753273 0.139219805204025 0.0992312887523732 0.121975197904038 0.486741425214125
"cg06208288" 0.903818222867711 0.905087713722568 0.526911367693413 0.261318003811898 0.160072339512844 0.158468577872022 0.67323934436714
"cg03916225" 0.798016249156536 0.811592970803276 0.359275106489809 0.153119657975273 0.112697470370229 0.145285105975713 0.457895859249805
"cg21359303" 0.903787834725496 0.896069981296488 0.44035808643082 0.170705308638844 0.150693163117416 0.216503963940249 0.909313439278722
"cg01849093" 0.825334646119644 0.85011150051053 0.283620058476992 0.27489116866373 0.185985527632948 0.179296076215831 0.417450781355913
"cg08169020" 0.913849811599447 0.887996492335965 0.467300190815209 0.144829020019394 0.120830005213608 0.170433027359626 0.820700377381164
"cg19097880" 0.730536883926197 0.778596805953225 0.143352873751973 0.161504061681367 0.107469072202494 0.137503052723964 0.198430083257864
"cg03795574" 0.0691189555004039 0.727962099350039 0.0925299685860452 0.0920379261713604 0.172978081760901 0.345043111685072 0.672523203279606
"cg27106643" 0.954571696153575 0.94106948548556 0.188356894037838 0.9235864076339 0.919764635525538 0.922806030774461 0.813563113710368
"cg17768768" 0.966048315797157 0.962794697588762 0.275096656538531 0.96971860925638 0.952549861867106 0.954908986637018 0.865277227961497
"cg01598421" 0.964596722657715 0.96310226606526 0.27206547537827 0.961247080916896 0.945145768894936 0.944577062503482 0.744672856315511
"cg25131632" 0.943097512088044 0.955377756166341 0.270721882117294 0.950277001907168 0.944107239200382 0.941687412834402 0.741460301638663
"cg03131366" 0.903781916468927 0.884679985537567 0.221654907483754 0.898762022283972 0.891525887059993 0.88131124973048 0.776079186361309
"cg13738327" 0.973394030010437 0.968712745435573 0.295865851503151 0.964897711465667 0.957202633188893 0.943428963647705 0.842690007652488
"cg17995557" 0.872790499832324 0.87833212100837 0.195917034259008 0.869886711534632 0.847581502488246 0.801171874295826 0.82692249620596
"cg11661493" 0.873218320411949 0.86787752177014 0.222637295854871 0.878288031859884 0.872482756803477 0.871772550564691 0.859223575385205
"cg05205074" 0.894783667123015 0.897060055111849 0.236607796279165 0.906734903861367 0.882731679363642 0.867105528846085 0.711226608619013
"cg19276014" 0.973015753051136 0.97726113243746 0.326716880631135 0.978604129432945 0.96703519784959 0.966895889138224 0.897569368593696
"cg01024458" 0.930392750705534 0.918964637108908 0.252244328216029 0.891080115673012 0.893802245731002 0.871495329089464 0.776592130396601
"cg16411445" 0.98057616554793 0.976810741385991 0.323076709336929 0.98156235927707 0.966651675031367 0.958713865487846 0.797474494735096
"cg26318872" 0.892590004501117 0.886418169451307 0.249532555465647 0.898468649164251 0.887795687097419 0.896141538773829 0.799833525600044
"cg07435215" 0.818767401855895 0.875665402439581 0.223999531323464 0.889928980874962 0.885348126127341 0.859585459624831 0.739238921347937
"cg15532942" 0.877091182471804 0.877690209468462 0.217033226787791 0.876862354454319 0.853490801940221 0.837403931459438 0.642826240442878
"cg05484949" 0.966017571633559 0.959059415250473 0.321636992821568 0.965404018236204 0.958289084112784 0.955989395355785 0.873122937371578
"cg12604490" 0.849532483013672 0.848461542944435 0.204938415581744 0.866615688877842 0.85891907232829 0.822824460404017 0.626185141196859
"cg14066207" 0.947276164020548 0.945075709122565 0.273759746538631 0.876760245072013 0.891927732336699 0.911693300036704 0.738922788579012
"cg15235922" 0.827634634628065 0.853320215813909 0.227011936889233 0.888515872612393 0.872722678981221 0.872966825323916 0.654126566473811
"cg22826986" 0.847455339342323 0.876349287666657 0.186962123802544 0.812520356773205 0.812388759076033 0.797091334329419 0.506675426869237
"cg03860768" 0.859861287636209 0.873022772754736 0.212508908540759 0.845104225149535 0.835353464745842 0.839047568567986 0.592846826669052
"cg09469986" 0.890895457153287 0.878718960188836 0.231829293888532 0.885744266509438 0.864787754837049 0.840959713514277 0.515675602202383
"cg24667756" 0.825266745483239 0.854170644203634 0.183754066518465 0.811110556428781 0.804533134754117 0.763699446326846 0.657423372351516
"cg25683989" 0.871148706647362 0.884408601894655 0.241803292994942 0.88823486835252 0.862111484479659 0.860807118824616 0.619747578619294
"cg14936008" 0.898189763992599 0.888853576542302 0.264362882665945 0.902300833679959 0.88401832914655 0.890782614374002 0.703227577841533
"cg09201499" 0.951497998901319 0.949234347039739 0.33550925630062 0.961573605484941 0.95177867540756 0.949390682918537 0.92312921133975
"cg15348679" 0.931825421815092 0.909114528173585 0.317856862530578 0.956641270054361 0.965388131982156 0.956513571422771 0.727197906443455
"cg06687504" 0.919288693567835 0.909984607103106 0.285592963224127 0.919874163737407 0.89870404822073 0.902251751238064 0.711446334074412
"cg13283094" 0.884304316669102 0.892403840089813 0.264687414779909 0.903467151508146 0.888841005415833 0.876973811710551 0.671704081985636
"cg16085171" 0.889822159426846 0.879330810662373 0.251766573278259 0.844776326836164 0.87475293101876 0.88224532180284 0.696859578640521
"cg17679619" 0.838972171491769 0.863549377680717 0.239906235959012 0.871138516022645 0.866377156271125 0.859630954388369 0.684047733393646
"cg11972721" 0.87542270341837 0.863711535898696 0.250046038746838 0.875126047443202 0.853489208893843 0.842152590833213 0.806981157979443
"cg16586807" 0.907332221244229 0.904247319836954 0.293204424965122 0.912187592474477 0.902631627401976 0.908938020427554 0.808339571123949
"cg22381248" 0.870371876057117 0.840342922650547 0.234027537951706 0.876587281288307 0.847198436699444 0.849213894110516 0.591139970187755
"cg19931733" 0.836967635582531 0.827512230758397 0.243521684752692 0.866799876998591 0.860257266472225 0.8549315509255 0.842047423800404
"cg20602300" 0.896890841016638 0.899618536831144 0.287885008282021 0.896047296242664 0.891491976769639 0.893786995562984 0.85618160153116
"cg01868869" 0.900352666533662 0.900507319365773 0.27901277539996 0.893945856860231 0.886514661742388 0.893656234907522 0.693742116714981
"cg17532753" 0.815323871661033 0.940515180920778 0.303540132121638 0.91303115192537 0.929332595480171 0.959117784989845 0.781545479709151
"cg22212560" 0.860280322747683 0.665173936037329 0.226623249528323 0.881089908534082 0.888340086996739 0.869066822980582 0.818675363420133
"cg21997986" 0.848502139513225 0.838458724503057 0.24589917668885 0.895956277931924 0.871411072936865 0.848213677554904 0.630749603515867
"cg15035590" 0.888595697162624 0.894533771224778 0.281155272234186 0.893830586858644 0.893788875627586 0.885396088138097 0.75038287750116
"cg07558704" 0.943790492686388 0.940104344083145 0.337790150203936 0.949170416335286 0.943766630549978 0.937314995998101 0.891596886835913
"cg13356455" 0.882242773409192 0.901867553056173 0.261381436773495 0.900204151712725 0.864373314026669 0.815825591902634 0.659143037414867
"cg07145038" 0.876266008884142 0.886830244547624 0.2636342728363 0.883215990132305 0.881351038111178 0.871300972507057 0.567682685548335
"cg01093028" 0.873887258746991 0.864818540544328 0.276474676132904 0.89382119510227 0.892696537221356 0.888119679669657 0.752378440678293
"cg00113020" 0.877781813836439 0.873746865306327 0.279963132463417 0.893670160893503 0.89573720550132 0.884364679039437 0.773237269028842
"cg23948703" 0.853846129709302 0.863837995757171 0.243262227101652 0.862215116808636 0.853918491184079 0.824705900116847 0.65393626604333
"cg06895218" 0.864742124919989 0.859767426582018 0.237155154082092 0.859568417323889 0.851431480552894 0.8161588150859 0.56023258739922
"cg05524458" 0.739510168256435 0.858158514744031 0.23322613076774 0.868157514049035 0.864452201655714 0.85356295442372 0.656590872610878
"cg24777505" 0.868193518257388 0.875464228966369 0.269146011164467 0.873037983334834 0.87052535694513 0.858132138208485 0.810829020639372
"cg07249939" 0.188509791134843 0.214579377744796 0.636082462380235 0.23756268995344 0.163416643754213 0.0818528151503793 0.514285852519238
"cg07240557" 0.0573959090935252 0.0799178658709073 0.614649358308543 0.275071132013876 0.190136099775376 0.112959290966686 0.622885450472856
"cg03798942" 0.092848312857194 0.53708569792592 0.65107711702655 0.120236385245542 0.128856864044297 0.0981474261591836 0.315522720806647
"cg26427498" 0.0407815701776905 0.0497554317579155 0.722233474120361 0.290763273741415 0.404762430359948 0.505383278141156 0.568222945491377
"cg08698943" 0.342468026611219 0.0979816807919697 0.709411960012849 0.157625953398805 0.330548582057109 0.339747412779095 0.549200481057363
"cg27507284" 0.0558487685466515 0.0574559454600001 0.631729463703633 0.319168924934989 0.24074386193139 0.108446833237694 0.601411360148755
"cg05468843" 0.0737226316247015 0.0520650778548049 0.537120678409985 0.041221534365961 0.0616428041740712 0.0659829690356886 0.567932846617961
"cg00058449" 0.225585797226969 0.270866428322744 0.691080133370816 0.315068205575071 0.167076613067631 0.0874085464080899 0.655781899956328
"cg20541456" 0.0250072187904059 0.0539404880939775 0.61168603461257 0.0483749490703804 0.205063467468746 0.381506239161627 0.412868515279592
"cg08446038" 0.141149776504871 0.128924694113027 0.717807613158002 0.0930777844774756 0.367917892887742 0.53926555445794 0.443625221619521
"cg12033075" 0.595748252187466 0.598190670756362 0.812983333165843 0.0604013988827411 0.111724413942967 0.315683223786823 0.874838214042061
"cg22286382" 0.056151260541963 0.200804270244588 0.588399918423848 0.0734187478644629 0.0688620359531274 0.109434023208117 0.616463078136483
"cg10057264" 0.141333398971795 0.200872168849675 0.681522689840177 0.0815799928113532 0.338672673986617 0.365798722201785 0.17490397932758
"cg20025658" 0.110420151158401 0.237531221639872 0.582905889776047 0.0760918976830504 0.0630869403301468 0.0814497623508063 0.231261451313749
"cg20380468" 0.156734033315019 0.41785891572822 0.748387107423643 0.083912250383309 0.224870888097501 0.439988010429998 0.610587945005401
"cg17478979" 0.0398481346713441 0.0543686674541349 0.57413696865818 0.129106021119797 0.133214518020031 0.212774524393821 0.0418998530519911
"cg07635227" 0.0300956497717476 0.0311203024682481 0.64977171905248 0.110362638708981 0.249425305898856 0.404344481806585 0.534525984813479
"cg07093324" 0.0552942395423848 0.101070341089834 0.720892203857736 0.176533167453898 0.357156564397542 0.453496702717747 0.710176200401862
"cg26366091" 0.0546371353082272 0.0316145780853322 0.607344034663594 0.181026049021452 0.209600681398937 0.132995327043956 0.479737482237089
"cg19268695" 0.594793110255382 0.166026799558434 0.686131217059454 0.1010177391941 0.101133125530044 0.0972652605257336 0.604078598158607
"cg00619207" 0.500328016359816 0.133540982277787 0.664626371328192 0.100560940640128 0.104515458586858 0.103773025422108 0.541159752096438
"cg07725527" 0.0967088418434112 0.137785022103357 0.607252720029516 0.0938210878642823 0.0999751032213449 0.104985532462104 0.666925326915081
"cg25983531" 0.0763302152685749 0.0911101815734204 0.669880808953917 0.362759462814318 0.23156526713975 0.122498010498363 0.526922937557475
"cg01156249" 0.0477148397456658 0.0561824566853897 0.772341395522675 0.253517209104336 0.398564449392535 0.593582772394393 0.704025507234539
"cg02492279" 0.0328880822149689 0.0358142780333161 0.664190815249309 0.45350146186294 0.366134755943541 0.0575589370153252 0.0560169930906111
"cg02879423" 0.103870245345389 0.742640144029948 0.759892085151463 0.17857217293431 0.116816831368601 0.138154572703464 0.576885396838918
"cg03272225" 0.0607400037219387 0.0806380394886295 0.553258022542559 0.0448350383405427 0.0603639912271093 0.0670234029084135 0.297187915467401
"cg14317609" 0.0424622840169906 0.0462827464338336 0.528205666942343 0.0585607869733426 0.0537625953389966 0.0471973830018975 0.0420908297884071
"cg03889263" 0.0730147911879203 0.0657057509909497 0.710620990321253 0.0890288888059271 0.322143352837064 0.587451800124214 0.203835354002743
"cg21278103" 0.0884242859797069 0.121914143142552 0.771615973509694 0.402903986902301 0.406916680240442 0.431835137015654 0.0961070229131402
"cg09849688" 0.0511374068353321 0.0554436893773266 0.640714303613087 0.203502023219745 0.171331673850671 0.17777998358195 0.476630204170141
"cg22446709" 0.0252044951580409 0.0412332041093219 0.524189481650694 0.0373966397370712 0.0381657534732448 0.0366616206904851 0.0269224293932368
"cg01054402" 0.062090184802763 0.232231319009933 0.741954721837407 0.0965867654697093 0.309962082051506 0.512539885717523 0.383478579472873
"cg00902153" 0.0771634002484748 0.0485902877286224 0.761706168429874 0.134038187344031 0.380038583141111 0.66619966414766 0.449280287402203
"cg20236089" 0.190683532039628 0.0651317467684865 0.589466884888363 0.116506603925957 0.0876899417615669 0.053794642157208 0.0774906529652812
"cg08682625" 0.0557052839925077 0.0682229015371293 0.634895221312351 0.063591861185066 0.154938430008786 0.263833699469652 0.537798923815056
"cg15906007" 0.110674642888666 0.272189246152792 0.624765585749071 0.092523289481061 0.0915617881899298 0.0888725787369187 0.115083136508713
"cg21291385" 0.0876036985370843 0.386815123983804 0.700307849082716 0.10075422428248 0.110322896341366 0.158160651658199 0.680692211899374
"cg19269039" 0.408843480714368 0.147031038734767 0.692629083655238 0.074133754001952 0.0812193784429453 0.0890564401330216 0.663305465945589
"cg25518868" 0.040349502990637 0.0472421274292366 0.648004947374107 0.0957049183390775 0.134751047086394 0.171524160151991 0.739487477248594
"cg08864105" 0.0662697162343318 0.0606489751357025 0.63704140210609 0.130483226399038 0.137785134136355 0.107606848263837 0.489096773232652
"cg09300089" 0.0410280061078964 0.0520478968801031 0.667899607663159 0.307579097359058 0.14225652861694 0.0676791247947965 0.595840707860234
"cg08560387" 0.0323890624475217 0.0368568316246894 0.583934846484752 0.0739552666718262 0.0473530866890367 0.0456343685405873 0.322354362024699
"cg23792308" 0.0439869436408066 0.215742620849563 0.616889310735933 0.0732481161034592 0.0593581490594045 0.0836533036451606 0.0535045596986896
"cg23357708" 0.0521593635915786 0.0528626251495416 0.63925405379405 0.0831657970439573 0.147590286082638 0.148910919421418 0.401062126005182
"cg24641737" 0.0630981159046799 0.0519394631822115 0.639129148133137 0.0599319474078289 0.0646459794129161 0.0631594477166265 0.548780255087504
"cg25336765" 0.0532726499824332 0.0586261123693507 0.7178158657209 0.208178969877666 0.174542969470649 0.0889365605642283 0.534786053526429
"cg02606840" 0.0413357125638546 0.0950473807890225 0.684045433950102 0.0424662618024303 0.0423684942194121 0.0532324500347481 0.539586911736108
"cg03429643" 0.0358868723922393 0.0452133529384511 0.695662561016576 0.0452853254848541 0.0514146346559513 0.0540405125553451 0.373185492606739
"cg26852712" 0.945253574064253 0.933131086563161 0.916343163179656 0.186114925742566 0.660388309241407 0.901998242908521 0.932755209393983
"cg16452866" 0.969693983310289 0.957870114787136 0.948711263065305 0.208637671842043 0.531817880498353 0.952776445447472 0.905696463323278
"cg03388043" 0.970788867155877 0.963288482409022 0.933994735747309 0.151877412193872 0.365429894087472 0.7996303538266 0.894603471732095
"cg01874152" 0.891992743739556 0.913581478574503 0.865352767276802 0.174840269837696 0.681976318050346 0.863026978254743 0.605087512332338
"cg00366435" 0.918510356733057 0.923905946664204 0.904688115224551 0.172601083744949 0.514291915995983 0.880193275598983 0.744991755609581
"cg07015803" 0.949275758598232 0.947057521382187 0.938906314068707 0.211988692573163 0.520514328981629 0.943823411604062 0.835216364013149
"cg04347414" 0.927225488929618 0.928412482518096 0.893989094368615 0.142890447933765 0.337212916272763 0.882029294112468 0.691672946796804
"cg07679948" 0.970380820597701 0.970825725966604 0.955771207501344 0.260793713140244 0.635246433748413 0.957162958111443 0.954894993454788
"cg11848483" 0.911881712974515 0.908586486771456 0.880671591716827 0.179163666480325 0.474533559495179 0.902048423619569 0.753069617095286
"cg08338281" 0.905895494364864 0.90182143144511 0.866437738039185 0.16823001285446 0.43312462262654 0.840010267403831 0.885977103350825
"cg06915826" 0.861878589664866 0.86824743859067 0.856444493795828 0.156975585305761 0.496713983653118 0.836287946122977 0.759484854535087
"cg05931551" 0.886664135246934 0.88663109554632 0.878268890309574 0.24707683579056 0.806914970578016 0.873139238615664 0.808503264911235
"cg23896695" 0.845639853404071 0.873013335560041 0.871353407341059 0.153639927185317 0.438485575681983 0.834623635282999 0.624037442140298
"cg23357533" 0.876349541991664 0.884983964087442 0.889157331864179 0.221514220058999 0.620847557782583 0.87378210325767 0.87089043774675
"cg24008435" 0.888318721277059 0.887984675548431 0.88830304805663 0.232225240703219 0.647608550771707 0.876099966110136 0.83188444636664
"cg13750061" 0.876696939546115 0.881757351897704 0.861179927145592 0.176883431859632 0.45709928791149 0.857263599168909 0.658388758217623
"cg10837404" 0.910664201337227 0.912034238405385 0.905124403466395 0.277546172086006 0.77023269670117 0.896534057848848 0.890285276373624
"cg18735089" 0.915168118404283 0.90850595293406 0.902767502255856 0.209017058323808 0.500036835643569 0.851123574680701 0.727422189063979
"cg07970799" 0.950231506449408 0.941651328406396 0.912221861758085 0.231023075918224 0.620073001271682 0.738690345134693 0.837063189371694
"cg01490728" 0.847392158645799 0.860857064289793 0.838446808226754 0.167878970426133 0.516812331072938 0.845011987882162 0.518702432117634
"cg03172657" 0.661423680707968 0.651429417208714 0.914906905286349 0.0765194680948316 0.27986498074832 0.779619089322166 0.923892836257743
"cg09695307" 0.875813492150884 0.897851161447255 0.82351107281056 0.16994058998543 0.479011354749563 0.814592330468757 0.589520725278971
"cg24662823" 0.89858602666387 0.910110576262922 0.873165648055103 0.176544893551026 0.475798517112119 0.729737080484367 0.713376549650278
"cg10414350" 0.86080879327536 0.878100376478657 0.873251299386577 0.197982788282511 0.599076835774418 0.764515904586056 0.749086002401985
"cg07713946" 0.895168751339808 0.897379679480747 0.883456388266044 0.184182779815131 0.434371184273576 0.789470939833149 0.749848812481047
"cg11157440" 0.882927406578998 0.889335581993568 0.90063212724954 0.238973549263395 0.807820472151913 0.860886941720214 0.176136843118203
"cg10111816" 0.817766958464788 0.848652218423537 0.852708029492546 0.165125226826973 0.453354827428527 0.804883951079782 0.756736900594633
"cg05705140" 0.885646632589165 0.898910232183671 0.776159793739169 0.17736719581408 0.501173094566224 0.81316496994618 0.677159460964218
"cg12353788" 0.878327340257803 0.880961994127112 0.872707938375991 0.21086509284165 0.551943669088949 0.873720273799713 0.625551887105226
"cg11710595" 0.891018141085255 0.883842762687595 0.890320244031808 0.252627771333068 0.742761920827602 0.867345452570131 0.624385756468524
"cg26166854" 0.87946459897308 0.847207308286975 0.832615131706545 0.138883148485982 0.518453250884814 0.573214686465587 0.722709546421757
"cg00620024" 0.907395327380849 0.90791052078495 0.890349308436146 0.271841893811162 0.722484373004749 0.873925462901271 0.879910441938519
"cg10558740" 0.881874132275938 0.882758663073805 0.87676168772303 0.203399146660259 0.494857559364847 0.847683056019446 0.717725305466857
"cg15114607" 0.872560541735926 0.872527869795236 0.864907748442674 0.189930708915745 0.554080225402822 0.759591404884609 0.653190780786191
"cg25599673" 0.852152172208322 0.85789085023605 0.855430366541168 0.200952205954344 0.546467756192189 0.857856868976274 0.681045403173913
"cg25486399" 0.840191809423316 0.870679754445629 0.85766393905185 0.192582540332622 0.615428616027561 0.843217571981455 0.308001222344803
"cg16230121" 0.867367093484621 0.85935826567414 0.848856135641584 0.165349026188817 0.417943414456444 0.785190330137502 0.68386317453897
"cg19694519" 0.896349631074914 0.882692648253652 0.868964215435914 0.209283534404876 0.504768789504213 0.823147226784728 0.774477653488226
"cg26347170" 0.942653338724721 0.944312387952758 0.917273513042405 0.232631458735053 0.469678355985906 0.774852525958787 0.936208899466656
"cg22230912" 0.822677211809106 0.878503604141298 0.898080329893711 0.195824082160548 0.491547158302005 0.872260290976293 0.508839259108888
"cg15227911" 0.841052204755629 0.804131678095129 0.73706054693814 0.071396188351992 0.238836815339864 0.748643458553871 0.316457975713324
"cg16775598" 0.882400951783843 0.874973899488107 0.875097271332526 0.213703095094038 0.523540756285819 0.85219586879099 0.662761337453447
"cg04957307" 0.880204922762339 0.879375651149769 0.877353566132348 0.230359468594769 0.575337711923923 0.873836286682499 0.694225585484673
"cg02387618" 0.909229423677975 0.901758629158053 0.878661741016583 0.199076350459676 0.435511482250343 0.795091828539859 0.701403757869739
"cg13484324" 0.848180801386336 0.889632454210543 0.877758122587628 0.215689736884285 0.56072702032534 0.889542146178069 0.431075999299426
"cg07781401" 0.897588433275409 0.903573944505453 0.896096162523128 0.242511663604303 0.52930403401315 0.87475221319021 0.815015861686377
"cg02072492" 0.903332039500561 0.917612511278261 0.903725051591299 0.292908927459073 0.772363537335786 0.896969095044897 0.717877130391822
"cg10240150" 0.862772926726434 0.871513537391675 0.872008621622677 0.196141883495007 0.494379390431291 0.809572788983467 0.616730964468925
"cg20661080" 0.87331871232336 0.85559402522102 0.853733473824085 0.15536139250672 0.385570313656943 0.721900696348246 0.641651355375024
"cg00122659" 0.826741809959419 0.863073007509649 0.841177938283399 0.160946097262107 0.429500075214749 0.746416905654957 0.642739493037239
"cg01543184" 0.0763324768775714 0.0851059840465706 0.208636861770382 0.691394854610924 0.581298389829291 0.267174222364014 0.0753803881424857
"cg21350697" 0.145972635929748 0.151211205715911 0.247372168346361 0.736607132883923 0.613536403779919 0.289135074721995 0.106304453390322
"cg13374432" 0.0773825822246869 0.0483294304959911 0.700422460531314 0.739869522890803 0.467062268867316 0.0808091160095161 0.296280507669915
"cg24011073" 0.137550585453478 0.34546304811023 0.734798992071066 0.851229616718444 0.490896675607529 0.1476065135181 0.602654908984125
"cg20281375" 0.0495752273741525 0.0603079651273307 0.128848252499771 0.670472021488827 0.530828768905844 0.322981683998929 0.106520218997476
"cg26402417" 0.0630553955246816 0.0570421186980835 0.109680521417646 0.735010750955985 0.686758186066603 0.518827990695171 0.0851424119097856
"cg25031824" 0.058611946027664 0.0697249094879859 0.122885034829229 0.694038823602974 0.575757235849608 0.394188342697127 0.0661018838964026
"cg19548859" 0.357188366596888 0.0680823175392692 0.155225000207746 0.768142695439578 0.596057158500503 0.345724587935168 0.519995793556486
"cg04642300" 0.0417923400948918 0.0410312933269751 0.0691644950320862 0.574947316747732 0.39230617621297 0.0493591740695237 0.0594780659108163
"cg25025181" 0.04501194676324 0.0336031767147362 0.187477417073564 0.660392500717483 0.52959820379517 0.225364367378837 0.10156319110719
"cg26564117" 0.118778010578914 0.0982063046344417 0.501786817398279 0.728992733705555 0.431522918468992 0.078066647530281 0.552509666067168
"cg10099758" 0.155115550657773 0.0705622084679159 0.0955261860521599 0.602996750426358 0.348071948627362 0.0565586973078181 0.085176455598249
"cg19369955" 0.0649091131884034 0.061526500206678 0.109057622034268 0.668331959392263 0.49387012533218 0.225019466863384 0.437961294639628
"cg05228359" 0.0322882093866314 0.0356317849555803 0.0704805276738844 0.654655247172507 0.51992536031441 0.313380708063987 0.0778750202766792
"cg12799049" 0.0587185786981271 0.0566690795795608 0.686283692956607 0.786112178348002 0.543262453222717 0.114628817359639 0.648438708240378
"cg09662852" 0.0478440290481045 0.0561234142749578 0.100208937241637 0.594608030675097 0.38605965290634 0.0666512985901056 0.0540004142773626
"cg23582982" 0.0471283926186293 0.0694850118948497 0.248472803721134 0.729669535558389 0.57333509420739 0.337585739144714 0.299095942098974
"cg07598385" 0.0275361130393994 0.0363687062606695 0.127093068356701 0.58732922766838 0.362019906010503 0.0531158101535135 0.0373204836389591
"cg11666770" 0.261457419326435 0.277923538703071 0.301743021313367 0.814903553275107 0.626829714144226 0.299447526216878 0.187306265580425
"cg16261114" 0.0528375099366986 0.072918797443232 0.21054718036167 0.756827102538166 0.644056031192778 0.46713844569908 0.184051765395265
"cg26923863" 0.0306193351735023 0.034026444400029 0.426967046563744 0.682889092332199 0.349872908083068 0.0608998021891967 0.640494301519156
"cg18739675" 0.0652356642109544 0.0488857666954059 0.622213752591119 0.750675610879368 0.484702318469573 0.0671786492530539 0.505125237310434
"cg12465678" 0.0725806546071978 0.0670445548890413 0.609452282867074 0.766300295942544 0.514219895620739 0.0918233129311369 0.559729567416606
"cg27058988" 0.0265850620778899 0.0301987043269682 0.0518477432952507 0.603652453991894 0.355395880766637 0.207200988114311 0.0580051572418168
"cg24457026" 0.0515606157053528 0.0615602224535998 0.153228883678555 0.703748051235916 0.51936175541208 0.227779162835655 0.65394391338514
"cg07837085" 0.0678743742116501 0.0782737225978632 0.455614685896951 0.737383709501236 0.516437284023217 0.119948664571893 0.405553548302852
"cg21360910" 0.14043420435244 0.145923082242971 0.0934640708384126 0.67519651124287 0.428113553963568 0.198869160090499 0.143773741784171
"cg21495704" 0.085053227068025 0.0720254205318396 0.562495399309105 0.755725934257896 0.485583279610392 0.0956129175948532 0.450184502348066
"cg07220903" 0.133287541697118 0.0943520312029428 0.571929085444553 0.760311338509006 0.477337159905073 0.0803260556223945 0.316250496968557
"cg27027151" 0.159518762341703 0.162254022353346 0.0805684618756747 0.650591354252594 0.30030967297117 0.141774592173187 0.184829734628226
"cg06650256" 0.0810315158529761 0.0609237824809628 0.518383983140153 0.810914581946653 0.609754487027399 0.285028763286449 0.497159257665579
"cg21203569" 0.114975240956847 0.0966915974636497 0.591712263331139 0.767393734696045 0.498630864720255 0.109343302989551 0.142861461202867
"cg02380585" 0.0214115447570874 0.0258961352778987 0.0300130391058435 0.570261159980453 0.328145016944282 0.0281347418663021 0.025321225461105
"cg08284263" 0.0527246232720798 0.0528190327631577 0.0990876951510373 0.643940395811342 0.348386832852154 0.114940576395505 0.529799393110862
"cg16922167" 0.0676737801168296 0.0805637916454524 0.219734404943631 0.71529154677684 0.51849460288609 0.216292944545008 0.10441444510518
"cg25394505" 0.118909310744882 0.0912517429078265 0.161663094855051 0.671379924825167 0.393911335953918 0.0742504497074014 0.225348474598913
"cg13448978" 0.0278530339183759 0.0304265820263613 0.117625803547559 0.653261450508428 0.450405105819303 0.166634348985287 0.0338154756545709
"cg14181576" 0.033425513062307 0.0344825206362248 0.0567804587269322 0.610210474895168 0.349953141321333 0.0822766157104822 0.0349804862191479
"cg19628988" 0.0529733397009525 0.0395580197412581 0.207368332363986 0.636946645607473 0.304481391809734 0.0474029037346289 0.0751087700897072
"cg24049629" 0.04986740698792 0.0578782053283304 0.135688608874666 0.630894846295629 0.324394141167589 0.0517200935220674 0.0717599553149527
"cg09885622" 0.247308836972673 0.122037203492985 0.338890188326228 0.790162259879132 0.533882224544197 0.0979739366896965 0.473553909997633
"cg11787160" 0.106865828357494 0.115109265039687 0.160106112591084 0.727198818431872 0.502458457958021 0.221951031830078 0.0963839035594066
"cg25729350" 0.0607452675037496 0.0574148993930244 0.0695864678077132 0.655076017197635 0.396429953760988 0.128562566087967 0.0906323816060334
"cg13468685" 0.062050477952758 0.0724376245128706 0.282005769632574 0.736339653583388 0.498895708677007 0.0969273849082535 0.397277921251627
"cg07785552" 0.0556026666059474 0.062839926851812 0.0875222553157665 0.6817309192282 0.430865760351973 0.109591627178508 0.330205144494828
"cg09037630" 0.050264347213062 0.0408294480325399 0.0550193460894798 0.653480114922752 0.421694144924425 0.0556507548017723 0.215592395841215
"cg25978218" 0.041238592931479 0.0524202941638629 0.176983452067624 0.6757427484574 0.410908642032332 0.0475729151045496 0.218861840284652
"cg16097858" 0.0560092766887451 0.0674181809045663 0.0792364305617865 0.69905928559328 0.50165032203366 0.157885613138098 0.127683968283746
"cg04742550" 0.0247014051829622 0.0308154598311488 0.450566631081929 0.694069123812889 0.244458658380213 0.0432540779250748 0.126385822581938
"cg20455854" 0.0503177740207004 0.0469463939271027 0.146648858677526 0.69537154118213 0.497679473520031 0.088777053406864 0.0453851320287046
"cg08289375" 0.862485544312454 0.870558722815807 0.799081494110837 0.656219829879905 0.171723903175801 0.173278009594695 0.844900510557294
"cg25939861" 0.849915636623646 0.838835911004146 0.812162438788739 0.680390970486036 0.243879008224388 0.620623401673124 0.583392126369355
"cg01801643" 0.803787895071508 0.81395797182218 0.803955620244177 0.572018081047507 0.139032524042756 0.145910351270946 0.753305576157715
"cg08691577" 0.880449812162328 0.89126700623321 0.822430974824825 0.880182453170537 0.244514933871047 0.18789216236531 0.797793968888971
"cg23752651" 0.879792479554132 0.90572296645811 0.859333045403699 0.63832128332089 0.24971711707844 0.321150338990515 0.892877518038836
"cg08418872" 0.918131094987041 0.928278632320468 0.841425462047058 0.581934072349898 0.246069432300207 0.306610465823625 0.875183157188391
"cg20042612" 0.962266882019548 0.957883885504566 0.882769161281319 0.743350355312583 0.303172487622428 0.271152310402595 0.956409299244378
"cg22512531" 0.882147630260131 0.885233858290086 0.818196211632374 0.323934365828435 0.180182297170411 0.327365287336103 0.769857406031237
"cg14506192" 0.888080138017937 0.875674117779358 0.768759512616745 0.533933293373781 0.194525796968293 0.213371600208185 0.808534731203966
"cg12748000" 0.919353748658451 0.914739640491232 0.873552936189948 0.677185653513482 0.295334737185867 0.358279562903116 0.734472075540224
"cg00219921" 0.879199557331689 0.885350869886572 0.887673523986638 0.804284188708707 0.402068345939342 0.834766440178665 0.765432414003487
"cg20997320" 0.838001121558447 0.84374015121722 0.755943147901212 0.536366231910412 0.203619070022382 0.261740993481506 0.818395777946875
"cg27183791" 0.852678282073471 0.829383653633479 0.747556159929579 0.651079935107192 0.19035436293648 0.115139698246137 0.689500413623112
"cg01946401" 0.831134963777368 0.810947550805243 0.758415614816149 0.532566925675889 0.177277322069329 0.176094746415331 0.754293970487341
"cg03062881" 0.73244404311332 0.801590080654923 0.784627459558046 0.482397575164432 0.172156668822902 0.211245584478174 0.853346655809458
"cg00619505" 0.867408474206877 0.85586374528598 0.744382592274866 0.565320123128956 0.213289989439484 0.197821180189886 0.830186552579375
"cg09043214" 0.703261282075865 0.774440764454619 0.794526787967856 0.47659340971928 0.155343588656602 0.180000362651305 0.685042163155203
"cg07586956" 0.900895342741146 0.880305269570882 0.799042852921249 0.71249909034477 0.262107288758515 0.151357192570725 0.886668630586923
"cg10977115" 0.898137574789899 0.894453206046046 0.846890117891245 0.365791982837104 0.239727303382382 0.378082061339579 0.711422596099133
"cg01557221" 0.860359249869381 0.85249837598358 0.807787944569956 0.586461884490023 0.245970512868004 0.259003373533001 0.793742578271786
"cg05595469" 0.866416585774657 0.849396172677304 0.766892416650343 0.584060290793255 0.256486173328095 0.348435056062293 0.800219214992308
"cg15014975" 0.796359419734107 0.909548390557901 0.870755542144042 0.76005097392172 0.321045079250277 0.405650880363676 0.728029661206861
"cg12194055" 0.833990215623142 0.848489113885923 0.812083218725956 0.74174067872109 0.283659883150292 0.366772055002892 0.501407034302464
"cg14255337" 0.873551253804177 0.852828354543299 0.612706063217961 0.745029315670854 0.2643548252599 0.380019301965074 0.66618447382963
"cg05356800" 0.890956523566253 0.894594851250751 0.835596173544279 0.791039221230717 0.341976983415324 0.380257701851972 0.85586391615305
"cg08542715" 0.840374472559712 0.836453545110723 0.744372346153665 0.458218604704167 0.192323125595534 0.183123676460688 0.657553915322503
"cg24165121" 0.730941208715239 0.731195421449424 0.76175163043695 0.491216553798805 0.16051316721227 0.179354275356694 0.604966604842162
"cg04394724" 0.904331185717527 0.902975245936081 0.865728800966733 0.784326165876997 0.400459796117008 0.614567799260135 0.927037022084839
"cg22217449" 0.888226019800202 0.865187653934119 0.705885468793031 0.50704394736394 0.244051199270794 0.296403880882749 0.863645005570486
"cg05627765" 0.865873285731905 0.849222174555129 0.81332877693967 0.395857783397315 0.228491236321792 0.282177006403395 0.745216108574974
"cg02061660" 0.846215988342928 0.848044762381947 0.744971770727559 0.502546718360431 0.251547377684418 0.359900246080386 0.809803426709502
"cg15345437" 0.854246574336191 0.862349825038234 0.809889299096497 0.593032160626559 0.256455245605694 0.231887036831106 0.668593572574024
"cg11583544" 0.863549809354306 0.857012182814512 0.795730576340934 0.714837335296193 0.278007698915627 0.25795809922082 0.557360288356109
"cg08494738" 0.856488900885374 0.830838383340855 0.596097006996349 0.489581276528242 0.159975695594105 0.172537990932875 0.353309489784438
"cg23893629" 0.722142428949136 0.773336245804164 0.696234660882627 0.331924558518041 0.138917783880241 0.217570317657715 0.594938835710613
"cg21638625" 0.775188687149442 0.781681178901022 0.764558107064006 0.575958931414979 0.200415778737311 0.14700841046624 0.629330741504674
"cg15208672" 0.834432433741237 0.84178424691902 0.801260436633987 0.604169114386554 0.273989976337662 0.267735811522583 0.757107947536859
"cg06797389" 0.890569254303041 0.880728875708662 0.814890836050805 0.540137595202457 0.27357741357073 0.229550181289764 0.737380993996928
"cg24955743" 0.914304803445304 0.912433458973694 0.90118352425179 0.520475668836807 0.404182041575426 0.75128310395534 0.896247874676062
"cg06419846" 0.953513466731959 0.959265897325799 0.951192809471567 0.891622868151522 0.543753577778356 0.948752445856815 0.848601186870781
"cg09179723" 0.773684624380827 0.684994108146578 0.683717886337244 0.3902560920949 0.145585436861025 0.123871845880858 0.718444074867103
"cg23096806" 0.546423775466787 0.644980057527 0.768781242150927 0.610156874060186 0.169819290681799 0.174303344488669 0.654553597784917
"cg05356511" 0.795883280301975 0.867006097707618 0.836411178870755 0.410451099503525 0.260194539415509 0.291294790885008 0.83567791235553
"cg00192773" 0.741342263937132 0.795008283888474 0.6846305386867 0.534479192572599 0.216523447751484 0.230710927698892 0.74641541145943
"cg12673499" 0.679030749141711 0.580943101499176 0.727243169189372 0.442826655573037 0.15353231613816 0.245122648650111 0.673863252788409
"cg14160422" 0.84281855820401 0.834428587225668 0.750817952745593 0.399518187613806 0.236121802900752 0.28003590510343 0.730805042903416
"cg24194201" 0.829939103551107 0.838613811373436 0.818771454568955 0.647425466274243 0.345454014039538 0.534893077255604 0.693742193163189
"cg19792099" 0.870544629081997 0.875125331282984 0.778126866669401 0.408325498200906 0.28546000383335 0.412701135577601 0.704212220593847
"cg23698124" 0.952662437443158 0.949543856144827 0.927085851482512 0.540536924416304 0.411600519593532 0.584001413351743 0.855866093262178
"cg15333769" 0.855055137912083 0.842069570614424 0.786956710700538 0.804328983540932 0.370943367826408 0.431604289019401 0.82874189999358
"cg23513930" 0.0253558685038574 0.0310067317046351 0.0656927189547391 0.457179713267307 0.457573037218214 0.27216687615847 0.0334761059934244
"cg26023748" 0.0441292712895184 0.0455290613562358 0.0745188268098854 0.491468410798985 0.474738139153441 0.272264542214592 0.0800493724571481
"cg12042714" 0.0473526543863037 0.0558010235241443 0.0884644754681018 0.349458566378657 0.474921014083098 0.367886319778446 0.172445900831702
"cg09825309" 0.0684671971504831 0.0682035335959241 0.126164199842525 0.325323200294381 0.490752006698071 0.43169120669876 0.0777069132613398
"cg14098951" 0.0351817023752819 0.0379955372347718 0.175993904087335 0.435394510531358 0.506715794654999 0.409811988378528 0.0488879348227997
"cg07266431" 0.0341326868817382 0.0405865617986235 0.0912621687451362 0.167345466466119 0.454731253776279 0.501136825965913 0.0595914286638491
"cg07684519" 0.0601731159404139 0.117540671836325 0.187642071736202 0.253312853246608 0.508050536319423 0.485756214466161 0.0605288568781492
"cg09143713" 0.292072554789721 0.155033661999519 0.219985550850735 0.461159245033592 0.633971245529304 0.593376255750303 0.219866713214328
"cg00188748" 0.0527811279371879 0.0612902983730719 0.133522599639962 0.473855121043698 0.521441344472593 0.402646821196944 0.112293689761893
"cg13357602" 0.328048442494364 0.168632721102785 0.153991286448911 0.55706188619087 0.639055942954106 0.525811827869674 0.171519199272707
"cg00682367" 0.0615746483092107 0.0603445344691081 0.155557426979975 0.175865288320101 0.496937413004275 0.504299857248454 0.155871700717131
"cg00026033" 0.13497581995947 0.156224866720581 0.393385500925367 0.415093758648953 0.64747590990099 0.635631683477894 0.124736776222424
"cg15244101" 0.0428700187718822 0.0507653723087701 0.248118201724662 0.451826861377327 0.561042144609605 0.464615683786635 0.137667779830541
"cg09455881" 0.0683227820562441 0.0472401702237112 0.082354993760072 0.374523990978274 0.517596402797768 0.482796560238322 0.10604018135526
"cg16567676" 0.0512718870895449 0.0537426242778306 0.185382702738648 0.427242688698114 0.529877852395548 0.399862755193511 0.0552278925778162
"cg11146034" 0.307184427869085 0.205994656641616 0.276773175721958 0.460377017593635 0.672705389032523 0.599792474056258 0.21166701798463
"cg23073974" 0.071958520336814 0.081991684143672 0.116610495634705 0.386745122748982 0.531507756810882 0.461908950115653 0.0933104568808078
"cg24484138" 0.0422708342919885 0.0505477383273384 0.181018406685124 0.522674045528638 0.558104545730289 0.415683002455632 0.20085282159641
"cg22284398" 0.129609583015235 0.0578211685933213 0.134002820187484 0.336762535473671 0.554716402728776 0.570325756916592 0.171031191567027
"cg05894970" 0.0581366354975365 0.0535352404727843 0.151128659676437 0.47125592664718 0.550690078129913 0.47850469316604 0.0710398434118973
"cg17779658" 0.187978873591061 0.142807633215533 0.111426256298496 0.471137911826334 0.583150225722935 0.437600763230562 0.22528192962996
"cg16336494" 0.0979648960670266 0.0736744529590561 0.233767327841835 0.44436330060798 0.597098986289619 0.550838884851045 0.257974363192351
"cg05399244" 0.124251620141055 0.0997393105225922 0.192253422814917 0.411200690968665 0.577895041397777 0.526043830750063 0.0878840794814657
"cg09976669" 0.0464252303161923 0.0572882293524628 0.139146029054031 0.489137210167608 0.545672755307855 0.438007730962081 0.0801145337802848
"cg15814508" 0.0355836241956122 0.0475857957449847 0.0918139469235034 0.105781058394806 0.482362291398023 0.545878025062275 0.147184021781561
"cg22948808" 0.219535444382357 0.0934648007563533 0.243862895905045 0.469369257232758 0.609920092778502 0.464068080163201 0.13841187906132
"cg15887927" 0.0672396387765185 0.0490324020334008 0.127800757552653 0.429271077311703 0.571716057409745 0.503723280745028 0.473350722340262
"cg17329534" 0.0566101346107828 0.0607029904172373 0.545217054108249 0.100992397381535 0.543210929309117 0.320833883242555 0.182910351475858
"cg27342781" 0.0825178431980513 0.0597432089139175 0.254599490901082 0.428865600481083 0.590587262311122 0.521421643221793 0.10891386773701
"cg14325025" 0.044835471227722 0.0427117435958692 0.307774007244865 0.439317383543887 0.597655045029725 0.528691037924118 0.149799524631047
"cg23728447" 0.131395443276267 0.142653619980587 0.240857441439575 0.475633153156898 0.661377059608731 0.649511327698521 0.283089756532729
"cg04173396" 0.0854781115795591 0.0805824159122792 0.129838934011442 0.220975808587181 0.539446400860663 0.536859898270251 0.100694784858351
"cg12118504" 0.0557093604277912 0.0591581963424835 0.102371653633224 0.476334257664256 0.546663232037382 0.380976589009805 0.0689263032642786
"cg05261686" 0.070107582789018 0.0769214761201294 0.135280500654396 0.455250090615612 0.579416196484498 0.492695500357823 0.133363835950777
"cg04232128" 0.121049221074034 0.118443485350274 0.383417463176752 0.383523499597753 0.666861078737695 0.643034098371735 0.19222625605975
"cg23079808" 0.0574280462507132 0.0634749399487339 0.193372590150909 0.551673995727548 0.604337666564686 0.457319204186902 0.0780294946663152
"cg09782560" 0.0587669931054895 0.0531469305916856 0.192405221881808 0.527469001416079 0.610491418330098 0.489687980550163 0.199864646503915
"cg19118951" 0.0275550516009071 0.0631555284734145 0.243165183602826 0.503283616911083 0.619219746808529 0.508253636397858 0.210505441807643
"cg08241318" 0.0592242400552748 0.0640894121337883 0.131584112157369 0.445905680906935 0.601170518671104 0.580781029724666 0.126939579309446
"cg05608790" 0.200470724115014 0.121961781769733 0.174248313239839 0.257646422830776 0.635096212196938 0.726688804183068 0.127492331903633
"cg24690709" 0.0689932571344642 0.0508097305683163 0.0942145903256186 0.203156813946547 0.543063019965761 0.460399167673057 0.387068415841728
"cg01512840" 0.024779702094433 0.0330507628603089 0.219971095772553 0.286946137620395 0.591858900311175 0.620293568951238 0.141042458444346
"cg12306086" 0.0352311519545338 0.0437227605881812 0.121993534833179 0.450547911947518 0.604192620535949 0.586058629925412 0.127982155486545
"cg16958939" 0.40675065817551 0.198021935573109 0.270043417805877 0.542383769145229 0.782560488938103 0.769664989699118 0.102494019880599
"cg07799277" 0.0574951902375128 0.0681328493967219 0.148877368377529 0.565544427435781 0.623142719332431 0.46741431700662 0.0417447565321677
"cg00423035" 0.0525885007879757 0.0636686387921324 0.169051288707712 0.259873538702039 0.620000880543589 0.69234764889072 0.058679121743482
"cg20048655" 0.0595986471010254 0.0958326640591597 0.115174126997842 0.577001146586331 0.684728364407237 0.579191918861952 0.343838723768223
"cg08215318" 0.0490739628130849 0.075650750373933 0.235074267126419 0.497859856645597 0.705345067537446 0.678341872982776 0.0645913189208136
"cg01088404" 0.0445886584622641 0.0511408028002203 0.183605218372026 0.398606382533014 0.689869987799138 0.688958108074174 0.102801953159174
"cg07671644" 0.0333735024316346 0.0496071811037684 0.133895187320017 0.463009940254793 0.697847235430371 0.646002944116962 0.363350925962313
"cg12811871" 0.981376018188217 0.970670085206402 0.815041885760168 0.972875019497169 0.534743253804079 0.189386698693334 0.845746956374713
"cg27582527" 0.858292078479597 0.861576690024457 0.751969006218159 0.861547749223556 0.42592036709173 0.0877682290000572 0.560522713940978
"cg25383568" 0.968451264022619 0.952536005831282 0.82752742640182 0.955893033197298 0.506334911225169 0.196409017648102 0.939745712017545
"cg15956469" 0.954956734735396 0.945684016994877 0.864668521661601 0.950351662395794 0.562643266804 0.224643977220884 0.921194515487981
"cg05875239" 0.914549920764416 0.904903477339073 0.781695531504386 0.903135161728222 0.437222575920872 0.157965447326144 0.872222452667368
"cg27274718" 0.879901455436516 0.871136320702776 0.783577473535248 0.879689760813477 0.493195022259721 0.148718144818886 0.769079022635043
"cg07307830" 0.893145874658277 0.889723377776088 0.827601165428959 0.881350019980457 0.526868131838746 0.165915375657606 0.66775679724366
"cg04736625" 0.869855257420884 0.856075075635191 0.792919739154731 0.866676484018365 0.512659448488079 0.149258920689138 0.767551712543679
"cg23015664" 0.935627031273049 0.941870259700735 0.864118521673736 0.940169039018296 0.648534110643071 0.240958966351399 0.920344191200259
"cg27309871" 0.893221214861565 0.894581611284857 0.822458888114105 0.893497366729719 0.561196944594523 0.183630315002975 0.745860951869545
"cg02384859" 0.908590726995883 0.903503568837599 0.807271247665854 0.896628618896342 0.529483098133006 0.182956111030828 0.694229775792814
"cg13613174" 0.834986202664206 0.877154684049644 0.769056237324456 0.888039047113928 0.455142109059538 0.150544037908807 0.831437619439144
"cg06202778" 0.856656332054465 0.827914755229564 0.80853908215567 0.867441608315075 0.521752414960759 0.148680384486994 0.607092092661073
"cg01940139" 0.89923467878685 0.89286703478697 0.840201965286082 0.885748862532499 0.588479476610893 0.196823584258771 0.712061517562293
"cg02150910" 0.872444704699579 0.880434960850447 0.825160547202565 0.883450989252456 0.553495138822646 0.178148339792955 0.666320207356428
"cg13917614" 0.952995294077283 0.92285820466023 0.727601061153972 0.924214996392199 0.435348989344979 0.180337215230876 0.897792297666035
"cg21634628" 0.890797976749685 0.883181334204665 0.789043760870552 0.847526135280875 0.510553527239222 0.162891674118433 0.698063750388952
"cg20987610" 0.893895645443183 0.802649938671655 0.828807330161051 0.879921809600806 0.597451660760843 0.176425743235935 0.657097722419488
"cg05656688" 0.885425794452722 0.915785897699877 0.764212428021425 0.889935219349123 0.453537410353792 0.168054914145501 0.802523504459765
"cg19563355" 0.880257936552286 0.883613465515034 0.817490678844785 0.878388058395903 0.521245743044822 0.186472304552131 0.879772104837273
"cg21474838" 0.894017685782693 0.891733676603969 0.839056117828196 0.877928402156802 0.589037141443441 0.199883253148878 0.738993615328455
"cg26012482" 0.85910724494272 0.869332498952581 0.787145994539495 0.789519243927052 0.463889954581435 0.134303918538335 0.659542241585568
"cg26275360" 0.869368654217357 0.87468608422698 0.811656706879132 0.871757337129179 0.55978243145003 0.180737134205138 0.715902349042305
"cg13449535" 0.875901231975269 0.86634270023439 0.824815688553063 0.881324142196098 0.530813090726801 0.170927724948616 0.533216537721837
"cg13995453" 0.861053766944551 0.87328663068557 0.812679324693273 0.878796152222099 0.526614463109647 0.174769238025135 0.667839861639185
"cg16340422" 0.950078946864158 0.949610567082576 0.896075523573579 0.955423972908289 0.609463163570741 0.24012855129446 0.442002370389574
"cg03538296" 0.835256553661065 0.839480896881077 0.723679031381526 0.848905568330589 0.375161843731047 0.114433430168912 0.682911901856848
"cg23474890" 0.932497232178659 0.935498415720037 0.854479926603495 0.834151018886332 0.430770848887161 0.192877194764607 0.864879431538493
"cg06040872" 0.848364362229204 0.886507866657324 0.801415548730343 0.895385024489793 0.525203099452855 0.182193146127903 0.73832051576626
"cg06815003" 0.895251733459995 0.8832552651987 0.819692291819462 0.896864807815677 0.59369022000151 0.201278417188206 0.651329005669538
"cg12531611" 0.899636218133658 0.890802609515048 0.823565914314377 0.887804767180313 0.566242990587803 0.196094919563109 0.617416684668424
"cg21828319" 0.882500550601078 0.871658285251516 0.764113159699257 0.888119569069434 0.552221046597214 0.18791150733822 0.851364061444484
"cg21333217" 0.969159650095418 0.961832265989597 0.892312089391829 0.965078004870003 0.628944846278828 0.280316719436855 0.942920569733692
"cg00594040" 0.881196585235003 0.884792886132595 0.786011590350823 0.868605212726187 0.496121249867563 0.155565361467788 0.371251616311327
"cg19696012" 0.890311288429168 0.893127045066498 0.828914323600358 0.887544617872176 0.568470256504785 0.206949426827112 0.775610035929588
"cg10628126" 0.896600924521239 0.847547146313305 0.832801353529837 0.893776479989051 0.570541135625832 0.200516159454006 0.727419034596031
"cg10796068" 0.870598405349683 0.871031603784421 0.816727895595791 0.869165133705776 0.569585629206711 0.196333281529451 0.787671398812359
"cg05593759" 0.887930811846141 0.883975335705383 0.807116774834496 0.883028346530663 0.537037359795601 0.189765619571856 0.657240046118718
"cg04784635" 0.886980603080309 0.896023545582348 0.814980799954012 0.850923158776277 0.506167302034764 0.174686199091435 0.528151173421655
"cg22488278" 0.893958613416927 0.892036757721388 0.784945867871188 0.881667635595546 0.525231379752952 0.19349387035712 0.803070028233436
"cg26227465" 0.876965831472963 0.855433099525881 0.80636903636442 0.857992507754082 0.506812023458992 0.168596096382585 0.59445297326884
"cg20959189" 0.883937069142409 0.880362118601169 0.820729462847399 0.826069032142632 0.496246942396055 0.177946725885464 0.744544050912558
"cg20657709" 0.878203472940294 0.863965552429896 0.800890384393853 0.868670120135308 0.530461064510359 0.180582845368535 0.66532936716232
"cg06022561" 0.861272378957714 0.889466606036776 0.789065916030975 0.894059896752405 0.472985350046056 0.150704819883411 0.208581932721576
"cg04527989" 0.892589501589611 0.884256142682373 0.812848022227408 0.882193931125592 0.534837081387502 0.202859591176457 0.847335599806301
"cg24430034" 0.983834755219675 0.977238184910997 0.867845137438974 0.970919452207984 0.555232411120636 0.276208016455355 0.973182985433502
"cg24408769" 0.806341729617216 0.798623365404449 0.791190515534773 0.89722592510048 0.49923532613759 0.173533792714526 0.941170443203677
"cg05148385" 0.880009636156232 0.866184514373987 0.818822998637574 0.871239402585091 0.551235454847082 0.196026474907969 0.700084474132786
"cg11100450" 0.896626931281956 0.894869631571211 0.804982198116437 0.887803650024966 0.4956555605395 0.196412160287911 0.727494123341042
"cg26934362" 0.86255740581686 0.8595423895234 0.70264833331104 0.816263378010434 0.37540384592278 0.115327786461671 0.508671253672422
"cg06398474" 0.181885664876323 0.198898858015404 0.194620229872839 0.150192846102537 0.46482895890461 0.657002334312222 0.482782606419425
"cg17654050" 0.183703755346195 0.202367277820204 0.245019549109002 0.455381327964167 0.528115115939246 0.726434057493664 0.136594880817643
"cg14649507" 0.0900568547504569 0.0789341497300005 0.194299356916317 0.422760122648896 0.550940296788364 0.68751052276987 0.367944349325206
"cg10491452" 0.0435374551584682 0.0496219966821991 0.103976495996918 0.10685054466998 0.369506309073858 0.542773535790348 0.0401853673838097
"cg26475911" 0.184761489550876 0.110303759724365 0.41801094914828 0.117540491391998 0.547094919620196 0.68479681491886 0.205566438406156
"cg15356966" 0.0544033070372282 0.0628232205365459 0.128003101635345 0.210142467274797 0.36972512398851 0.577594638169349 0.0634663650425926
"cg11481582" 0.0417618391498155 0.0428244382571333 0.109661595804536 0.328168765303541 0.504597054303944 0.618435377989587 0.060588197771747
"cg27122888" 0.0478577698674146 0.0560788428950083 0.116496844072759 0.0576864863465491 0.31892454527882 0.538826264156404 0.136858011545701
"cg11147278" 0.0475480611500509 0.0454629741891346 0.243875414979468 0.317891666103471 0.584533487524668 0.677373633218232 0.389424316306481
"cg26823762" 0.0376021738634968 0.0438048559270373 0.106684733351773 0.116167516351713 0.426317969037212 0.562283760774007 0.0345206384403367
"cg03548857" 0.0362171143882261 0.0403241171673607 0.131301248029907 0.109963259774197 0.348010335724111 0.553206613932784 0.0405788647915818
"cg26348226" 0.0803434835735606 0.0636091668982505 0.140828604706585 0.251389056292879 0.533911393925827 0.633711347102067 0.0980986271895939
"cg17087974" 0.0612375589029664 0.0714867102265143 0.168904571720628 0.359116255150439 0.625460858239024 0.685975132918615 0.258664725608311
"cg02381279" 0.059593558697063 0.0641401193705266 0.12955097385209 0.198303180344599 0.478683258015241 0.608329983458818 0.0947710129814023
"cg25887844" 0.0971409197945772 0.178893381824269 0.439561538766551 0.187890705684905 0.460156028430686 0.703858168518761 0.278724961074408
"cg04887172" 0.0719129386126172 0.0788648969238712 0.174854044542464 0.308578486399406 0.532860657866667 0.652197313062534 0.0350010443333656
"cg09747445" 0.511004318053288 0.495025228272314 0.248837499624411 0.192702294928874 0.41566984919734 0.786770137979055 0.2430432715418
"cg24315421" 0.0473856429542912 0.0573748454415657 0.457966620229671 0.30987910553897 0.623426933349783 0.727908012959902 0.208225415586858
"cg19736900" 0.0739346729812096 0.0837348532662578 0.155161655023306 0.366655050391831 0.593864115731849 0.681194200094223 0.147496852315663
"cg07675477" 0.146947450785767 0.159783848594326 0.250597127427205 0.193403292394963 0.507883858838496 0.680888096624018 0.104490342335887
"cg09958402" 0.0431684282208825 0.0382584377439065 0.0986517831930445 0.233791729258695 0.502167606876904 0.619315129820174 0.133613611707757
"cg22589728" 0.191725623025422 0.16178903651444 0.181578539491441 0.154773357128195 0.400152618855185 0.650640502839356 0.150676330345003
"cg07687131" 0.0634187124146671 0.0635715373732308 0.140343787816772 0.427319143853432 0.594342627623139 0.687687115996845 0.0484752785463185
"cg09101151" 0.115752693647518 0.121369672096651 0.135925816377941 0.187806150147303 0.420635206159628 0.649689309931361 0.441896982003344
"cg01447281" 0.0418961098135671 0.0534471268900072 0.134534872183422 0.0466735518088145 0.328246585790581 0.566976305979923 0.0714565878918669
"cg03837680" 0.0374460346294496 0.0477999212053817 0.148741443836651 0.1011505834349 0.404792009151155 0.605734973841533 0.281764427137342
"cg00084338" 0.110479406114746 0.126781357236639 0.203625273151221 0.100152201274286 0.516375888145765 0.653589607314342 0.0485171438609198
"cg26971042" 0.120946555828555 0.106654834945834 0.102129584441734 0.06553107895097 0.285430393772882 0.583966334141618 0.0616162028217576
"cg04790874" 0.118463242727208 0.123918101043758 0.135165325583832 0.376663720918898 0.433365771643322 0.69269031456171 0.217363682205143
"cg25817701" 0.575363890742938 0.439692224889712 0.169377380430032 0.195441693001427 0.455855501849438 0.826049598138789 0.610896980116702
"cg22897715" 0.0344932729614363 0.0394293296201152 0.143701091923372 0.181600436970605 0.402307699231516 0.61242410017386 0.0320329975183901
"cg11822932" 0.0403806040804461 0.0428356937961994 0.166821641105766 0.389144218055044 0.454408168396405 0.671165673932991 0.035710434950476
"cg03677056" 0.0816982759645672 0.0869191297504928 0.194472015204059 0.590600453598455 0.738510131956347 0.789530314558462 0.067064808063058
"cg21232161" 0.074926591812844 0.186796105932502 0.202154664999525 0.229798624482708 0.52062793252474 0.72282488282705 0.450293212832111
"cg27218978" 0.0618791687938511 0.214141306594338 0.213338287995148 0.289512112964536 0.593814984519077 0.756586551272367 0.474162455509404
"cg09001226" 0.0795576533275408 0.0759642708307601 0.272944248025089 0.268966723535771 0.491081960894333 0.740920170783965 0.608446976079437
"cg11173131" 0.0381656466483075 0.0463004905724974 0.134843559549749 0.19569040901232 0.486931499264747 0.670986058715285 0.100456593671817
"cg01700462" 0.0419012110091593 0.0494191614450174 0.154493074099988 0.249845083876313 0.532745555766717 0.699016076056372 0.104575958658673
"cg06117093" 0.0699617637479493 0.0554675805119784 0.186035626881329 0.127301330037411 0.478876002185423 0.708962834607692 0.629791319249039
"cg12273325" 0.112627891579713 0.0428884297378965 0.117491147408715 0.0851536004084652 0.416813571101813 0.656452540627745 0.153605169853654
"cg18881723" 0.0782995026350312 0.0584851286784445 0.141763897379936 0.0488432004068311 0.41808057763732 0.656686508222476 0.133243469730282
"cg07381806" 0.220259476376212 0.0717248511983048 0.116060987654328 0.0951805144795583 0.381987554963505 0.701049506561141 0.51692062982758
"cg04179740" 0.0407047671068181 0.0464329459215512 0.182279140282986 0.0444719396099732 0.325770948841513 0.65606477941649 0.442441769946799
"cg13404688" 0.0808005333042724 0.0536100863733842 0.168869150330666 0.263523814180545 0.63106840129958 0.7578628979065 0.324809776844085
"cg11358405" 0.0334149440038811 0.0396659306357821 0.151989963123979 0.126066303312371 0.455984190482618 0.674830522857335 0.0939020846094392
"cg00761125" 0.175230080897162 0.132305612358494 0.200620667021789 0.123986052151693 0.649588713350585 0.790147049663435 0.088262952115248
"cg17766305" 0.0738241472800451 0.0470353748053269 0.141656574790347 0.0715805049380333 0.47773337145548 0.792151893039463 0.114227721560191
"cg25105522" 0.897280814530359 0.93629854062631 0.93527653770897 0.896672299111262 0.902374719420792 0.91467952686552 0.0882059639340019
"cg06768361" 0.92886685026411 0.902510151329284 0.956625510390507 0.963261930403093 0.957559114961854 0.932702434671522 0.116852329613265
"cg14203426" 0.960933807810636 0.971653787179079 0.980232579584961 0.984330039770334 0.980224830118832 0.979408981964581 0.163987884359646
"cg18168751" 0.981392068393348 0.983888123379931 0.986463449681408 0.984783782675589 0.985662039107319 0.985840151032674 0.175353863771395
"cg05012676" 0.951720109669092 0.964441074483886 0.961129187255352 0.965536535460825 0.963405941054097 0.957239105933798 0.161774547538031
"cg15974642" 0.8929865599415 0.910363044499695 0.906401660417502 0.914540462331021 0.906196783115298 0.905396946677831 0.118565160285239
"cg22353369" 0.888423131601736 0.898944336540901 0.906839267900077 0.880492140503702 0.894512159412964 0.916350593795908 0.121983901504024
"cg00344445" 0.494721934202247 0.835487406975841 0.933489848353303 0.95217520724299 0.950032841962837 0.934896642377844 0.0991104692748755
"cg26876834" 0.905179704905239 0.895827664940749 0.923232270595659 0.905925458506041 0.923660142491923 0.930915624210023 0.153453423401186
"cg14018024" 0.873610345313013 0.863181762172443 0.922238119993016 0.936824059435916 0.920253112872716 0.924854551643013 0.147219226018075
"cg18554116" 0.919825135752342 0.925014938726596 0.925212142282034 0.932464602416697 0.929747932128351 0.925926947622107 0.167202971566797
"cg11926444" 0.951334338075432 0.954037929685925 0.954581113536205 0.95416032115307 0.955462930381797 0.952980546549936 0.195752769810323
"cg20151221" 0.9347208215573 0.939703757095868 0.93159106342583 0.929285654896534 0.924014087803048 0.917814330815044 0.17424892881924
"cg11759194" 0.866609755742754 0.902555546222502 0.900240368933109 0.899453971229234 0.894837277855556 0.893552424402188 0.139339928545093
"cg26504110" 0.970982275104783 0.973666805957933 0.979909467025767 0.983807466772192 0.979163236817992 0.978388867885282 0.223500006302231
"cg04120520" 0.852116346294036 0.887978649042081 0.890700701794682 0.897277033575901 0.883265511490245 0.887884025057917 0.130137371712912
"cg21768884" 0.943484875717747 0.957485214178462 0.955536211361168 0.962681285174078 0.956654455965093 0.959327514980167 0.203388919361048
"cg09710521" 0.904032356466717 0.908731566750577 0.912285154008489 0.908162373204432 0.90433009622698 0.913533444725963 0.156924219517802
"cg14160419" 0.898516328078734 0.769137857235973 0.934296982722322 0.935629335607748 0.943696825053027 0.925820554847175 0.150338288815005
"cg13995599" 0.97019673992341 0.96868634970434 0.970208940931652 0.972022990302775 0.972945547720397 0.963096134069849 0.2201535032861
"cg12099546" 0.892957630491826 0.886310900760459 0.899005132531531 0.890025826800725 0.896456246477962 0.901165472354247 0.145449292068644
"cg17528559" 0.89926675733879 0.907480372605608 0.895651109881259 0.899721111967882 0.904511647087302 0.901496498243496 0.154867509129508
"cg14438221" 0.864615158087744 0.87488525059178 0.877232968546689 0.866269749455961 0.868999192783975 0.873279349034408 0.125529423547504
"cg12973904" 0.880851324097525 0.886794448330907 0.900201973837607 0.89176965127289 0.87982683978301 0.878582080362276 0.141459153156083
"cg04643690" 0.874837169623841 0.897004589653738 0.908890424352678 0.907964949916737 0.907494802162582 0.903896847638197 0.156225645983567
"cg08221288" 0.900774382278603 0.909860360669787 0.91738746478526 0.910972219127537 0.913671087502109 0.90555998475619 0.165511739350168
"cg17687789" 0.894155682961911 0.897422605807805 0.908344402078321 0.90689705569582 0.906659523988609 0.902170628613456 0.160623070137013
"cg03682690" 0.840691173369736 0.877347981605776 0.922411858167798 0.934899550228359 0.931488280008365 0.918444649634014 0.164338755111205
"cg25580656" 0.9657452676365 0.973393633445203 0.968292697587538 0.971627046491212 0.960281207231705 0.930300650050573 0.22087962793302
"cg25471557" 0.891789465438138 0.898568728157433 0.899835417453253 0.911113096425011 0.907987233496496 0.906324165554069 0.162083368853644
"cg01589587" 0.831780688030142 0.862168728150914 0.888515601886057 0.892960579233905 0.890602609286556 0.874880501681534 0.134114747878012
"cg09547025" 0.855160234774656 0.884507022183547 0.916267354192286 0.914137739694849 0.907177674718336 0.908303407983956 0.159353420436498
"cg26103369" 0.863494367738065 0.90591232548044 0.87956731733595 0.908933789273202 0.905091560985563 0.899654233828465 0.156319946255465
"cg07232003" 0.910888407231002 0.920777495829401 0.924810483432227 0.930177524730287 0.927139787423959 0.926761003357468 0.187714470961235
"cg10594510" 0.947831842996265 0.96791544507088 0.961069435101854 0.963926432459219 0.942337220512884 0.918932460176015 0.215012974676237
"cg24134897" 0.925813496337603 0.930810633440709 0.952383565146782 0.942564079576771 0.946150747393265 0.939215532658639 0.204058441656575
"cg17927096" 0.89696917443108 0.879286472335369 0.910524184479741 0.909679296720961 0.906561803758572 0.904210950058794 0.165600523955699
"cg16666745" 0.904513918555245 0.910841519760977 0.909231935262312 0.902202683984434 0.910764229258791 0.902690677514151 0.171273017751472
"cg27024200" 0.925069821127696 0.924690384570677 0.922408665149101 0.924286500925919 0.930702350194979 0.926157599904516 0.18999826732976
"cg05686445" 0.909037547769746 0.908845351438857 0.918520155432739 0.91530334547732 0.917475545745016 0.907175896764157 0.177490521623651
"cg15856832" 0.932829403925872 0.941685322897565 0.945735772421868 0.946772550144425 0.939166178214766 0.927335502385518 0.204140515887875
"cg22897659" 0.917674176018217 0.910845603071177 0.923443668705618 0.923769592901294 0.910027529663663 0.918105724473862 0.182334747616785
"cg02814691" 0.894253975051836 0.901970468256393 0.89685614021283 0.899172990114555 0.898666825790768 0.887713153292552 0.1616039483228
"cg08330031" 0.846432967481528 0.875506649038554 0.887390668652653 0.876116942560318 0.873024162935383 0.881228737012122 0.139323669749787
"cg08223760" 0.839882681903529 0.882755240415617 0.894529917010865 0.88826718604438 0.895788510745737 0.868362006879073 0.145399511461149
"cg03290602" 0.863086560867301 0.87783662774711 0.877672523892314 0.884191576882916 0.878796659719085 0.869474879320755 0.141589526059414
"cg07790778" 0.846148501983433 0.845491679633931 0.856263352528164 0.853649544405611 0.852095343306511 0.845315566520486 0.117223338109821
"cg04780984" 0.882292063319398 0.904302688994162 0.920358580251229 0.910016833180867 0.912815193686323 0.916811965382715 0.176061596436527
"cg24847366" 0.892534299479502 0.93498922362913 0.957382773916325 0.964871798902043 0.964838036498191 0.962280901161185 0.21523652633247
"cg13863638" 0.861275072512171 0.887943199119042 0.893945884694326 0.893745652332838 0.896030622708315 0.893253938283538 0.156403888675119
"cg16505233" 0.0538238332571023 0.0335929162955579 0.0348022553669438 0.02638328316562 0.0407860113870152 0.0548181941945475 0.434264270315059
"cg03466198" 0.0242941396322353 0.0239626213090128 0.270639485694992 0.221369487391443 0.195303551150182 0.165813511282033 0.548735966777085
"cg19537719" 0.164481101955899 0.166107218390016 0.188534517116212 0.206948537835812 0.179713741306115 0.171308026736971 0.57542945779469
"cg15599437" 0.0654884149774583 0.151723308010825 0.0452254803780539 0.0552371573312986 0.0826197332196686 0.0457413468043252 0.470705476096628
"cg19918549" 0.153886933923162 0.0648475080226775 0.0452870395185712 0.0368508816168951 0.0390727614361423 0.0394579061288082 0.462472487109796
"cg18051527" 0.0882357738404476 0.310816091833854 0.370910215309336 0.29192629167832 0.115094488560502 0.0714878218497755 0.618348824564036
"cg17707057" 0.0408203618774852 0.0701416703339937 0.162409722647474 0.0488471582280203 0.0556228034319421 0.0535961158564578 0.483259907904035
"cg22168796" 0.0151738536812555 0.0121332242199486 0.0122418758346601 0.0127735169266382 0.0143427475490911 0.0125086218316046 0.428057778378378
"cg03638781" 0.0756350793125712 0.0648527556892611 0.0665957384927762 0.0491443217991094 0.0465975063516287 0.0441207645087064 0.47247999015705
"cg13962347" 0.0906184694788372 0.0464228354636817 0.032845177437803 0.0312578387035287 0.0314148375945732 0.0345588039529935 0.459367345512717
"cg09742465" 0.0428807572637928 0.0408971213631424 0.0429567301424621 0.21412350392266 0.104675183613898 0.0449863841889206 0.500911530963349
"cg22184990" 0.0349323429907968 0.0426058913761599 0.0587890522078421 0.0477427203842123 0.0379949610796412 0.0327124047060801 0.463568805032466
"cg00393985" 0.189681063756502 0.0528698017305099 0.0579301439865887 0.0772855365663364 0.0837483142520181 0.105179132853246 0.515485223864658
"cg09977703" 0.138829831604818 0.1806329844485 0.264634046524615 0.0439268265656212 0.0327777019497903 0.0453190024729574 0.546076742319928
"cg02508743" 0.284148548161037 0.235973120543122 0.0881926115509456 0.307368040688844 0.242518294551757 0.0806724173351594 0.63222935416398
"cg05614346" 0.0550800902953337 0.0497656340958049 0.0824475932895047 0.0505751789325614 0.0679343147394315 0.0690766593011732 0.493874557141466
"cg08574423" 0.101501888448466 0.0429393509269931 0.0340822415334546 0.0243367083409598 0.0614716731724667 0.0998799008700809 0.498324319701885
"cg27540367" 0.0499312650321869 0.0520281455829342 0.355318749105678 0.126831568873971 0.0663574353233865 0.0879483351182749 0.567871360096789
"cg00092400" 0.0655613229174696 0.044947609419262 0.229250049454284 0.0445808185355887 0.056635732612073 0.0768111642751514 0.532540280048939
"cg13152952" 0.0354084708619591 0.0338789834969492 0.0379038557165542 0.0652027046994351 0.0429790611053827 0.0408192406200331 0.488848118270235
"cg04466898" 0.0535626812383024 0.0520694308571933 0.0516409761232129 0.0548100134587293 0.0541693536298737 0.0518228448663909 0.499277154261687
"cg05596756" 0.0966712056986036 0.0427181878544419 0.0948141829622747 0.0347203926229665 0.0421863488397075 0.0552348318998787 0.510168822237579
"cg00360761" 0.153950257511561 0.154649217944308 0.200230603354245 0.31116579789488 0.217245018269852 0.0784004613448607 0.638984323079581
"cg27485596" 0.394787519330335 0.299080462149634 0.191316440420491 0.0878515119464652 0.0901461125788792 0.113681779937743 0.655910725437969
"cg06637812" 0.109409852690842 0.100580684047176 0.126592320881378 0.0885740934267532 0.157746060218302 0.27618336622588 0.615224324299003
"cg11958644" 0.0356224130620153 0.0298458601865826 0.05339893164387 0.0705833435128658 0.163917587740207 0.19832042695363 0.56722555816882
"cg04960065" 0.0447011961937472 0.0377106340119956 0.0470030433832977 0.144806416556738 0.165891450510598 0.0947427673369928 0.565457200732565
"cg12634208" 0.0986732097261335 0.102115961063707 0.18820987865404 0.380011308455275 0.292071852555488 0.207687368429659 0.695002519306983
"cg04987734" 0.202749857849147 0.118015654069335 0.0695205813831337 0.0586425070905163 0.107511720963091 0.164413311914354 0.597852975842904
"cg13415831" 0.0359256617382253 0.0394864515121087 0.270312849992556 0.0838088387390763 0.0739881999557392 0.0435341530689828 0.578548087952823
"cg13639901" 0.0977263388159935 0.0781210851034982 0.0999088523269039 0.0809241001933978 0.0693841939250453 0.0783694286946198 0.571726641276237
"cg08098128" 0.0315604633292486 0.0446514359051286 0.0620911920266013 0.032976386001763 0.0407947841581906 0.0596386567614952 0.543682553819591
"cg20472746" 0.15527836422376 0.0624913347325649 0.163798010715817 0.0486958611753526 0.0545746842132387 0.0678889391266761 0.600565974642117
"cg07884764" 0.109664646025544 0.14851760452431 0.0682554162317947 0.0912021493708177 0.0581780171115216 0.0608094047395883 0.603715367276604
"cg03422583" 0.029384574432387 0.030062366151353 0.0448006335634179 0.049575110043689 0.10021195597736 0.20350606855314 0.591078656355882
"cg18081760" 0.0463262424051997 0.0724917210492501 0.50833058644601 0.186134912156213 0.0844039664845808 0.125481723733154 0.69254770484731
"cg13408344" 0.339179194018669 0.189321351389031 0.135850119660878 0.0857909054237907 0.0889384422454927 0.120354308618185 0.684449805920261
"cg03636488" 0.151963639448226 0.103703248880683 0.0711403254324577 0.0718599576772176 0.0946419364802552 0.123874821535447 0.631595570014606
"cg25598890" 0.0355389211040921 0.0307292304601422 0.0445766920198764 0.156306557885086 0.040989093866344 0.0360853677830115 0.590723477693129
"cg15752436" 0.13205525079372 0.0620982096126334 0.0522451115515272 0.0441550426448497 0.0486912293071646 0.0521845002705079 0.597026825451073
"cg08317738" 0.0715848979231587 0.0726696498440747 0.0676670047488548 0.139768778437127 0.136718613972177 0.0696607722700704 0.632610578967945
"cg23966363" 0.0448075202981949 0.0611979388873015 0.0784949512783711 0.0712608907081869 0.0370789900356855 0.041739622662636 0.599090399085803
"cg26789453" 0.0524092763677487 0.0555998009436587 0.0678096888154682 0.157735515283289 0.251744286125984 0.19886182075529 0.674861137862352
"cg10825530" 0.348024956308816 0.169249821642531 0.536276718761983 0.136083591514908 0.114189353035665 0.108862362461812 0.78109606914522
"cg15153141" 0.0700896409583797 0.0274414008628365 0.0353519319401909 0.236543896683994 0.0982950161364822 0.0605381500528098 0.640533479047368
"cg10768932" 0.0510047084214675 0.388148845508283 0.0599340457121846 0.0815387376450904 0.0532758480819455 0.0738606894292248 0.676875100453058
"cg13810673" 0.0719779413262932 0.0372932431886929 0.332726087004813 0.0375237322023094 0.0365366778825395 0.0374892650430769 0.649580871563259
"cg02003183" 0.0764553006340289 0.0464010560432588 0.0281874814347368 0.0227014969634591 0.0386363731536632 0.0570090091248144 0.652231521477306
"cg20979153" 0.0500359283591469 0.0381199542886864 0.497156265219577 0.060859441562568 0.0619000358505912 0.0778892525278092 0.753215949221222
"cg01722297" 0.0935116689623878 0.0940293246092335 0.288798804458387 0.0854621403935686 0.106297585475881 0.155448479110538 0.786432466911153
