"B" "CD4" "CD8" "GR" "MO" "NK"
"cg25131632" 0.0751749215717832 0.928117146138043 0.910111487885907 0.940743108655778 0.9365788506208 0.9004478282434
"cg13738327" 0.111954231095144 0.96123473555679 0.93033529328549 0.963310922037493 0.958641088280532 0.905937033065609
"cg19276014" 0.134435358484729 0.967359251600232 0.969084094028087 0.971280899508287 0.961642025744903 0.960747732761282
"cg15348679" 0.0923981224911629 0.9232081745473 0.963430083369264 0.912529460001362 0.881869151439724 0.934471783869432
"cg27106643" 0.0948627604877723 0.919674387166164 0.927242238744894 0.94059729485324 0.921925206491423 0.904986289421063
"cg02212339" 0.114620357075575 0.930161252044275 0.926440524275021 0.953447549835306 0.946464715253912 0.934832767189219
"cg01024458" 0.0698159505526093 0.873078034020717 0.881593022708974 0.920217018645553 0.905631265454256 0.862954587045189
"cg17768768" 0.136442922287074 0.95921344864302 0.957825829546412 0.959381343937303 0.949369253321312 0.949858922213621
"cg16210395" 0.0715919309846774 0.896288335831415 0.874156546873197 0.902330956050558 0.900699451497993 0.857490872113218
"cg05205074" 0.0808705327267808 0.887916646161593 0.891121989376188 0.898235295880505 0.883018180461655 0.870524470025965
"cg14482811" 0.110545456682001 0.950313598529831 0.926599747066188 0.935130975123807 0.92711826111854 0.809015974403673
"cg11661493" 0.0701480728296202 0.878258561791933 0.873371169120407 0.868695333020602 0.863478795988813 0.866625346075376
"cg07721872" 0.0923817337975884 0.838488796213757 0.87881788002691 0.92031505578338 0.912406142892728 0.890439069342226
"cg11699517" 0.160842390518295 0.972246084036599 0.970937790878714 0.931168605264765 0.946687124061566 0.960055171112319
"cg26552743" 0.0756714106460357 0.884517191656508 0.886885544537607 0.858860672680617 0.865053911683827 0.852302318326232
"cg20602300" 0.104009641359506 0.900603220652412 0.894487019055648 0.895091352779983 0.898357159094192 0.889379599264159
"cg14936008" 0.106241615154987 0.900588170614399 0.905096672598796 0.893358064866866 0.89324395764701 0.893701600713666
"cg21596498" 0.0851046381988534 0.855621012956218 0.884718435890815 0.88200178850138 0.884175011214041 0.866337529512773
"cg00760938" 0.0745670690803865 0.8800680510487 0.876728466297596 0.867869371664484 0.868728201365344 0.817533047578499
"cg14066207" 0.0961880138177865 0.824311111968312 0.831976523265315 0.935029253814835 0.928136869534215 0.89426111599763
"cg22212560" 0.0685152269138858 0.901786600141384 0.904626598578387 0.869019467150294 0.711069168769777 0.884748359696399
"cg13356455" 0.0840366668577751 0.890538163663887 0.870642469940825 0.877221370860678 0.880239401979763 0.818684107886499
"cg04828493" 0.113860505636606 0.945657326625664 0.945712773205358 0.957279110364512 0.86225422976779 0.771090112970222
"cg17995557" 0.0749589672313168 0.875478837436382 0.865369437106298 0.878217873434643 0.868768978273488 0.801350538930656
"cg25683989" 0.0888705240084276 0.878166278803778 0.883301785479924 0.867545735245417 0.86971236648695 0.856142086888966
"cg21248060" 0.130095642676507 0.936963137603008 0.915187431224697 0.946804266728122 0.930459222899161 0.797717209339174
"cg16148346" 0.0961380759708958 0.876395313950532 0.873547626300176 0.876043289687783 0.859384060186048 0.873850868236162
"cg15035590" 0.117641306089746 0.901808750260662 0.896961895517624 0.892941265627483 0.885815912243436 0.886791549924939
"cg15532942" 0.0986474197314778 0.8798126458441 0.871574991153504 0.876802650037964 0.884437478127218 0.841809338756178
"cg26438284" 0.0983472120206328 0.897500761807382 0.857160041538224 0.878514719848339 0.888901372804869 0.806621124257239
"cg18250453" 0.105922202756538 0.880491145175727 0.874827606951821 0.892057713296594 0.888517349594586 0.828087239655665
"cg00464927" 0.174416553691009 0.946579352812483 0.949016774224597 0.959369071181403 0.935264992007721 0.911769562179825
"cg09469986" 0.0942814802209465 0.870338975655537 0.864349612462267 0.872208549774458 0.866243619393501 0.816940533015204
"cg03980424" 0.125050745101042 0.876675775753233 0.909690272596335 0.909858530714209 0.880130848451527 0.870323047291257
"cg03860768" 0.0786964036594584 0.848858175188813 0.817009961928164 0.85841172478298 0.871278938376055 0.809003660949113
"cg01869288" 0.0724497740790959 0.849389485539108 0.807997899448599 0.867192074472341 0.861353263601431 0.783545266071693
"cg17679619" 0.0907394721491471 0.852919449639209 0.860459242913897 0.855263779191483 0.861680889193815 0.835239827665209
"cg26795340" 0.0792159289974086 0.8529010600378 0.851961078382482 0.836118643359909 0.833731709057373 0.825022824457584
"cg18590995" 0.0703334278641327 0.860231266299232 0.859828381021027 0.799357810644993 0.809216911195064 0.828742895388718
"cg22907103" 0.0793511123826608 0.858513748051255 0.861595228795564 0.832128087158844 0.806656322412617 0.837749361788898
"cg23683962" 0.129844822811746 0.890008126167271 0.898281746425421 0.896572445922603 0.88793628289373 0.873514083109315
"cg27565966" 0.0842246262689173 0.877769875519103 0.856139822257619 0.863884492102557 0.857460766773373 0.756881834034632
"cg26692003" 0.203977012961801 0.967307292435484 0.968474187560353 0.972880717052441 0.955147192499888 0.948384273116366
"cg18184053" 0.0641194661552433 0.872438452799674 0.84564993701815 0.826347232084481 0.818392142984202 0.742027542954714
"cg15235922" 0.0798317770163289 0.849923618698253 0.828778475538888 0.831371445200954 0.849261314557249 0.82375601532355
"cg25469923" 0.0970567073908063 0.863450235695548 0.859528010988532 0.871425288419206 0.868030334969787 0.804531923204527
"cg04838847" 0.209754529460186 0.968461177677356 0.969326777317229 0.968886177838388 0.96263018314002 0.960328509506622
"cg01868869" 0.128927859690487 0.887679155426731 0.889596209850979 0.887980088943982 0.879837811670765 0.879342082934535
"cg26318872" 0.137984350014971 0.897544791518775 0.894785463304575 0.894953864170991 0.89693838490522 0.884589394975197
"cg08842021" 0.112903116722041 0.902247075398833 0.882008605969372 0.859687790851898 0.879440550190992 0.812885024782131
"cg02779913" 0.725901663478158 0.391542641964865 0.37191330371094 0.0470347451150491 0.049682211879341 0.1564534402265
"cg24834394" 0.862104728093207 0.326741502861383 0.420556820968984 0.0966057422962247 0.392866064945408 0.466725140261614
"cg07249939" 0.773311050995004 0.377305145496308 0.253575601479 0.228834285265373 0.251374611852859 0.122235931788227
"cg03889263" 0.75142818129753 0.111736826509836 0.256780417394222 0.0871234006358223 0.0945631999778556 0.602800819995011
"cg12603453" 0.868859493012957 0.185580623681009 0.117185542169572 0.408167431172122 0.827364023663494 0.134493536323575
"cg20541456" 0.646569349281952 0.0639992593691223 0.0768183970209939 0.0345765723533974 0.0866334443701109 0.342687807874772
"cg22677556" 0.817533218145198 0.0787688881801323 0.0809497779645054 0.62794996633575 0.240607413208138 0.400866249037107
"cg07375256" 0.828798195249454 0.130733195053213 0.0690380001883487 0.343014422332938 0.691772168192456 0.216917379265849
"cg27492103" 0.750917533177243 0.117931389325955 0.0939266769545773 0.0837040553809699 0.414019999157937 0.368209697393568
"cg27507284" 0.744152018620114 0.411250378511264 0.349274217190835 0.0763143855208736 0.086701365378568 0.121288245965533
"cg22286382" 0.670891946171442 0.106370530244024 0.0866830232243528 0.0778446664795242 0.256789977763485 0.124844583248946
"cg12033075" 0.867384555257364 0.0486397102126183 0.0528913198913804 0.572721763186489 0.658302424794934 0.277875499768593
"cg14574996" 0.843029408161569 0.543686852252821 0.496978527688254 0.144235503424814 0.120442168353683 0.212794255005944
"cg00874051" 0.883110027471339 0.564724487290277 0.542625457606334 0.073434022421137 0.102590591588989 0.443423717334265
"cg09076077" 0.820633450560912 0.544362338974959 0.494647476526764 0.10050853088438 0.0914599054725719 0.149523366456569
"cg09849688" 0.715998612815143 0.268151341837863 0.207418736873888 0.0827732826009285 0.0875164723206608 0.205835181339368
"cg00902153" 0.741970751472319 0.137512868295861 0.139783141355672 0.117060017066756 0.0703085905927023 0.519818299541295
"cg08698943" 0.844866419124511 0.246125102867666 0.370376777687842 0.390766375694788 0.115891004190761 0.364339179962606
"cg25518868" 0.654413987700767 0.0943690487503878 0.123837739491671 0.0613969510526013 0.0699551433908378 0.176761447448599
"cg25983531" 0.836542294032886 0.533367752472007 0.43643777218638 0.11147066425465 0.123326562715423 0.221029132339536
"cg20450123" 0.72345636103949 0.245156981401599 0.218323352303318 0.0852228323500401 0.171810270787812 0.118392449562361
"cg22437221" 0.841335691278123 0.165016992878397 0.121785122623017 0.149696553735195 0.550614379642061 0.43563601149185
"cg17950348" 0.835397332628336 0.593990230985637 0.508321952975859 0.0636832374479634 0.0844266222804193 0.109119834794741
"cg01054402" 0.800248328423896 0.124327960003324 0.155727174823924 0.0878373595964091 0.305874620976977 0.49569131514508
"cg03798942" 0.782959440005334 0.120428892848738 0.149834637376429 0.107405321777604 0.566059877310328 0.102726699131888
"cg07725527" 0.73535324950497 0.140571345802917 0.136127575751754 0.139051758965745 0.177024341653704 0.145115559139218
"cg21291385" 0.77010723453901 0.133041809465032 0.114920642224946 0.0963471745946216 0.386215356136061 0.163504163314292
"cg15906007" 0.750565793789791 0.120953821404439 0.116662847850653 0.136866082310771 0.31452769296118 0.0951923954458084
"cg04978343" 0.83792183490441 0.417618337323952 0.442269361389155 0.0996883200845697 0.118984950513684 0.131745146862417
"cg25616055" 0.697409907187474 0.0663318278666533 0.110447047194732 0.0494404739830206 0.101645567776235 0.163278431284413
"cg20317872" 0.866061230339106 0.0643517247650526 0.0689176576799276 0.649517697160539 0.370051820720304 0.146559558295164
"cg20380468" 0.859158070593802 0.0880161261927075 0.0921954596106807 0.194154466557938 0.463751093233096 0.43635672078801
"cg23792308" 0.725669656498934 0.0753600431988424 0.0865275124921179 0.0726932446546314 0.25931560747255 0.0979072788648888
"cg08682625" 0.781388844090582 0.135230148117985 0.186784712133876 0.0760707191626831 0.0921227139490588 0.400774825555015
"cg19268695" 0.82119324929128 0.0599163208469786 0.0566514172395435 0.596496274562715 0.170322756940055 0.114092687288312
"cg00619207" 0.808666421385174 0.0801410092871332 0.0741079429755096 0.499186740009542 0.15892456815197 0.122868447101954
"cg25336765" 0.849269334518915 0.400733988299203 0.362971378085775 0.0864133268336204 0.0875154175852017 0.168185740417097
"cg09300089" 0.815203617009777 0.396392128072765 0.208594885666209 0.0633571965169281 0.0735092587480865 0.0987360899803525
"cg01156249" 0.916716155042067 0.290774639049884 0.264209090259475 0.062397525331197 0.0638647601100766 0.589352454962255
"cg00058449" 0.91613890413448 0.435561426796778 0.212736388006466 0.201252771914539 0.269309543259904 0.0861636006890668
"cg19269039" 0.837931610532203 0.0532007920768017 0.0547044214330833 0.416249734550355 0.164319710122295 0.106880472953785
"cg23357708" 0.822781562436833 0.176152399114917 0.197909815252652 0.0794234778352022 0.0749548762942782 0.190717519385211
"cg24641737" 0.777491874691631 0.0733952333526848 0.0686080744047253 0.0828230222756009 0.0760506801638227 0.0807735353414422
"cg08560387" 0.758999784342952 0.0725369219542614 0.0533022511476785 0.0436632891609886 0.053811805406933 0.0551524733167357
"cg17266282" 0.887736129131552 0.151483054683347 0.211809451008122 0.159516309498578 0.146757508872617 0.23990098347085
"cg14317609" 0.794556228078475 0.0736667876195003 0.120516179395359 0.056414750278467 0.0598871111104671 0.100593582619654
"cg07635227" 0.864408073911156 0.131351632958359 0.138841743987949 0.0333692951777738 0.0376592119974456 0.41641190457578
"cg03429643" 0.796984894829614 0.0622697476324656 0.0576090746816405 0.0561897667833924 0.068585439049083 0.066161305821092
"cg08864105" 0.836107839799846 0.128550780015871 0.142243044334427 0.0633851193419167 0.0666388190097159 0.105031835741314
"cg02606840" 0.822274643570072 0.0576211222773697 0.0471148332119787 0.0508916338729721 0.132658530129474 0.0684021331840822
"cg00366435" 0.908622419641676 0.115136239464294 0.420504024603992 0.903935226215261 0.909894388744942 0.865354279831508
"cg07679948" 0.953303645454832 0.145528355418855 0.368145564862901 0.946942968119224 0.953250156059099 0.915792919275582
"cg16452866" 0.954000969621096 0.124497415836153 0.18284516780765 0.947047868543148 0.959610714179351 0.863577864643853
"cg01874152" 0.837530565564521 0.124556825409509 0.478035907636935 0.882249131288 0.884634268069521 0.805772714546063
"cg11848483" 0.902364706510766 0.116059873828217 0.239501361979043 0.904988883959543 0.911441756371472 0.869173638980166
"cg07970799" 0.935162899427413 0.182802348885526 0.554124756189377 0.93503786509355 0.944392601562454 0.753824291937571
"cg01154505" 0.767896650765385 0.183811448570184 0.513729026512752 0.950716476010666 0.95607656842105 0.939280498923961
"cg03388043" 0.957675634929262 0.0837675147343157 0.0701815788746405 0.940816746344883 0.953343417805888 0.595303524657042
"cg26166854" 0.880348588468842 0.134834194354668 0.511852880062267 0.877366994146485 0.872698201045543 0.654026686519179
"cg07015803" 0.947137861070739 0.154541693331145 0.210174900803643 0.929839232472573 0.941368625403815 0.84050638279179
"cg06915826" 0.875875589095038 0.119658089593162 0.257927339109158 0.870282065400204 0.864400549582734 0.826907663625902
"cg07713946" 0.905869416782657 0.121933771366155 0.226398797645099 0.893958263136501 0.896948581859759 0.767732629946792
"cg10240150" 0.88303174981016 0.11687083526779 0.302533531677727 0.850006892552919 0.861124172830122 0.766328206487096
"cg19001909" 0.963801337638353 0.203254076047563 0.296510404949148 0.957680630210275 0.960761617077009 0.887666661868307
"cg14477767" 0.859847695953537 0.21159943093821 0.722005878104003 0.864004561720724 0.874780564575006 0.800315092235194
"cg26852712" 0.786562072722719 0.157253412588491 0.413917291728821 0.910764072078752 0.916511871309796 0.78199438124376
"cg24662823" 0.908489484459384 0.165813227378411 0.415412086134032 0.895540975008729 0.901148166684016 0.721230865229693
"cg14522718" 0.928768006169705 0.148830829502284 0.223082533874489 0.91585083703879 0.935920742060939 0.734884973531476
"cg05705140" 0.78257603147435 0.128554431804883 0.312107748061101 0.889589607556976 0.897867592816688 0.755272993596089
"cg15114607" 0.852138461558648 0.144974619465431 0.419050944039255 0.862431806468828 0.85468392940107 0.705648752250821
"cg23357533" 0.898039843673772 0.205362796080417 0.472633085480916 0.879301168709663 0.881201748796998 0.869929649645574
"cg25486399" 0.8576969302477 0.139443631850044 0.420904802593961 0.778874786646526 0.803409454862033 0.806690975251608
"cg13651908" 0.866121621227821 0.146680793129441 0.373170708648583 0.842931613225658 0.85327487292092 0.758808661739666
"cg11157440" 0.894708489852474 0.25323422588631 0.793135522347526 0.854496023927764 0.857584162442317 0.831020424047707
"cg18735089" 0.891446047639219 0.151546114396396 0.226255879870933 0.905318458441809 0.904981041367 0.759116138587614
"cg12353788" 0.87818509287805 0.159326199059684 0.362744713175905 0.83621816721671 0.862373165827608 0.797495200032524
"cg10837404" 0.91555483311536 0.277159749504978 0.704144276950751 0.907251629407098 0.913839609145886 0.887355004209507
"cg04340595" 0.917507424770233 0.0919108532799019 0.133447313679074 0.904067572802522 0.925267047616076 0.473201888654548
"cg18650518" 0.892413838658719 0.134599112364115 0.21449374981935 0.892817955984005 0.907111686552632 0.666563583373084
"cg16193207" 0.876214508541496 0.159620410164281 0.276436766392064 0.870846910692547 0.873198461279808 0.810231818756532
"cg13750061" 0.8758424130049 0.116301394336508 0.104836249375394 0.873509810861664 0.872374902930286 0.745421863804213
"cg22230912" 0.887082829209703 0.136164258854104 0.23776838900687 0.787641668876785 0.871997542562356 0.78818204351482
"cg12297231" 0.918341359182183 0.223839900762503 0.577497286594421 0.905557393078757 0.898906773438504 0.715731511822418
"cg05074138" 0.85596138802727 0.173304163302222 0.407939421506746 0.848829989389044 0.859933419149209 0.786819098228567
"cg04347414" 0.879751094854612 0.18973672474146 0.2714646610843 0.90111997570932 0.924923876365369 0.848037478798252
"cg18758433" 0.868779533691252 0.1184681543173 0.214103484097138 0.896205430184069 0.832676514579545 0.641082236013992
"cg20661080" 0.855134916934346 0.128883282317185 0.213229131224398 0.862642372505054 0.856693355794159 0.721353744162775
"cg07545925" 0.840551846930654 0.0930807836237869 0.0792946992847579 0.875544212968937 0.882220012828955 0.640309916916927
"cg13992008" 0.730497143873104 0.12830697078818 0.217550011212 0.858845837212218 0.87501718332721 0.820176252486116
"cg24441810" 0.79366566797905 0.0983024450603072 0.10259812782002 0.857814523931706 0.868245923230548 0.715622786846186
"cg07110949" 0.923716151408835 0.254131893042088 0.372776852978731 0.956660489656472 0.954782064601426 0.920236283964811
"cg16775598" 0.885314554320893 0.165023472992853 0.246135059574157 0.870361414763127 0.874270121731209 0.798660824822762
"cg25599673" 0.852838638584665 0.205556794198242 0.441641804398647 0.869357614055381 0.858004571966151 0.86934223595099
"cg24841244" 0.889746620266004 0.112551697052501 0.0890103134697713 0.864735784865545 0.872736883876284 0.681005494209193
"cg01490728" 0.82878745577236 0.163910723825077 0.368687004063536 0.836292684931139 0.84629571243553 0.795555519477724
"cg09526469" 0.637613311432462 0.129954278396175 0.376657338352864 0.867843064385807 0.868303480533113 0.75658004939473
"cg05070273" 0.901643140674293 0.251529613658696 0.564646052424386 0.890848772523663 0.890952839901396 0.870849249090815
"cg11710595" 0.893904468982582 0.242388858133873 0.617324371629177 0.887022439937381 0.878311737959369 0.784659988334918
"cg00620024" 0.882430525451958 0.230234522020359 0.511084766084997 0.890012003959946 0.885089498510294 0.828931875780472
"cg15564619" 0.882647576947122 0.0813138706108363 0.269821433030333 0.674895275039403 0.572340098679845 0.856176417458121
"cg21099332" 0.378036383814425 0.659819143838641 0.519687052462768 0.0632626686963899 0.0721122209970541 0.0674062926518889
"cg26806779" 0.292084348002082 0.840084390205494 0.74961392106448 0.170709062151274 0.158289177465398 0.604411098502282
"cg21400549" 0.510951288166729 0.746772374187446 0.518819577054986 0.143140763897479 0.100789149118747 0.196460144142353
"cg26564117" 0.605348208627925 0.784107810805858 0.665789562440511 0.13477703554716 0.113555507178862 0.135643949863508
"cg04776231" 0.144214326750041 0.701277832997196 0.771187431377845 0.0829956043377701 0.0702415406622443 0.192556090035353
"cg20281375" 0.220427645959288 0.751620534989722 0.73131481076893 0.0886423369890611 0.0792352865109757 0.397410704835392
"cg26501007" 0.141328259751629 0.753872058282012 0.626561086236544 0.417152706471689 0.151084936028808 0.149030999318968
"cg06760238" 0.536701335630444 0.804611857463919 0.765777973214122 0.110032480653271 0.0876205861444928 0.245288211464849
"cg04905719" 0.0675741728381794 0.66282869218766 0.689944816766246 0.053756934864091 0.04159474319285 0.188161187315551
"cg19548859" 0.101275701669607 0.793706956465575 0.767495458086827 0.367722651655542 0.0757340494255355 0.381004050620651
"cg14510299" 0.13607831641108 0.780904189948238 0.765450098504831 0.190131194057069 0.0938310957548392 0.431027960370738
"cg16602097" 0.197256914255601 0.785383467801677 0.745661821226914 0.111811911226537 0.0871032123985996 0.49652497376505
"cg27027151" 0.0723467405898298 0.663599934384097 0.364137838868054 0.208288110869456 0.196380968149294 0.149637869629214
"cg23570245" 0.0997305572099859 0.675664082355564 0.620635578831214 0.0896212080739567 0.0827262311964321 0.172659807595557
"cg16922167" 0.243059625584686 0.808188808135922 0.808085286906651 0.136667390342678 0.118177776809614 0.430832432969251
"cg14134003" 0.240373218258352 0.649417239195061 0.458838234158247 0.0576519458944937 0.0597633203707634 0.0922407626966307
"cg01233897" 0.0733597092317049 0.704188714074057 0.65956211420049 0.0977517183686335 0.0857963339599237 0.277335486412958
"cg19369955" 0.190811860816722 0.763632375092515 0.764945890080362 0.0797743610272257 0.075263114735203 0.376592638443454
"cg27485845" 0.308302369040609 0.78069486133084 0.528106971859736 0.44046392375471 0.127288419485652 0.124336152667665
"cg21593001" 0.229916505847267 0.788875293722702 0.835225444901122 0.113967826792144 0.0864271500219197 0.31560694745749
"cg07598385" 0.230881245121584 0.69803065375779 0.577633378633778 0.08182588265172 0.0564025092655599 0.157077139212131
"cg21360910" 0.101580544406728 0.72298303947839 0.575044742280542 0.153007406327221 0.158579268181088 0.24222163958333
"cg09169413" 0.090199737680246 0.805960384390263 0.796537989379531 0.180365866034018 0.0952381193146347 0.47878721256972
"cg01231183" 0.0841845723679177 0.792319287429349 0.763607538716873 0.127524483379261 0.125294884780556 0.471261517581379
"cg10099758" 0.12088330648282 0.712022470895671 0.611542289431915 0.179308803415642 0.0919338715749827 0.141827406198986
"cg05228359" 0.0643070022288659 0.71990913145657 0.670505859847104 0.057162535874982 0.0553962989740407 0.353393245213679
"cg11787160" 0.23723332225393 0.867846309940092 0.877758546226244 0.209094785810694 0.193880203945022 0.415588168074319
"cg04742550" 0.445598761631221 0.660038582919309 0.28119740808415 0.0338225138021505 0.0333069351186147 0.0414293176598341
"cg09037630" 0.0480511058372813 0.65715966391465 0.601895581877741 0.0657821662307628 0.0493960919783544 0.0794877602053349
"cg16097858" 0.0853606943938444 0.723537611217762 0.681763332862601 0.0870576132641409 0.0878454963777763 0.234715614619717
"cg27058988" 0.0527873292358745 0.680252244450105 0.532077628500188 0.0530869289807969 0.046590800447203 0.260359948442845
"cg07837085" 0.418309359310224 0.761383845565944 0.563991132389868 0.0994747454737645 0.102265921366202 0.128291423337854
"cg04244970" 0.465761643588118 0.745524899026979 0.515611182995122 0.0759638143534415 0.0759022041666726 0.095267554464982
"cg24049629" 0.186884102904757 0.687059667680479 0.507862722876947 0.0792125583952038 0.0873073785677942 0.0810363799556149
"cg25978218" 0.290689776307551 0.732808362916018 0.62652830826219 0.0749144638574514 0.0943586769996058 0.0658750895539339
"cg09662852" 0.122684780431766 0.689257009313675 0.56854110067049 0.076278818904384 0.0710617292173971 0.0962185856176257
"cg04642300" 0.136018411875466 0.687951192999518 0.584938856707716 0.0618816750686025 0.063192412056513 0.0729193166373427
"cg19628988" 0.263098914372203 0.791725367091863 0.746603925363835 0.111890498274691 0.0706956632794736 0.236752101321577
"cg06650256" 0.482213291114073 0.844386493609767 0.73809081686537 0.0874034300229395 0.074716772297298 0.286451860379427
"cg09885622" 0.330484970415801 0.844259936246733 0.733605413800239 0.267291424802402 0.149555327181864 0.143436732955263
"cg12465678" 0.551427007313923 0.841856566519754 0.716507843845587 0.108073201429861 0.0864896529884013 0.118116808781978
"cg20455854" 0.144241572190416 0.767534422401552 0.682151793150162 0.0986084294521071 0.063887756799198 0.233571193081023
"cg25729350" 0.0906118447543316 0.710387581612902 0.511205182065222 0.0911750950844644 0.0762414139138789 0.136051021692649
"cg25394505" 0.174172689087653 0.788519385025234 0.720871872302397 0.139955868844551 0.108057428016135 0.149300831442003
"cg13448978" 0.1195206998892 0.805648579011447 0.787736209525918 0.0811981089913837 0.0478598544124381 0.356951517542505
"cg14181576" 0.0724042035136774 0.77656224172123 0.765972216992581 0.0664318689635823 0.0478166562227886 0.280967574316025
"cg24457026" 0.122022188229588 0.782983342057911 0.715136955305474 0.0759483505947834 0.0638315652410789 0.245977855377502
"cg07785552" 0.0782368218031417 0.766281360728688 0.649606425766274 0.103907981839467 0.0823330606662587 0.212413192053569
"cg02380585" 0.0454190239901059 0.779661405561713 0.808304306140907 0.0579160676199651 0.0461530804862617 0.164379650607791
"cg13468685" 0.281755603745279 0.831441579457365 0.698010983538469 0.0872375271646137 0.0883130583097788 0.125826864075934
"cg25939861" 0.858585248409516 0.723313452227331 0.0935695338781179 0.865140493354788 0.848438918259888 0.609169952626971
"cg00219921" 0.892654676040906 0.776387311264329 0.157348512239278 0.876168023716976 0.883480844453589 0.787338405824058
"cg11531557" 0.868665270455349 0.622475606697452 0.170079992210425 0.862134608184251 0.870006508443991 0.701949879227733
"cg14094409" 0.879157384944242 0.392202717913916 0.0829283207402859 0.937802701361085 0.953483968137819 0.25353795187229
"cg08777095" 0.90208655571795 0.396777760678189 0.15400406547317 0.895203441227469 0.899245728931879 0.685398579255113
"cg02324835" 0.864647526106873 0.445617129959353 0.14204572061848 0.861197085278195 0.85471670013567 0.670814428855799
"cg10977115" 0.892800723848183 0.353791947013244 0.0790462602419257 0.882941991326304 0.889278326378003 0.32446494948947
"cg22512531" 0.889673786051516 0.394402141666501 0.0811003069714918 0.8824384469383 0.883350170980894 0.293077644387661
"cg06164961" 0.894937767419853 0.112508509178814 0.0845613256457631 0.884282313646718 0.888665140388531 0.567349375886611
"cg18174654" 0.850734311819496 0.790582729195379 0.259340632137404 0.855681719652111 0.840920377926101 0.805786747921066
"cg03030267" 0.812879980564004 0.453874493314965 0.137844855577627 0.865731369134885 0.876769397806296 0.458895319261617
"cg07930673" 0.873582124956589 0.121427297217445 0.122126019783318 0.860797958635012 0.86620199100816 0.675301184276522
"cg10111816" 0.8224127196686 0.110427067414049 0.098533422538399 0.811328407478733 0.848880811033716 0.676813006300182
"cg24612198" 0.894920536060593 0.155371376257908 0.141814835526718 0.889620860581823 0.891171358132075 0.647830069878095
"cg27470208" 0.857520339814736 0.137427135446071 0.0748623092356343 0.862970352082915 0.862541153871962 0.387424829511786
"cg09232358" 0.876667851240463 0.230850770571812 0.160412372938574 0.856534722621536 0.839148925588316 0.741382248980903
"cg06419846" 0.953395773419201 0.906078405799083 0.384662546834074 0.948693171483903 0.948380131922107 0.901808258230705
"cg25535316" 0.808996611639226 0.638460005503236 0.233475011508619 0.857145257775097 0.858869639283919 0.73501648897374
"cg07728874" 0.854468353808862 0.136262868544952 0.115772852860338 0.832878886023747 0.848597237569164 0.636940753365141
"cg26518932" 0.89451819539981 0.309115340718953 0.175762414476245 0.872865292996999 0.895096548130366 0.631694852799755
"cg25643644" 0.858125988176718 0.116834550524921 0.0967528110447811 0.844658036809297 0.84778125468955 0.511969406155158
"cg11210357" 0.825457120672366 0.127653502721539 0.125839321579748 0.853731219587298 0.858461594114524 0.662724005812768
"cg23825480" 0.879492593432484 0.0977127475379319 0.104465859076509 0.840584028552226 0.853248309721604 0.523279251377801
"cg14506192" 0.874779133907222 0.529464493272933 0.154487117472415 0.883787217610687 0.880786364939314 0.249858634289287
"cg08338281" 0.750916954202081 0.124150159194531 0.131646909818789 0.881092855451041 0.867105246619224 0.717655595708687
"cg04759756" 0.888454397296856 0.394289286441973 0.196831008546082 0.874095115985132 0.887822780002799 0.608048885987573
"cg26137915" 0.867199879632876 0.12044642946159 0.107223219572544 0.861165108012265 0.862741960394792 0.487722402082161
"cg05160234" 0.848299077125861 0.137099893116857 0.124127951239307 0.822481640853256 0.841442455912517 0.644059356850944
"cg03172657" 0.903441667670443 0.154736114063348 0.0717492454891692 0.667302062159769 0.683885419880391 0.618420303871089
"cg08418872" 0.954683359737427 0.574793449753827 0.208642713390325 0.875701602581853 0.916641855207155 0.345533874790185
"cg15880738" 0.828399867598373 0.132456996461052 0.115042354839387 0.832265849156011 0.835410224562402 0.581673107852101
"cg27111890" 0.882737560485298 0.174023258831485 0.168470786687921 0.843561654903389 0.862404466000572 0.714115665671923
"cg03254928" 0.794995189789198 0.109032847451542 0.090549104968683 0.777932587539727 0.791642045405596 0.611077559888073
"cg07016730" 0.741884131145582 0.699810494351883 0.248294904516567 0.851855543471806 0.863942455865858 0.706976244036391
"cg24150662" 0.916494011063898 0.272631705023205 0.222701714407852 0.929214662682098 0.946368510001305 0.663796336585354
"cg27316811" 0.93470902844935 0.527308594449475 0.320473682428084 0.955558700368204 0.954479662948009 0.849358925594997
"cg21773646" 0.885533221953901 0.142769358624005 0.150239148952458 0.861039383413424 0.884470857051105 0.5892943545426
"cg02598071" 0.872714115882601 0.497713798671671 0.252455368127658 0.850238659429928 0.845447464698553 0.812742270831808
"cg24961795" 0.791146199653517 0.187693078753663 0.141502737668794 0.820448191099919 0.806320808465959 0.703420716519344
"cg26033526" 0.650746665695865 0.193907865177013 0.083992733589182 0.836024809677176 0.849430951722725 0.474596968163492
"cg24456340" 0.889599525669664 0.393452150840463 0.135895936054235 0.852424708484658 0.86602431502412 0.236131921286476
"cg23752651" 0.922797948186156 0.635669375222992 0.209058707139794 0.832802428832364 0.88055835957537 0.332939552581201
"cg03318654" 0.70725550836859 0.702076011945295 0.184605453755543 0.717281481112524 0.709409388683148 0.670794608338255
"cg19563510" 0.135302507700605 0.45242968663936 0.624933812882118 0.0614811790990075 0.0359397524088763 0.247739069235458
"cg18067859" 0.249728619529317 0.744612001981179 0.78591974740786 0.206830247185253 0.194574118732581 0.33219295109687
"cg08691775" 0.157537563245678 0.670751262483719 0.738062260996124 0.118578938453654 0.0653605913605308 0.489199529435721
"cg20545410" 0.0982440903882095 0.759055927249005 0.775517193254038 0.312054587710605 0.118201788019769 0.383277605353159
"cg02470008" 0.343426030728046 0.665859002191329 0.767096624020611 0.0740185080210916 0.0726396165209185 0.475059270478552
"cg09914404" 0.357601708285485 0.680159906558292 0.727431606779856 0.0788738074127292 0.0848286218065659 0.21343948766356
"cg26681770" 0.200196380748818 0.632667549112724 0.666697902041906 0.0564044121008438 0.047976932045863 0.163225042494297
"cg23073974" 0.121801090261417 0.58639500889535 0.751954530386185 0.112780095467277 0.104164546713075 0.625059339954352
"cg13247398" 0.120158893131232 0.373437149139369 0.624283056042273 0.0834182132464023 0.0660864668915902 0.244246823577802
"cg15929395" 0.360640621372621 0.761115864477207 0.843460021794144 0.164173920895335 0.133870063408727 0.571420640689846
"cg01620165" 0.304070682912841 0.691133955249848 0.773756890425675 0.121738284155138 0.117888512572692 0.396632797883534
"cg15244101" 0.322073938607754 0.611360402797115 0.779734946187901 0.0841618428719736 0.0758953086508605 0.576742316554495
"cg04354393" 0.0853383580665247 0.446286515125744 0.634313137382513 0.0964175578120581 0.0738637342274041 0.199758032805921
"cg23513930" 0.0406457375258268 0.563808525160322 0.677960057722665 0.0708111536000978 0.0409327832028434 0.414741312110202
"cg27664496" 0.207351628408502 0.747217127439195 0.772867573548501 0.168946816860535 0.158511047424337 0.305884328884101
"cg19440734" 0.0631845777227984 0.423383766300664 0.629841654333912 0.0687629568764512 0.0669711575056588 0.245415855567834
"cg14101485" 0.272858275960356 0.7041279075883 0.776792042748059 0.112307113662917 0.0803245850934365 0.41764841515415
"cg24484138" 0.283822570301706 0.710108301928704 0.802249537420603 0.0951576735933492 0.0796618338393074 0.552354208512582
"cg00188748" 0.180915272362689 0.625678520426258 0.764367024982657 0.0937273484351805 0.0819600315700259 0.548106118317673
"cg21340621" 0.347463309209743 0.563612400245972 0.761254315809279 0.108141361819536 0.0771469540211454 0.403624922771618
"cg23018755" 0.349422835212967 0.727537518620582 0.837150336886591 0.191552885186691 0.165735868514126 0.434589440812015
"cg12118504" 0.109305610070799 0.6591483213916 0.766398465165606 0.11271319960735 0.0955030233430897 0.545215095217085
"cg22948808" 0.251076889708107 0.632362186195549 0.824030393374057 0.242073841727888 0.103822640856523 0.555463079615816
"cg08243626" 0.303440921653244 0.694701820974341 0.821009205483278 0.0821533689768908 0.0749627804840967 0.613433992086262
"cg07133930" 0.221437670185927 0.581018826282335 0.762150170982251 0.0756883004261155 0.0714661312556157 0.517716636482619
"cg07671644" 0.0890062622478415 0.602441040858275 0.766660653227868 0.0722758756745727 0.070174418499297 0.656643370115316
"cg00159523" 0.207287375473358 0.778640238581913 0.862601348938187 0.207917497049707 0.186099147524719 0.561119645144717
"cg13443575" 0.0997102479164333 0.561626557792568 0.691468947451243 0.100370785326358 0.068914855177201 0.230659205035059
"cg05875463" 0.233888254332972 0.739575059450623 0.797948141310233 0.0997726687493041 0.100231929954512 0.425852907325479
"cg19118951" 0.292175860423572 0.619390243442006 0.807169248028813 0.0708338312778037 0.0670584067276114 0.604393824383585
"cg23379806" 0.0756492382649352 0.751998007069567 0.775761662072945 0.0874010726787617 0.0753593886954096 0.470320297513862
"cg15381475" 0.166237842804065 0.610522299517661 0.736894178575482 0.0574207696891527 0.0351876897617547 0.380217068112994
"cg16403565" 0.0787591927503212 0.701785095764981 0.774144423503364 0.0881606957091596 0.0772901459623702 0.492700421732743
"cg07799277" 0.133602737810249 0.695247284224839 0.802993617522416 0.0959732414676076 0.0861388157609131 0.568494201322409
"cg20048655" 0.0854484714316206 0.65152059242787 0.804578943112959 0.100438487062329 0.0956378009340174 0.648823059120334
"cg24902461" 0.109988302742333 0.745975857648124 0.797794653450399 0.0957830326741054 0.0867943958928573 0.461875142671431
"cg27097542" 0.322062201844274 0.802370204471972 0.855917578803464 0.102103010676087 0.0874799616204016 0.470221421237697
"cg16563370" 0.211865063541966 0.728157058013366 0.798038163309436 0.132208434183231 0.132542798084843 0.258820178484437
"cg12426092" 0.172760441279776 0.685619670351824 0.781092323909765 0.10481971307668 0.0896923921631499 0.33221766380686
"cg01543184" 0.3777719700653 0.826237000071313 0.896813522104217 0.134502973799029 0.106924992022072 0.461439991715699
"cg25025181" 0.194128610810581 0.788773331373372 0.830194164211966 0.0738105680805606 0.0575225095840792 0.417974756904222
"cg23582982" 0.309476683483232 0.84134319890626 0.879909939692388 0.108919420019123 0.0772125874494491 0.432798849680368
"cg25711558" 0.0783324371180729 0.713247710245747 0.801619818347807 0.0730954535868107 0.0551142719622419 0.375062822730526
"cg22193912" 0.29199438739081 0.743286607374012 0.861797556273492 0.0990582194294452 0.059042174798195 0.376854855080327
"cg05398700" 0.939690424814226 0.951007103752345 0.954536228634145 0.0994373417715963 0.862759101753548 0.923855935617617
"cg22381196" 0.926840430216409 0.923356957287823 0.935339563939391 0.0718012234512808 0.71229284989726 0.889251011617605
"cg25739938" 0.896368335147629 0.899681895927082 0.904081078870015 0.0986811458014935 0.857876021015639 0.864421713420469
"cg00705730" 0.890397747545156 0.883172188413194 0.879067703629273 0.0916612783841163 0.829013317235667 0.860229919941643
"cg00660167" 0.954343825640259 0.953094234694761 0.955255900182512 0.138198827488392 0.784189416334841 0.931618423539835
"cg06270401" 0.898301287804966 0.896386205907209 0.884580138843818 0.0894576460896546 0.819104823840317 0.823975881816748
"cg16802439" 0.968351853562912 0.962073039654372 0.97599415746654 0.134078061173691 0.732824076532269 0.890443990835161
"cg12483340" 0.890939882224846 0.890360647735904 0.892419062237251 0.0887264252230245 0.755885434748288 0.851978202076003
"cg08253808" 0.880246133582298 0.894787954665562 0.904178976105534 0.081849197546268 0.702145010176142 0.85774014181508
"cg19037107" 0.898204543973309 0.901841370910055 0.890775620715358 0.114587139913967 0.837392417169068 0.857797271806968
"cg05936004" 0.900546517701414 0.906433292361626 0.903757986499485 0.103405250601712 0.777782481475196 0.840931095719508
"cg15878616" 0.972672573343637 0.96374753735529 0.981726773957329 0.116445086351434 0.552767027625278 0.930232968954643
"cg01692842" 0.866388180511724 0.872868288721536 0.863107818824163 0.0866430012755231 0.806206642531736 0.809949336536841
"cg00439981" 0.916073453524748 0.907489577038425 0.920991338953733 0.0775539321934373 0.555435761466572 0.87655719440136
"cg21685770" 0.878130841904045 0.895542989247847 0.897457445181786 0.0878495527546688 0.677506185794009 0.852326303438373
"cg23819411" 0.93427626863592 0.930376069033723 0.934091593337938 0.124115919008423 0.701609469278197 0.878365131722456
"cg03340036" 0.875107009969299 0.878691438773823 0.888878890153184 0.102118798483867 0.74005708094666 0.867053603746036
"cg23169883" 0.966355804316431 0.954119239573277 0.968618850899535 0.0869324137213282 0.365870429922329 0.92846092013392
"cg25605731" 0.910924958603278 0.94880888173646 0.949220940751673 0.0855729150170268 0.448254595040543 0.911522684467079
"cg10611016" 0.907941520606116 0.90855780332681 0.911694720493571 0.106872694275167 0.655748132666132 0.878020844403348
"cg08154963" 0.867989674952866 0.876315802255138 0.873330734753641 0.100487923279887 0.770648309007008 0.816043014519459
"cg07409471" 0.903821948129958 0.900425372424623 0.911395066262661 0.135455946524554 0.795415260819014 0.864195453701758
"cg11313468" 0.866720724378436 0.867823930244454 0.862937482032688 0.0957550000609511 0.753091631161886 0.808722695190726
"cg13468144" 0.904240881311681 0.879061157217393 0.899210232156796 0.148824764083255 0.877841930603168 0.853798764082631
"cg03637218" 0.885112912733312 0.873144099289198 0.865554433268886 0.132030820659028 0.850665660495247 0.852030503078921
"cg13595556" 0.909453826199574 0.895440695110822 0.898156909935458 0.0929181682528308 0.643637924924684 0.787487808398395
"cg04609694" 0.889658148850333 0.888439211385942 0.894377905081362 0.132875979678398 0.805124385600877 0.852789058508373
"cg15658793" 0.912114192652285 0.927135387603501 0.904909387115451 0.118100717909782 0.680814802914346 0.823573605904123
"cg11014468" 0.901778754605279 0.897934866937868 0.904941175095645 0.157537200790948 0.866671634993352 0.869107133498808
"cg17852482" 0.872845897980491 0.88117573544056 0.875528562934296 0.121063699814175 0.812319340730439 0.815127682540026
"cg06526020" 0.890607126510979 0.873801591359084 0.886632207116255 0.13650993533101 0.823283456346339 0.858432142801001
"cg21792134" 0.918816543514364 0.919412103503245 0.923768861699426 0.175138394371626 0.855198983162714 0.888709076763911
"cg07790752" 0.850504219101301 0.864930927369913 0.824818302188276 0.0830778036662686 0.738124180508181 0.757576817225519
"cg01040749" 0.887479481350392 0.885713623861865 0.88604847982574 0.130361874923062 0.748268143733371 0.860615380705595
"cg13396713" 0.899043966388736 0.882801261812958 0.905520568939543 0.0862057548048333 0.51233521361701 0.853396324122646
"cg19460836" 0.874290737882076 0.87013889035106 0.872800909690361 0.0927431886453646 0.620825713347685 0.840117959094236
"cg04858164" 0.888964076636018 0.877055155141205 0.889409479662363 0.149692715805118 0.827411972430698 0.868948000334701
"cg05627557" 0.843037119227352 0.853801966220118 0.850061259487376 0.0858727419321498 0.677625398115922 0.807755686134937
"cg04855678" 0.892000546172962 0.902667615754096 0.915066064277222 0.0806755173015914 0.502244739588232 0.785376594302797
"cg09342997" 0.861911428230339 0.859874887415397 0.870021104689165 0.122581485203985 0.75878916767993 0.844519818939744
"cg25600606" 0.911615256063723 0.907935368940782 0.913065095769887 0.1751236397586 0.845835989590567 0.874880756896336
"cg13785123" 0.957829686704814 0.952549549637846 0.961301219745971 0.207131687806753 0.800119693002109 0.932567055452275
"cg09535475" 0.862417563104779 0.847975897210779 0.859768710563075 0.0977547672780338 0.656193479535848 0.82446189455633
"cg25968394" 0.878824656415216 0.887013370812774 0.891016854984377 0.131811272186852 0.691031194499746 0.867833092270363
"cg17442155" 0.861905392206168 0.862492736883366 0.865640390746479 0.109529147718203 0.697741740546906 0.81378673023547
"cg01699630" 0.873071600962465 0.878892381358589 0.877510985225881 0.155792740717151 0.853257828897061 0.84245425397643
"cg12157761" 0.885446157468982 0.868410900426744 0.876740022477 0.0913825791583304 0.557012140212808 0.820016808256993
"cg19055828" 0.875768556234411 0.866664267733843 0.873537285588144 0.0942077266793498 0.563073169690493 0.841924465033056
"cg11070172" 0.95730537589356 0.960431078363185 0.938653381269277 0.223290272288183 0.886297398122493 0.901956202005597
"cg12809098" 0.905837510733772 0.899187764857194 0.905554459116019 0.145997528678251 0.679993071196892 0.873858993186882
"cg27183818" 0.0655503116193034 0.463256490559256 0.286732435819195 0.876011168466441 0.868290848282034 0.150702774162654
"cg25050392" 0.391509227520597 0.143573767725156 0.111160705198281 0.847748627781797 0.838509818636813 0.200323872195491
"cg17078393" 0.140137099421413 0.193421952259105 0.123516010863885 0.846258232993306 0.844974799810619 0.386479764102171
"cg26360197" 0.319076511243323 0.0940075212610144 0.0524348032967656 0.77691678117495 0.71995141509532 0.142606447535262
"cg15474337" 0.0755788483177483 0.261401261663792 0.250475420469764 0.672935019382141 0.0936040035860108 0.154048063057814
"cg10145533" 0.0733130573169879 0.0951195878646736 0.0596304755203042 0.728688219574561 0.696177206361092 0.163867782510276
"cg14165142" 0.259757367446603 0.109871067508565 0.0663117169140836 0.812725469108483 0.823225829498813 0.240698439070357
"cg21959598" 0.212525223500155 0.227998360175948 0.280542305864511 0.852111666638065 0.825359359218325 0.144981128910428
"cg16108580" 0.110921560008248 0.138783261578822 0.0994846038242173 0.770242932799848 0.763228658692782 0.164712360019877
"cg08622666" 0.131564869701055 0.289678585209634 0.142340223494999 0.831909886534614 0.825482598581354 0.188632958277358
"cg24216966" 0.208306451067615 0.197449024030784 0.145414226539412 0.861227559706584 0.846777902285498 0.325147713507305
"cg02212836" 0.114020426889104 0.193444081999477 0.258117810865822 0.745033470738425 0.213677776277282 0.385690093474669
"cg16280132" 0.284285505517464 0.142677588587185 0.118878558557695 0.906549191967977 0.910050707057102 0.486520633178521
"cg25140783" 0.362811870870951 0.101271234728587 0.0671808379688829 0.812436416732016 0.776767836530494 0.146698821201658
"cg03728799" 0.14582484812697 0.124730076137156 0.112100362063714 0.81969808696852 0.799021315008038 0.320931574200271
"cg17479280" 0.078026854743149 0.664756048419443 0.471802408327552 0.909445109590469 0.543781026730392 0.17426873239688
"cg00795812" 0.292543327089949 0.0973934025275588 0.114365684025836 0.760037728321213 0.284867407182435 0.40613678671903
"cg14480046" 0.214836396701617 0.135619002602558 0.0986102974798409 0.876563157435598 0.823702957108034 0.485910944500316
"cg06208288" 0.398127338107949 0.176442304843894 0.123029198604346 0.888859989995718 0.915265626842976 0.178623893925206
"cg26341831" 0.0640325199962159 0.12925946754876 0.0556112005764338 0.632474612169126 0.184025968285032 0.103255223283497
"cg21999229" 0.0681450767567298 0.134901592735712 0.0719178071485639 0.779600827217485 0.779795309890193 0.198273219829918
"cg17587997" 0.119638685656065 0.314092614614293 0.215891960039747 0.863395663761854 0.864074606583988 0.145927630043457
"cg21830221" 0.0836070152374144 0.138247534743725 0.119637969264875 0.792167583542542 0.778604428537642 0.179424864651315
"cg26106166" 0.163862204366759 0.155424312598144 0.120802321221789 0.786657624309491 0.673491967784849 0.154961616959186
"cg07706695" 0.197766592681106 0.0801200509724887 0.0400030089931454 0.776507875238396 0.754866992584203 0.133625121775024
"cg18920397" 0.212369355854402 0.119360045174425 0.0684410382174424 0.781586233035246 0.649152141571945 0.182397559044777
"cg12810837" 0.0635909318605388 0.0794410130501208 0.0533660846401958 0.737634504441936 0.664062269423521 0.141419428312183
"cg26348243" 0.21716409106085 0.11989964812828 0.0888226350176364 0.901742217828451 0.917890996881953 0.475130951705702
"cg07018090" 0.0381287199213271 0.559679583431469 0.557048381923324 0.883381652699734 0.172605147305301 0.42676082192582
"cg27051683" 0.40600404575317 0.124399690305164 0.108160652309574 0.856179596456009 0.49613760561265 0.454079048396644
"cg21359303" 0.370780384508544 0.122714739242856 0.105943841396888 0.897391574142889 0.895094521412577 0.243536419059152
"cg23280720" 0.266649019527367 0.0829730715830001 0.0630817975638222 0.814632902484399 0.604271961121623 0.322618713094251
"cg18148314" 0.258691547461135 0.119493939844087 0.0667883879331315 0.840245290313843 0.83785109739048 0.156610035864542
"cg14437551" 0.0674285614982201 0.115422576272048 0.0691245960349291 0.788214315006286 0.772091178467588 0.138748434092272
"cg03526142" 0.390118987899027 0.0940942770650013 0.0494413372808278 0.849336437912421 0.798099125288955 0.11794360957757
"cg16219283" 0.116694639460357 0.167367843338328 0.124118304119663 0.864530115482874 0.854712511531301 0.261448491422076
"cg14441276" 0.0698749586356716 0.116413905346687 0.0824266287790711 0.816948154188503 0.825208126584167 0.190128539527646
"cg17161520" 0.0718688124368188 0.117809146351346 0.0687255307421515 0.808904560582652 0.76220908328781 0.214250219346234
"cg08169020" 0.410751929211949 0.09312052186569 0.0515995552806968 0.892899000905144 0.901053859285955 0.169856452187284
"cg14597739" 0.0766548199529256 0.145875566724526 0.0866978489871482 0.845227047574151 0.845964289244993 0.225036181439897
"cg21201401" 0.196641699482458 0.0784820379828683 0.0597959108458618 0.811776490568707 0.748653346742525 0.103331588133827
"cg20805133" 0.226577274771406 0.0793001051502537 0.0405221033614891 0.884007308215615 0.86468430557557 0.302475162607179
"cg11316887" 0.123220009182228 0.193471969618301 0.104809339748222 0.863967196320921 0.817791773573593 0.159324969722539
"cg17169196" 0.0976934790975925 0.160226022001676 0.106586895819569 0.883990861815049 0.870324915318107 0.261242126324031
"cg10699171" 0.165312444769381 0.105322682575595 0.0914706718211017 0.811384761314552 0.545938882623531 0.145156073578795
"cg11354682" 0.0607619879887701 0.4226953373615 0.438887035191114 0.837363356556355 0.121132216516815 0.12941010610229
"cg23954655" 0.0822575647946141 0.0786898214501389 0.0833655766188256 0.741356371063978 0.16378343177272 0.185286073235469
"cg20513976" 0.208054199219554 0.0523591075668808 0.0211391448665099 0.864555943257094 0.794893278987948 0.0928935032461792
"cg00446123" 0.214481325962149 0.0861594284919515 0.0559847044558976 0.890683562049642 0.826307445321838 0.115618829633942
"cg09993145" 0.140848031948935 0.0612730037987217 0.0421409020325262 0.759662140273928 0.0886482078695248 0.0783828151389817
"cg26872907" 0.942429877125224 0.87966603710087 0.939486591018768 0.932330806512383 0.0957119886062444 0.890454467641088
"cg23244761" 0.965273218656964 0.922649076189442 0.968245032626978 0.961237666103704 0.137653824766063 0.926921603633873
"cg05923857" 0.912330287817759 0.81264296816492 0.92392485461129 0.833061011932405 0.09829809907941 0.873956576358063
"cg24788483" 0.927344765363537 0.8735811709191 0.958989044780302 0.902515301282892 0.159344022364862 0.90707693138062
"cg12655112" 0.883937731592482 0.887994914577332 0.940178379630882 0.724506137319615 0.116431788755205 0.894595344641554
"cg10480329" 0.900562009178268 0.8960105723601 0.91376844435844 0.854641596227603 0.149079630668844 0.889021841398188
"cg11597902" 0.959103950655382 0.921436830136514 0.974217925103047 0.190822802245221 0.046070989850574 0.903995215760538
"cg20610950" 0.90336900251746 0.882185146942605 0.915127236000391 0.567318426979546 0.104423544246904 0.887276691772169
"cg18066690" 0.902468065700315 0.879467887606837 0.901622415038133 0.898851509000331 0.170755635162803 0.886214253361854
"cg13430807" 0.836314860029502 0.847137036480301 0.890010885427413 0.838461759676078 0.134866581658944 0.830509398045266
"cg10278149" 0.837372605557939 0.866991830637908 0.884927857788544 0.694911508985986 0.11905130917533 0.845532361130597
"cg11186858" 0.954552235087979 0.94215527767813 0.979197086501531 0.443332531094313 0.143104179000319 0.92044358380637
"cg26538782" 0.763202511096621 0.860791210552589 0.887402587420369 0.841812149206113 0.141033417958097 0.864533216954302
"cg18990407" 0.762960729625669 0.916190732927528 0.933563406280608 0.819373374503037 0.166388058273133 0.90888567008526
"cg16636767" 0.874755596323398 0.868609931133515 0.893624979624959 0.862709450339615 0.172559503477191 0.861299036995644
"cg08908131" 0.848712019656491 0.830553271658406 0.829820048453393 0.842374718331914 0.128618305935826 0.778170721803596
"cg04468741" 0.897003822475633 0.840975455537892 0.886435061439787 0.827022059008418 0.164485763018963 0.856381808529339
"cg07002540" 0.881070277236328 0.825114675085737 0.874850602437802 0.724282951156484 0.126176830041698 0.804588689770567
"cg10499974" 0.855681599011779 0.874806435351109 0.916910873717148 0.445465696249373 0.0938844810433927 0.852261400901073
"cg09322573" 0.839356648009883 0.862859360918395 0.877254882031505 0.655495936055355 0.122482251439097 0.836923912212002
"cg16429499" 0.515153782167762 0.862014814223973 0.891269101443229 0.869251300248325 0.102966370391244 0.838338908754049
"cg09220326" 0.893870680358345 0.869992926889183 0.897155422394209 0.562795543532694 0.124493671757855 0.854680200425845
"cg12207930" 0.845224355115615 0.849860597767188 0.875441763683932 0.602258798153034 0.112892041709735 0.838898859689643
"cg14109551" 0.899175537273054 0.866797411666975 0.901168339924806 0.72279670005126 0.161635167008306 0.858812413267401
"cg25898577" 0.898640336597288 0.872850102371633 0.884214724976748 0.746065740169098 0.157305773293594 0.820191398341324
"cg00208012" 0.857146679415371 0.863224652989702 0.889610579497575 0.821369012983607 0.167919088229146 0.84420648147089
"cg12422199" 0.675791116244822 0.832934061938263 0.855693056131654 0.848673510303036 0.111685288580404 0.780063389899105
"cg19835973" 0.922899532152841 0.854942789768787 0.903191023967447 0.908543396413214 0.203286102973229 0.856305220754504
"cg22675702" 0.832581921970795 0.823832424307486 0.852407073210011 0.811093063655732 0.142224508948025 0.821347717848452
"cg00288598" 0.942095472661156 0.765077930190013 0.87276529687989 0.757901730762649 0.159295711818937 0.885769092406553
"cg27366072" 0.813394212855719 0.8739995179519 0.887503869929663 0.722133021228411 0.146177121272363 0.845629402071417
"cg01476222" 0.769518141724739 0.868882714288025 0.846432456445027 0.856892868377457 0.140027700066387 0.748788206014478
"cg27059140" 0.884549204103592 0.869890747859396 0.882498352186222 0.448750849954459 0.10266279346373 0.831785624925051
"cg03339817" 0.768476587723081 0.934832962269754 0.962728363113206 0.958190350140514 0.232008088216143 0.928541117625293
"cg23146741" 0.77570713116398 0.817966779737232 0.828052234448798 0.78490677223621 0.118517102059339 0.763771005079019
"cg02861504" 0.863997515395691 0.875153787386172 0.898858006968416 0.440543569023302 0.107789280527514 0.848676556651954
"cg00733978" 0.835856145441846 0.823736453392683 0.819794389707626 0.748967923655996 0.124883129981077 0.762217666495404
"cg24365417" 0.852899233180202 0.833081574141521 0.857352510889017 0.749100410489545 0.143576434308299 0.790648494447405
"cg11327657" 0.945733801907111 0.913180451743689 0.952357850131556 0.075794284877741 0.0683838328693352 0.842543212335558
"cg13093111" 0.824693433364644 0.890038264514739 0.907121424572972 0.405113404063796 0.091123453094366 0.800621251184776
"cg10624395" 0.896199705889505 0.876504244615525 0.9006731595836 0.904710707018777 0.22334675665361 0.869662994301268
"cg18835472" 0.810992617424494 0.83165675772624 0.864962754804642 0.673660573847043 0.132292532508924 0.818009479130394
"cg02780988" 0.77954956212421 0.826871188971532 0.829161901325158 0.830057705242396 0.145615719170147 0.793167182853567
"cg22259797" 0.921949050654305 0.756930027071074 0.874060688831963 0.397736538610498 0.0933836480664999 0.859389774579237
"cg22528270" 0.96025651896708 0.921242813676742 0.965159860345011 0.0841452685348292 0.09191410887638 0.878981403892186
"cg06474225" 0.905555128543586 0.874243196925351 0.888451370894305 0.315575334626735 0.102210279906558 0.862265258011037
"cg06297318" 0.835206773018521 0.822177379398427 0.837209783896831 0.792920681945259 0.158145049641668 0.82098662775675
"cg19358608" 0.873599155854082 0.858697710146486 0.875848618789217 0.477192344707844 0.116914635639467 0.824364373367939
"cg13460556" 0.889026722601754 0.861448552600734 0.900927128323411 0.277315459719971 0.0850593214766163 0.825048607984423
"cg10690440" 0.938509386862954 0.902718724866864 0.933249253294986 0.142653824598769 0.086444755445116 0.846810058527621
"cg12216435" 0.0515027640148468 0.130711484917176 0.0896659280714191 0.616694583210973 0.686433176667229 0.119733821107217
"cg20171453" 0.158484344504791 0.166043303781524 0.121800354962517 0.749420905252157 0.816509900426721 0.4686926238853
"cg11977716" 0.221868567691028 0.114259518020108 0.0750439704288125 0.382660664316387 0.683228377402663 0.195409286271368
"cg03916225" 0.301502138975027 0.126411547468539 0.0894369218752952 0.775801766239169 0.789363138869783 0.167872100409558
"cg21577598" 0.394966625554985 0.0797418229809895 0.0565707184225691 0.816001205566988 0.818049487426767 0.249273572937546
"cg20055861" 0.0695743550685346 0.207488791904591 0.21192038096125 0.842384748183721 0.83992286007757 0.38622473625275
"cg09736959" 0.109575729980505 0.155856319045711 0.0971029299165876 0.771792257039173 0.779498746791073 0.270228827784602
"cg25919221" 0.190705386478242 0.110786274689391 0.0962861581954255 0.784535444433412 0.816461771605677 0.412090082019389
"cg27027055" 0.476779204981269 0.148495449936618 0.0602484976612924 0.841065042972695 0.858497785599669 0.249238923846825
"cg19510565" 0.256368493610134 0.1099359880585 0.0517072101323565 0.768595230760957 0.771612681015357 0.160196211839717
"cg26192520" 0.205159179405601 0.188462885872998 0.147907787592957 0.712816985155844 0.809066255268175 0.270038405342145
"cg23007665" 0.0801717239146899 0.105548719109373 0.0723520706896612 0.663018425564323 0.718899017297746 0.139337980284169
"cg26217402" 0.178020141130183 0.228663287047824 0.200147709991621 0.774655636668358 0.865650004479768 0.390838160930213
"cg14364797" 0.575298092681175 0.145302712315566 0.0620403862260443 0.222091798090286 0.73132642399556 0.0814345829526962
"cg02879423" 0.716709626461518 0.156781343435106 0.128695630990493 0.127461965835055 0.765950324242339 0.128222102214954
"cg24957609" 0.331430012057775 0.18175455764253 0.101430210024804 0.515620258464414 0.771231642832626 0.15041437494548
"cg03961551" 0.271700005225579 0.134120916750645 0.0826362269462245 0.789615261947474 0.814564864530627 0.186233972291565
"cg13554018" 0.0867328672271649 0.206515014534283 0.123251935467961 0.767765815043262 0.790887681248955 0.158234617932613
"cg23213217" 0.502880878397487 0.153016814405808 0.116180403199287 0.167196601679023 0.801828110545201 0.442119685206128
"cg10639435" 0.486176353214218 0.138217293776691 0.112520157504749 0.450150540044523 0.802116112063516 0.130415073266283
"cg12609063" 0.396272630539873 0.10618072878532 0.073708131060758 0.649523897901198 0.814162440656802 0.131737819605427
"cg19097880" 0.0695717228320454 0.0940741277071361 0.0570131523918493 0.697952597663657 0.762140758167926 0.143556439081741
"cg04722215" 0.316492415918208 0.121259102670276 0.0793467977005369 0.789689138844902 0.854614843742195 0.158623149243978
"cg03795574" 0.0846472606205305 0.11353399303865 0.127199700272804 0.104965654698636 0.757495514286909 0.363541564760931
"cg27582527" 0.834101866332118 0.832245122857373 0.631998463006199 0.859379477225731 0.85731713761962 0.102926128882539
"cg12811871" 0.75480657480423 0.960383622203213 0.723836244792184 0.96852113149918 0.965728677673781 0.184501976472283
"cg25383568" 0.935652065411143 0.925096955999463 0.783102403278745 0.947192159258067 0.945862337757852 0.234034677148995
"cg05875239" 0.899765240209751 0.902747112998843 0.81465672854887 0.905807301148052 0.89577499242898 0.212291239760854
"cg06202778" 0.895553190157598 0.875078112733544 0.696037612581804 0.862847714018086 0.835380787074294 0.163741666149106
"cg13617280" 0.881109658847512 0.876400113522988 0.838982480527735 0.813402269411787 0.874412466708067 0.189351980357955
"cg15956469" 0.953242476258669 0.945748738798406 0.818218634961569 0.945101665565224 0.945314052543134 0.257777544729078
"cg00805874" 0.964556206817731 0.967204325838424 0.686661952509898 0.935718370265029 0.947091382064847 0.239943610527638
"cg19066520" 0.913677763284257 0.657643482606274 0.735214983661018 0.907837008944884 0.943551443375688 0.174510987619454
"cg21333217" 0.962734408269475 0.950846597410644 0.769241640070161 0.956917113763138 0.954569245649781 0.263998061974079
"cg03538296" 0.880313834094282 0.876561155314259 0.749662658025193 0.879099956713901 0.875068960199027 0.200656532851335
"cg02384859" 0.878259345516073 0.872468106803932 0.68210392837994 0.891387823893445 0.888480485986522 0.193048571012249
"cg07307830" 0.881116404244687 0.794204523024023 0.647889635924438 0.883565537054175 0.878676402596657 0.168308482463626
"cg05653887" 0.886778984407433 0.865219493159904 0.680357033565652 0.866118015138657 0.872612239801277 0.186136989399919
"cg22749642" 0.867030894103894 0.878949474120113 0.699323984114627 0.869453771112562 0.886294050425167 0.192865715525228
"cg27309871" 0.881202085270241 0.887862291479162 0.726771682376982 0.878052553819713 0.883748876484774 0.206299346979661
"cg02150910" 0.818589093452373 0.860207434890292 0.665694781392522 0.861081551872833 0.867673489821921 0.17432673110317
"cg06040872" 0.901802624854726 0.877639386740317 0.676586071124491 0.828150578414171 0.890347460639837 0.195168632524701
"cg20657709" 0.88064297447247 0.880070136873856 0.726274568741158 0.877758180128285 0.873965807892412 0.209162992617453
"cg13917614" 0.904640823424605 0.940134642844617 0.849107386275323 0.93123680592163 0.918387221065176 0.270058994345031
"cg06022561" 0.847775869331145 0.761190561940482 0.613679876210268 0.798803134917522 0.855911351651433 0.142134514768479
"cg21474838" 0.890977144933586 0.836372582817652 0.696725343669933 0.881984629719816 0.885819290762646 0.209426726486538
"cg21634628" 0.801714052856195 0.806818078580248 0.672746486514246 0.885030858185924 0.883795047309286 0.182503265985358
"cg13613174" 0.892570233579088 0.821440132369203 0.651208231937629 0.817432925436941 0.877354127959222 0.185015724386714
"cg16340422" 0.86337771757714 0.849415910252381 0.658394090047748 0.86889038995546 0.882724931144193 0.198162839225807
"cg18672716" 0.865006271597489 0.855594728024578 0.645601971552545 0.832570797819039 0.852080407101642 0.184066937273501
"cg01940139" 0.887988992660173 0.848009312508618 0.694282096735923 0.883122066796255 0.883156172341408 0.213599358700337
"cg14301562" 0.865419985700947 0.860225026087478 0.700702482600215 0.810187201794074 0.851861057857986 0.192643217426178
"cg12531611" 0.895923482199688 0.884163110122219 0.733432535632281 0.893805041395552 0.881446721588877 0.23417303823177
"cg19696012" 0.877215882171015 0.84833231868286 0.674937669146927 0.876545878229358 0.884373341079213 0.210410978778688
"cg26934362" 0.787063829337234 0.780529074567445 0.544017699911906 0.826848497822715 0.827602658698563 0.133132872891764
"cg26012482" 0.862589679599698 0.777950058948042 0.659785435167691 0.851667502899786 0.867644334555135 0.184209939849377
"cg03708221" 0.822027826209658 0.811698004069217 0.624973473392331 0.823547836551939 0.833854053378733 0.164460381678346
"cg15241779" 0.860038889798133 0.851806620451399 0.732907387006482 0.857694538223227 0.864463524142943 0.2165797328222
"cg00719568" 0.748207497409649 0.856919203795928 0.719864341884672 0.866469054690853 0.86196685892628 0.19382210372496
"cg26227465" 0.839546717541599 0.78113035128533 0.604437945867435 0.856035295248543 0.843136328279796 0.170351941274431
"cg10628126" 0.885859325296075 0.844574989738446 0.743458736060404 0.893596286839675 0.817632053511867 0.226976987811038
"cg24430034" 0.976947053547933 0.968184689113169 0.889183069525809 0.978978806843518 0.971669642098634 0.34834308534965
"cg11335172" 0.906381268778399 0.89293326216084 0.7927914842545 0.877706348749926 0.899284690921574 0.268023759215708
"cg18800235" 0.918397754247544 0.911705553116365 0.798093057479895 0.91012638177421 0.907332629552416 0.283606853059428
"cg13449535" 0.825529213598208 0.782908379264708 0.67198285913547 0.828500512496598 0.829936232458395 0.183499355878974
"cg10796068" 0.846762741573067 0.85627435143698 0.741971806500774 0.86258065570752 0.868127149260146 0.232361473455511
"cg09261289" 0.881582520372387 0.877076467646471 0.744313081901358 0.877176885900616 0.87578910487097 0.249861835265691
"cg14384416" 0.86822883331106 0.860114556936715 0.689278669148121 0.871509451811971 0.860893911672805 0.229879653012975
"cg20987610" 0.841718863041001 0.859213479879414 0.784499688685392 0.886398517309122 0.779282869410117 0.228661218653233
"cg22488278" 0.821772883214857 0.889125584297583 0.742563344639574 0.889199487818808 0.885087467638287 0.245050794192738
"cg15729230" 0.942531730007815 0.822348291749964 0.739678943814162 0.937403043778402 0.93807990887793 0.279293089538365
"cg11978441" 0.832735785878699 0.809626469648278 0.673258571099433 0.875030155137069 0.862872852589071 0.214350995299714
"cg18310515" 0.871488659441334 0.843847325069534 0.706168020075646 0.863757080980956 0.864929625128809 0.233922600733015
"cg26242064" 0.87462412593683 0.867743491259279 0.728372598712819 0.873475928818794 0.886577275796697 0.25007162732284
"cg01955533" 0.0756543211608934 0.202218571848525 0.442307385503033 0.0996599486932427 0.130255529192839 0.591636332477942
"cg06175008" 0.165716916334258 0.436995327875524 0.472509507546141 0.104934168090485 0.135925583066373 0.667790487376824
"cg15356966" 0.247212319798746 0.389483803543243 0.359743953050372 0.0941880667876168 0.0919574201724925 0.643115087003204
"cg06875488" 0.297693621061161 0.451241247205926 0.517414685893235 0.278107001553111 0.191583597879138 0.755743018693662
"cg05608790" 0.207524483488749 0.43783175339575 0.655983291677647 0.237234656985689 0.158002296082279 0.746771956087505
"cg17801864" 0.231546280341163 0.337226804359578 0.501732413254679 0.118273100370122 0.104773993427303 0.669611821202965
"cg09747445" 0.290659054169912 0.295693500440343 0.35660845982875 0.558336856141068 0.539979380594825 0.825278750680855
"cg16893868" 0.107805906252344 0.162035500240512 0.223819341097045 0.0646619175143227 0.0642981497060538 0.540804267775452
"cg15896892" 0.0612646027320188 0.115048610130279 0.271013723655096 0.251313484759145 0.242645379698606 0.605670850449677
"cg25887844" 0.402979751868394 0.213313680292846 0.308537158328255 0.113581243431813 0.168054264174322 0.66409950241576
"cg06398474" 0.171799130719775 0.163574434942041 0.355550227225257 0.22919482972322 0.259919724291911 0.659670481811756
"cg10096215" 0.119556680503879 0.0793094114935202 0.242769850091855 0.0566945348082591 0.10211767470406 0.544605492237645
"cg05756780" 0.414387333478029 0.302957462746696 0.654407598201147 0.151395718394068 0.0850001093706456 0.74350979042344
"cg13942283" 0.519391968883539 0.251421593428852 0.336308919107396 0.32871747557155 0.342786059409167 0.783745307095829
"cg07675477" 0.23310430115906 0.199545661752187 0.350190267701592 0.200042851727768 0.209022214017373 0.664372610498116
"cg24315421" 0.454759045066792 0.303434439636036 0.556098569483065 0.0681366558034399 0.0749542178265125 0.716570526794516
"cg02381279" 0.219411101312188 0.452652808433527 0.568048679579507 0.108990815791827 0.0947003576874745 0.714260788563169
"cg11822932" 0.304238526243263 0.564892516371153 0.500046554804586 0.0799115777310096 0.0669014157348492 0.730928082864389
"cg19090861" 0.151890965249137 0.223651902596174 0.267679065680314 0.0797942234576804 0.0741057936595964 0.590032485694537
"cg03837680" 0.209007756495206 0.321439059726306 0.390008091618701 0.0829764519924989 0.0737735669134884 0.645018355834577
"cg24728803" 0.134591993400276 0.529758193346532 0.646172884873604 0.123553247361781 0.116904146080768 0.737547648914521
"cg06832898" 0.099430570377154 0.178006376290343 0.404579987625021 0.0645799365866191 0.129831573806317 0.605688510446961
"cg25045219" 0.420202396908412 0.124074310446828 0.641833481151206 0.118026545249928 0.107255239916038 0.710666423588811
"cg13318771" 0.142846709999159 0.168354412382255 0.28755184998931 0.121327972907848 0.0625257815384067 0.590943152051552
"cg09958402" 0.082058386532237 0.47883688120369 0.607989057291312 0.0762494998850071 0.0580999297383301 0.693025117451816
"cg04887172" 0.15223408453326 0.467289149955489 0.569260189855247 0.0927403419292584 0.0885644247058287 0.708268433928344
"cg07065759" 0.0605286807381399 0.191782795084116 0.313152587280676 0.0616788057609829 0.0637849345546092 0.576004339855779
"cg01447281" 0.153188696569976 0.074425846121405 0.202192643864557 0.0693205029261769 0.0723205011468235 0.55675763060139
"cg26348226" 0.0732161957352632 0.284772418425221 0.480456185399888 0.112750829742959 0.08894303100011 0.662040184094274
"cg09101151" 0.0925223452454786 0.34157180561681 0.450671626677475 0.221082593415146 0.173040425888078 0.711337528356798
"cg22589728" 0.215102770285205 0.255597521158378 0.364014699263996 0.211990513520571 0.183095695787928 0.706990774163321
"cg00423035" 0.156325459748053 0.439614251901087 0.730397479782751 0.0965430923031397 0.0896136912505717 0.759883925565474
"cg26971042" 0.0903314678732393 0.0945081462011558 0.184827802230257 0.165043041709782 0.150899772721216 0.601469028749177
"cg04790874" 0.0642337457824016 0.54889194729586 0.429122154780976 0.176753527992505 0.17547819886882 0.741720668189288
"cg13404688" 0.235994998918523 0.513177510620156 0.698498208449674 0.114186761051877 0.087811544494668 0.79248792602322
"cg26823762" 0.0943612204674693 0.230206976434873 0.522676789425693 0.0731451376259529 0.0647070131687072 0.663597065856536
"cg21232161" 0.109266078037809 0.407948801049642 0.525642513385859 0.129807980949343 0.215238590638493 0.746682234751893
"cg01700462" 0.221119226371026 0.420792075971278 0.574259698228487 0.0823888597647167 0.0739758701484443 0.74848760212281
"cg17176894" 0.0856093419212152 0.177548935921676 0.374918185057284 0.0935637113629506 0.0963847406418399 0.651230536650848
"cg00761125" 0.175118926962799 0.1974862519989 0.559277805208816 0.210875961242616 0.15688516977681 0.747657782864284
"cg11173131" 0.168545167729971 0.357158596240576 0.522438514264725 0.0754917469910884 0.0602531042137295 0.730599024441172
"cg27218978" 0.151735469158143 0.464547965965791 0.614179469766262 0.109201731422186 0.221738756102717 0.817023655772465
"cg09001226" 0.260129451792471 0.382840834090019 0.408882521039004 0.103345804120545 0.0858088526482791 0.759132907456017
"cg11358405" 0.0701230552040553 0.34731507420426 0.464689651261106 0.0662059821736988 0.0522261448533797 0.71324934294739
"cg18881723" 0.0687595325027816 0.0586448058296768 0.202587960203278 0.0958614483573237 0.0808524542442614 0.61777419717921
"cg12273325" 0.0804091194340777 0.123613657654386 0.333597158054811 0.148904975845799 0.0627861450020243 0.687482360567652
"cg06117093" 0.172311786384859 0.14653310420521 0.400508732997003 0.113640487030301 0.0740255780873736 0.722839027342523
"cg04179740" 0.271098446126846 0.0888206310855702 0.237154558782807 0.0693901624015744 0.0694963807607986 0.709515092703749
"cg07381806" 0.0794077774991346 0.116950722841257 0.294917019682576 0.295190219164999 0.10351671095888 0.748875429872062
"cg17766305" 0.145553398264073 0.267051865951486 0.450225477842297 0.105112205739588 0.0686778404862453 0.819609518293337
