"MO" "B" "CD4" "CD8" "GR" "NK" "nRBC"
"cg23244761" 0.0964037716254612 0.965974017963328 0.96709310933268 0.964271558361553 0.963986488512018 0.960795507855347 0.900287959600078
"cg26872907" 0.0712768203379412 0.93733178472793 0.936836455381063 0.933639795163701 0.92909015454818 0.929918562012765 0.800574219363078
"cg05923857" 0.0786575402088457 0.927980095866973 0.842544145769128 0.91646784587569 0.837539039553157 0.89665237808487 0.831619537439361
"cg24788483" 0.127981061202122 0.942712514521803 0.908273734586389 0.957266851306594 0.895038738395875 0.936866232966839 0.835016370355472
"cg10480329" 0.101362973313802 0.879299329286066 0.906307606997066 0.901511350673978 0.847823010126126 0.896489573755048 0.874533269784372
"cg19835973" 0.135438068754721 0.938815005859658 0.900291993445317 0.908627233048577 0.924569366943574 0.880334489554787 0.788491895972092
"cg04468741" 0.10314036035578 0.888711899185664 0.857900409613181 0.877671066766023 0.834183493537332 0.87688663471166 0.814219556668015
"cg20610950" 0.0757093761187255 0.900013912317414 0.908192027460811 0.916564106486228 0.599047051872448 0.895403285398287 0.866315493209983
"cg12655112" 0.101701171024328 0.870134175494495 0.896832450150023 0.933643024748307 0.720089706444623 0.91947310203026 0.752306920573666
"cg08908131" 0.089860512329503 0.851696543636134 0.85397251987408 0.827074550111913 0.855441839103877 0.838496508776369 0.654661691615452
"cg18066690" 0.143967823112082 0.896704410751261 0.900172602817193 0.893592366360253 0.892647561052825 0.897404856655954 0.799506236269136
"cg11231069" 0.0666365418360811 0.675728862399492 0.821195586435444 0.811025793014961 0.952783586589534 0.600077114960765 0.869095143364389
"cg15816012" 0.12323346712748 0.910721335713132 0.834996908661847 0.842403767162158 0.894540227596644 0.809711145223826 0.705400263071129
"cg10624395" 0.144791572875813 0.871770391976976 0.886849954054162 0.884870568053242 0.896282692813494 0.896177837191593 0.791800823956252
"cg02244028" 0.133569736071037 0.885226021580737 0.892960070593223 0.881857111615888 0.846927118488149 0.859562232061554 0.705118966671071
"cg14109551" 0.114760101066678 0.889886177028795 0.893378188669956 0.897516996627835 0.760810038075604 0.873825859626528 0.619284681443924
"cg22675702" 0.106376519700754 0.832004512593301 0.850747484208396 0.8505579700411 0.811945640989309 0.84826220436798 0.835133317824778
"cg03339817" 0.181846534556829 0.756614098994375 0.972619751302403 0.971456371765824 0.971373351170646 0.962097197554033 0.733744083741549
"cg01476222" 0.101407989182629 0.760134425540962 0.870847244843643 0.810436846955104 0.872655748521843 0.849121719684848 0.834088348869288
"cg11597902" 0.0512396147509222 0.960233693235435 0.968264586949043 0.966401880099164 0.193956847527012 0.92789501703003 0.88277235558836
"cg05445326" 0.185494292143933 0.919881253553113 0.919696749625621 0.893833082679234 0.895366096652596 0.855534526522364 0.850232599658508
"cg11186858" 0.147929932100184 0.965798480157965 0.978143752247966 0.978218997290218 0.528402375970918 0.926262175451225 0.91392539734342
"cg16429499" 0.0752228146087104 0.448903428623546 0.908407829839662 0.91268251289652 0.899472998895859 0.853469501278264 0.705006437900398
"cg16636767" 0.142390697618982 0.843384831203015 0.872194593934099 0.866445370415012 0.851128786304409 0.869641723976168 0.809826642024338
"cg10154880" 0.0933650331651649 0.575188252804153 0.898914922010935 0.901364997796894 0.886792088836451 0.709323946866099 0.715433168129667
"cg26326621" 0.141884571417692 0.849896003436595 0.86895745742796 0.879556250816551 0.833355854960637 0.881197283115624 0.783625249824417
"cg18770149" 0.141559204499684 0.881406449429633 0.844887008947025 0.83984657448465 0.859901806632401 0.851165785159496 0.676100665520658
"cg07002540" 0.101056387663888 0.87826032698273 0.824922745890393 0.855013095923842 0.711412386279716 0.812221548038784 0.602351085123731
"cg07213487" 0.143973076434002 0.6871096576149 0.902954186557725 0.904934594143003 0.898844869959289 0.83551160860098 0.850094250866628
"cg02780988" 0.105666645457067 0.76939067860336 0.83917370708801 0.829310462867545 0.831108651850278 0.814907332590644 0.610066323500528
"cg01041239" 0.0788057604037145 0.830203500299527 0.709972734959965 0.741451530500441 0.802686387114543 0.932329406882082 0.808015855055702
"cg18835472" 0.0947379706522281 0.812634264195939 0.860583484234316 0.866430232542991 0.648558689235545 0.815905731296234 0.740519286995438
"cg10499974" 0.0607415545381063 0.854991791620858 0.90566156876875 0.910619275220034 0.386731974739594 0.858432148148694 0.632228139937022
"cg24365417" 0.105114781513359 0.848293673540206 0.853213617290395 0.846903720122383 0.731039090005344 0.794309105543893 0.458288332045959
"cg20641531" 0.140126423190834 0.886729700218511 0.892761087914979 0.891349635984312 0.674092950898025 0.874157669371437 0.83448599855359
"cg16875057" 0.108643726866085 0.876668571943307 0.877346214397793 0.876575387609622 0.642457717793842 0.797828264095543 0.561736497407486
"cg23391288" 0.170784926014644 0.855712722618975 0.848433157083351 0.861732975934247 0.902218912825002 0.901148572855339 0.809212706445591
"cg27366072" 0.130316744383775 0.819548257323524 0.883337679208839 0.880354690741302 0.727516582032381 0.858536173887555 0.751631537619188
"cg09856274" 0.117995143215679 0.579660362594687 0.885685431007377 0.890780812537243 0.88686747525067 0.793814165472986 0.847642169060559
"cg25856090" 0.0949478477641405 0.909458015449624 0.911975295665915 0.907082720768482 0.447575957103282 0.851967609145078 0.691449183550994
"cg09220326" 0.0794685559738908 0.89276676051205 0.893520713331257 0.884990625407219 0.412892577991433 0.865057082447534 0.755692824666073
"cg10278149" 0.102468895224818 0.802286608931992 0.871273059789443 0.852062688415956 0.660539046890959 0.864644374896014 0.696219425464609
"cg17117981" 0.0848430581781162 0.824755332438446 0.914090750233428 0.930354141891117 0.413916810472727 0.860721388567661 0.770073179143704
"cg12422199" 0.0967956220858728 0.648648297279306 0.83423487844035 0.815265171027474 0.82906586223335 0.798067200105581 0.764765122027474
"cg04045544" 0.15119623259012 0.830531325141523 0.861470558704417 0.851166572714665 0.824769142581882 0.846137584066591 0.713010713051732
"cg23146741" 0.101437980016815 0.738237786092693 0.831096085269187 0.796258397322629 0.781326382661784 0.838802093881647 0.734276731670199
"cg22911650" 0.0851108024378574 0.87122562132902 0.863963092449225 0.774956513278603 0.695094467602751 0.147718752168821 0.612667086519607
"cg15872437" 0.13176529284434 0.873322508922463 0.86769782399134 0.859459161147836 0.663001476619096 0.849711075984687 0.733571427130709
"cg00101629" 0.126044930758441 0.72658136223589 0.860588385648474 0.835140426672426 0.808277664651935 0.876828941400867 0.721380591386191
"cg18599081" 0.106799541544907 0.854464763207023 0.892038341721684 0.894004419789487 0.506552305140187 0.830073318704719 0.794396948335885
"cg02668248" 0.774083121078584 0.0976209970946045 0.0755410272476523 0.0939788478698643 0.778597042271493 0.248482104635266 0.669363166099268
"cg02879423" 0.74312735868083 0.689678335679193 0.0824418763745332 0.117981008768755 0.0753946783202122 0.0875990008255582 0.598857432142711
"cg20171453" 0.800843563346137 0.109369568959449 0.120569038252716 0.136381453173714 0.749093521538468 0.493942788940613 0.65933197370497
"cg09621572" 0.80294352168365 0.113586204248675 0.133535942341776 0.184511031515548 0.826788202769962 0.090520816541274 0.287028063608414
"cg02787852" 0.915445675171237 0.331855227877439 0.129710516665257 0.133883303980676 0.924205067919528 0.785767749510609 0.789167715071495
"cg27027055" 0.873779911246485 0.485184427563532 0.0486174862654808 0.0549618155357939 0.861046793972886 0.234228559953858 0.678685594629199
"cg17161520" 0.769053905796424 0.0555188202906396 0.0706785615420308 0.0649676411494991 0.825840558137909 0.20041211007042 0.587926901293447
"cg17587997" 0.834105178032693 0.0986156672976602 0.185934301853107 0.161927745753402 0.851873406280922 0.141964703510849 0.625671098707667
"cg14480046" 0.869526510586359 0.286819880801795 0.0733736403142535 0.0786182829162689 0.917808422443185 0.452820672251911 0.813471719455329
"cg21577598" 0.854125163092188 0.424207150467429 0.0387412078208636 0.0490697318269639 0.852851573277472 0.2037780165693 0.633828882203735
"cg20055861" 0.844260110841513 0.0536098948659045 0.160754405017809 0.222161617957569 0.862831257063227 0.387950048652691 0.578578383108377
"cg18728264" 0.715817244185165 0.0758959957345566 0.0818840521868619 0.091017427238841 0.497079762163625 0.445628131768791 0.488997612090118
"cg03728799" 0.817133399418316 0.115253580321041 0.0968867272331062 0.13094870340064 0.838567804311739 0.302850325099777 0.576159990948064
"cg02402436" 0.755195912445113 0.0499660179060734 0.0665945490149563 0.109823961303549 0.778826804522717 0.0796257878690317 0.294711603555828
"cg15519096" 0.834438263555167 0.267687153408216 0.0587414156128781 0.0900576963089973 0.870396646535987 0.324632431469071 0.361766438230946
"cg01367992" 0.89635897077373 0.420955968094267 0.0944975667682204 0.0749985146569671 0.903159606681851 0.390701449285014 0.595835789107975
"cg06208288" 0.93368500575872 0.451274946400551 0.167295926687422 0.151999011971907 0.935857961238245 0.107260089598757 0.587531839382384
"cg13815684" 0.908696842048334 0.229193111049453 0.124823566075068 0.199084511604555 0.922369714516157 0.589425966987911 0.78617033275391
"cg13554018" 0.821674182226238 0.0770987249651485 0.210036067779719 0.13601677481223 0.793261883948059 0.121604710235954 0.525254920115882
"cg24520862" 0.764933582050737 0.104050677939433 0.0500269386076548 0.0555560168463936 0.77429359945648 0.125205892610537 0.419270072644938
"cg20513976" 0.761272056075325 0.0966867203300494 0.0221201122598667 0.0242723870292974 0.858802111264001 0.107517607503384 0.241245157857586
"cg01170124" 0.870892036795751 0.333768231876713 0.0460208639691093 0.0486653578707189 0.895251675807472 0.422570473123518 0.749731608676513
"cg02505177" 0.802923406433106 0.0428942190822195 0.158814302653023 0.112752902988648 0.798684227222164 0.175924135660678 0.541873340120075
"cg00484711" 0.816450195381787 0.434665425611474 0.153432386466432 0.324837878925536 0.144002999538257 0.814826188333911 0.639442747445726
"cg08224785" 0.733361053912083 0.244212947891431 0.104972228934145 0.13867113416182 0.220748172788352 0.699572197727048 0.620410259370611
"cg16219283" 0.848669025060615 0.102486133967765 0.120368282065428 0.185929745460051 0.861593172545429 0.211539196097101 0.64257841318739
"cg21359303" 0.901957223440149 0.339743078466089 0.0872375881603887 0.105604891327086 0.919225269623831 0.22018694201268 0.816869706441487
"cg19510565" 0.801861056535977 0.17466174755339 0.0446169567806885 0.0459138035760118 0.805187392956501 0.141757918474589 0.568335162805548
"cg12609063" 0.810903536443264 0.353417914733261 0.0730428972081953 0.0715171177082987 0.622675343481752 0.116079199803248 0.530349108848054
"cg03961551" 0.821384385918616 0.181117697861011 0.0755983895067633 0.080228152880125 0.807910547039202 0.152817123428071 0.447469421075004
"cg19097880" 0.749070381636825 0.0505458168816223 0.0465206388017828 0.0466013089535084 0.722690757626942 0.139249692581912 0.255160660098467
"cg07069934" 0.834789250286195 0.102706645284945 0.0613845217190603 0.0615114712422197 0.84373332383649 0.463360045848369 0.721719959712468
"cg20805133" 0.885807380368752 0.301485828205351 0.0452932140149791 0.055724650387885 0.925407648868889 0.306102231011886 0.652049062624393
"cg18148314" 0.845991595159766 0.218532128507041 0.0780751720527023 0.0716243240383454 0.850547216522229 0.135091445476125 0.470223708422405
"cg14597739" 0.887227932207568 0.121916616660076 0.139011527663237 0.206869205898003 0.897328215927338 0.167354938126519 0.592535887954866
"cg04722215" 0.865265891170367 0.274972666138378 0.0915292396707949 0.0874617992799036 0.799900911595661 0.138081714569388 0.641932714528161
"cg03795574" 0.67415671342411 0.0952999715215801 0.0957413774201986 0.126725947898627 0.0882874519107703 0.369923339804337 0.604945704713514
"cg21999229" 0.852688191702276 0.0831106460053782 0.10770464462421 0.170866750140812 0.868602334114966 0.130753989837527 0.479214692735502
"cg27377289" 0.884507245402063 0.0532089120743673 0.0793530694640861 0.138993875796624 0.90299160105088 0.830892233111471 0.779464238409742
"cg26217402" 0.885667309141803 0.123417029732126 0.223878525371493 0.141058895443499 0.844726930303707 0.353987122811146 0.400632635591476
"cg10639435" 0.833277600232979 0.468512856652144 0.0721512830587617 0.102942741885403 0.474895492431189 0.109274379644865 0.57028541333493
"cg17078393" 0.862063655452255 0.0988335118760449 0.0872763621193305 0.0844907441480959 0.872382308105642 0.361752271301909 0.660403275719158
"cg08169020" 0.88656512840086 0.281075565397438 0.0403400528352253 0.0410659302345996 0.904802842938341 0.158729285440007 0.693094591124733
"cg14165142" 0.844613963585059 0.202869695395863 0.0509739706524572 0.0578008772733121 0.842640341851956 0.242673873743946 0.234440902492644
"cg14437551" 0.853740879809703 0.0730964533258165 0.094071895349662 0.142336155765226 0.887275411051509 0.0892648524443445 0.326964100016252
"cg14441276" 0.844976938806231 0.0463065338989179 0.0746518700793238 0.104418188514157 0.851570692118064 0.166441126617622 0.445216974968364
"cg17169196" 0.894579158193878 0.0866251260532971 0.097351716051128 0.145383892688692 0.910085361327649 0.202400802386599 0.646082074826999
"cg23213217" 0.792625138410379 0.402328736311772 0.0853797961587756 0.0945627339027528 0.136516426228214 0.476750896187669 0.701822176651273
"cg26348243" 0.934127969622182 0.131305491355914 0.0624128693772663 0.097883749351406 0.943763366960628 0.533075971800125 0.728661242959548
"cg02737268" 0.923397084132797 0.0542910955519648 0.07188083729854 0.0687382583552459 0.946375654552745 0.59788505913037 0.738265875570313
"cg02212339" 0.958887066383311 0.0650519615226864 0.950855514025357 0.950609149311919 0.959722993714766 0.951049627315625 0.791347136827004
"cg00464927" 0.950703302014312 0.07389260449427 0.961276351223897 0.962727612629106 0.961093326755245 0.921219584768547 0.845588035164235
"cg15348679" 0.88444748132089 0.0387746269968351 0.897596110987096 0.968446865639715 0.898253008392391 0.954962356795977 0.745802202393473
"cg26692003" 0.967033672413891 0.101737920958879 0.97268114012968 0.975108566873803 0.971117035573067 0.965033904024538 0.838569853277594
"cg11699517" 0.956945922332421 0.0961326819902013 0.975313219460937 0.974339261031162 0.942041818039052 0.968801285060389 0.850066553782996
"cg17768768" 0.947668866774401 0.0943310675936547 0.955535480222392 0.95701150054477 0.959136686640377 0.949165165318947 0.831766315991295
"cg25131632" 0.939603417398259 0.0714671970432067 0.927674101507847 0.918333756862728 0.946316832063121 0.936323478045606 0.749635955861914
"cg15241519" 0.875236335865956 0.0569292744313801 0.940226023657055 0.914101921590366 0.949882783989999 0.789272033750314 0.755762459479228
"cg13738327" 0.965564890500572 0.101143553267642 0.948395996509886 0.933715117862843 0.966208102840013 0.940985824086164 0.850926442285907
"cg17995557" 0.895238263575149 0.0461244209926851 0.90181700829228 0.903689858499907 0.905323351691917 0.813381056952624 0.797420874899191
"cg27106643" 0.923389474313309 0.0717879348011902 0.919882130207889 0.930844671375562 0.940968692416372 0.86815800034133 0.74891702714411
"cg14482811" 0.917761693230054 0.0735117718723584 0.938207970070189 0.933727818040419 0.905967059645538 0.900369913778672 0.801304696160804
"cg21248060" 0.944120049669814 0.0812610437893418 0.945343192063599 0.931250115704563 0.945109269252811 0.711555162912775 0.757336660866804
"cg26438284" 0.906040132471084 0.0480654945556198 0.908329185825255 0.864734866263183 0.885114329369303 0.821100843002107 0.759777425114788
"cg16210395" 0.901660690832329 0.0473886271261399 0.880573297939188 0.866343386501396 0.908581543802075 0.894306036091055 0.685988419468714
"cg26552743" 0.873146981130837 0.0394219190703705 0.900406605238675 0.901516185017719 0.858099710885985 0.857241377060294 0.664316585968095
"cg11661493" 0.871509667745608 0.0460574949359022 0.88895504261445 0.888743929839083 0.877502553698277 0.871793495324992 0.804634672374193
"cg14936008" 0.893770846612085 0.0639152807346759 0.907451013963133 0.900104770468123 0.907165012000332 0.88936025928153 0.737846823710442
"cg16148346" 0.886936479701282 0.0580524737940532 0.899093420931525 0.898379067869894 0.897597954360159 0.865558170622417 0.731045827076965
"cg22212560" 0.710985397051835 0.0293548976266822 0.92288731120193 0.925164447056307 0.889480791673021 0.88841981488277 0.778540415425735
"cg00760938" 0.881062697816429 0.0459448759253705 0.882255840212581 0.877606066631879 0.875914178163534 0.800384436831862 0.657126184984942
"cg20666585" 0.893149120843614 0.0607362308558299 0.877978954674832 0.861205079784089 0.896931002596907 0.81153939333102 0.778668254341377
"cg19260718" 0.887285146196716 0.0650834377338084 0.890102328583068 0.88660157511558 0.89106089425908 0.865652412444202 0.70170735854626
"cg08162476" 0.823931893531922 0.0706783488292208 0.934826331401114 0.939340200375969 0.918755225441773 0.792497624294892 0.612786296052187
"cg21596498" 0.880363826707348 0.0651727862098054 0.885294570542837 0.897888975188781 0.89367646999766 0.832888599989035 0.700328207538415
"cg01024458" 0.889098462139625 0.059141298871735 0.84359753353549 0.862119981943081 0.904213806173852 0.854868800178271 0.789356588880961
"cg27304328" 0.857842339882143 0.0550394660868131 0.9026759625402 0.903781254785665 0.835010874481937 0.87278369230355 0.661799393018185
"cg05480110" 0.959079510839126 0.145903867238113 0.960205230330308 0.961896624706327 0.967846784911447 0.934876585166103 0.810123361354597
"cg04828493" 0.834403434200523 0.0959414638259892 0.938029945390319 0.934468674100506 0.955974761962427 0.677311822867018 0.884004596913065
"cg13356455" 0.87297030210751 0.0566480295915814 0.875164073115503 0.868611804542593 0.874964029029986 0.788200786019701 0.692154914743342
"cg17232476" 0.858776317925216 0.0712116231726857 0.890892564335772 0.88595591518039 0.896415740919585 0.836478291831618 0.738894357971265
"cg15532942" 0.891064408707785 0.0635471122365131 0.855356323453912 0.872679849569297 0.884553683783136 0.843603384427147 0.645289992798555
"cg26795340" 0.840932639157504 0.0450444309218469 0.857528488832783 0.86068939521056 0.852392568337342 0.819037755010813 0.712042954779556
"cg26318872" 0.903940273073982 0.0993551754995736 0.902007907620379 0.904648698417028 0.908007083689703 0.882932963832562 0.792333128624948
"cg07721872" 0.889063246156037 0.0614745241232341 0.813978670475078 0.850584861300851 0.88919971734399 0.874977698946482 0.824759722011822
"cg27565966" 0.864553180916505 0.0554619144835404 0.88043077935935 0.87328986106701 0.866480569476374 0.656195748669009 0.683911530367734
"cg18184053" 0.838030784778319 0.0380223447720079 0.876919537400386 0.856048205276896 0.843127601548343 0.738779150228403 0.587766149283463
"cg21743182" 0.869317258355445 0.0665676397367218 0.867337531134832 0.871508687606285 0.880513199521047 0.839439512633361 0.725768025834794
"cg04838847" 0.96770024281565 0.169433901716745 0.970960094464766 0.972445798157982 0.96963103627812 0.963716823146781 0.901670045922422
"cg01869288" 0.866205812699954 0.0465385691895221 0.835190588663608 0.816928159601775 0.874563866947642 0.824528546768271 0.691077430087713
"cg20602300" 0.874074037966684 0.0820632694346262 0.878797103272069 0.875373477799067 0.876234811033016 0.886574721504908 0.816918002990877
"cg18590995" 0.822746645112129 0.0463537149758318 0.876757795051776 0.878510763898122 0.805469824560836 0.818665336146124 0.67771310320055
"cg14066207" 0.943632028621233 0.0899931006669567 0.822659537358857 0.816786292760683 0.944350624313927 0.886262900540335 0.746579371424484
"cg20452738" 0.898677357744435 0.104025693854794 0.905404190098495 0.905142314673123 0.89913228429824 0.872472896512082 0.698255667103168
"cg18664915" 0.880791975422913 0.0816823826989816 0.879453710105531 0.876331369437057 0.880888020626483 0.734578368574376 0.758157907633328
"cg04949429" 0.844625646895998 0.05497267698873 0.844637268801233 0.846849445662069 0.854262169613815 0.781841315191343 0.768632379739716
"cg05891759" 0.846729804271353 0.0629985831095279 0.860958231569434 0.875462647247391 0.891046960750003 0.646202922595459 0.644157599254181
"cg25683989" 0.861075947267051 0.0726806855879436 0.875466483579573 0.870326282285152 0.869373648599715 0.841776997245727 0.673859304515143
"cg22498365" 0.873929614038029 0.0676964205330539 0.802094261679317 0.845704405747012 0.89088466194822 0.860304729723586 0.809311198989259
"cg01868869" 0.887910429526217 0.103115691790951 0.897196282249043 0.899591392146425 0.892718540682913 0.891558921144892 0.729740509296941
"cg27049094" 0.541353507462336 0.849315156683552 0.116887441418005 0.191598790621452 0.377057054907815 0.309346649566987 0.516441725795688
"cg06399735" 0.0706824532379024 0.729638496535396 0.246442413416163 0.321085777760141 0.172261690794283 0.385172050713117 0.257132434779789
"cg02304370" 0.371721937823954 0.887989001926049 0.233741216655208 0.237680144099086 0.437556983646782 0.786601098804708 0.772336898448246
"cg25336765" 0.115691941089753 0.778178454783493 0.446372853935537 0.352360096702021 0.0842583499623282 0.138073383468326 0.523036301710066
"cg15030789" 0.111522889272914 0.744476951186636 0.275351547463145 0.316421650837286 0.0775225321174643 0.394505798797892 0.564533428606131
"cg09076077" 0.071548560203844 0.831728647285915 0.582311640837449 0.540236105180543 0.0579500857928674 0.0763042612730821 0.510852252526232
"cg27203560" 0.400090891563401 0.855826145073436 0.21271243169297 0.580104857804461 0.110037705670895 0.468057623591786 0.143657576746897
"cg25518868" 0.0558024598800709 0.629553776527803 0.0612064086295427 0.072837274505732 0.0450863926818893 0.208986488355343 0.654716149212824
"cg07285237" 0.138657871657713 0.813473316557331 0.142351565952403 0.211354894036613 0.495474613242576 0.586268168837537 0.585602696451913
"cg24834394" 0.403804949511913 0.850015368172986 0.282057711389938 0.403923950368145 0.0619621173332832 0.380496568108072 0.592421402115527
"cg15595502" 0.231357695948985 0.811225393037507 0.317570535727876 0.223611986078908 0.146577845563006 0.61563271476315 0.721428634714802
"cg27507284" 0.0687962524382981 0.761990496735091 0.395946258783967 0.326073559977072 0.0573291329499408 0.114094681787082 0.552669681112899
"cg03889263" 0.0975703745254188 0.714242265958752 0.124942921313145 0.278776201405722 0.0814876796195128 0.567878349860774 0.232569189603606
"cg20541456" 0.0732021229147394 0.641923761622164 0.0603456960395677 0.066206461810964 0.0247080783333562 0.425191933917989 0.459376167774706
"cg00874051" 0.0968264173500609 0.871883003399242 0.57662304071853 0.535851008047526 0.0535306350700532 0.354316689620849 0.554922525605277
"cg03798942" 0.554393076795233 0.778495999768159 0.0847682575922813 0.115275508595076 0.076535979143253 0.0703500109215213 0.342014354656346
"cg08698943" 0.100295336820637 0.860145487944264 0.290324920968341 0.378246458259215 0.399546054663819 0.378900554324895 0.549699727277117
"cg17950348" 0.0625247107518411 0.85206403612127 0.605162076366826 0.508256667007976 0.0417460170027159 0.059935768720563 0.492954644458229
"cg02779913" 0.044199220828723 0.76786448940393 0.40676107726298 0.361218987219356 0.0326108941620561 0.147157533947791 0.355001311854772
"cg14284211" 0.0529025947133699 0.715490171143436 0.2298653727279 0.188888340334616 0.0428702061004868 0.557554456965937 0.42483973572521
"cg21291385" 0.359623035867523 0.764719450684239 0.134413688978842 0.118601019504245 0.0729115790811275 0.147890114793182 0.615423777845551
"cg22677556" 0.163750824723092 0.828920298172277 0.0535069964354978 0.0565513933902317 0.616617468745985 0.53145871874822 0.64161217840016
"cg24536818" 0.135443364297716 0.723324899859639 0.0786942644672185 0.27788265889346 0.0981349437301463 0.225190016306059 0.1093988243402
"cg21278103" 0.119332015998577 0.84633609029694 0.409261231858556 0.501984201178719 0.0620635521117296 0.449714184744682 0.205201937068855
"cg20450123" 0.152495760760454 0.768263005728769 0.274102057099865 0.235675472066921 0.0616775270105616 0.073665375457949 0.461325472718516
"cg00902153" 0.0628770500942256 0.711148139937962 0.101005007934307 0.101774168918484 0.0806068315733662 0.701645493760027 0.51570524539999
"cg08682625" 0.112977094024519 0.770646047843859 0.214303375407434 0.228452222967568 0.0820704760937291 0.388729732695683 0.544272705974188
"cg21638533" 0.0626590084977457 0.886782102488283 0.446957411007514 0.519956242242945 0.0529171179770496 0.801325418651599 0.681074355086154
"cg00970435" 0.252171046262009 0.755587869084694 0.194289883040524 0.0877991802680875 0.0809178813981265 0.0673408622450499 0.415617134738177
"cg15906007" 0.265535545258007 0.733210294974012 0.0895344884565648 0.0866675464364879 0.0902189270063564 0.0940888944683732 0.168508693325698
"cg19268695" 0.139499161644427 0.842001800996517 0.0651405004856495 0.0747293040496986 0.643600213762706 0.113834972673195 0.567484188193726
"cg15354065" 0.0806315977786033 0.810144032029143 0.0739549873791438 0.230637474564275 0.336262641212948 0.680983453748829 0.374881314993054
"cg20317872" 0.317928743184163 0.895072743912803 0.0394119900484881 0.0469974153993559 0.673735632474517 0.136330629811374 0.689817579347973
"cg22437221" 0.55386199048168 0.857205385753788 0.0828033466369742 0.0868200218993579 0.139647850181144 0.400621248645962 0.547956214876219
"cg20380468" 0.45369436129169 0.837346476112459 0.0561278801292312 0.0762491823687696 0.164949913376842 0.451601134240441 0.618194847292332
"cg01054402" 0.292494257722096 0.795109966238983 0.0882129989306118 0.131216935817274 0.0633427095487771 0.530843022531309 0.434987486254219
"cg00058449" 0.312617978989138 0.941160266133637 0.533604506813202 0.224975894943795 0.191948122357995 0.0709373899935788 0.618017811700623
"cg09300089" 0.0718630359909125 0.813763015037349 0.413537501989752 0.191097419511243 0.0540278369961872 0.0851349514542196 0.545880499516018
"cg00619207" 0.0908122089172235 0.841824881876668 0.0522280311200965 0.0550225905386744 0.487916172967935 0.120714145592151 0.531505074479445
"cg23357708" 0.0554677422994956 0.806001134753059 0.216072018476585 0.196845452105311 0.057326089297261 0.152974916636912 0.408805335106758
"cg17266282" 0.182838148931395 0.859174091669219 0.143835245337846 0.202556383731811 0.139479721964923 0.196864978220214 0.6797557441542
"cg25616055" 0.0780171699410064 0.752369466140417 0.0588825753460117 0.0897239446113965 0.0369811678442945 0.0703935991996342 0.391962384615062
"cg07635227" 0.0416277499744293 0.817915453051373 0.137103283750401 0.133209204432234 0.0333976140769891 0.470860344095239 0.536100768705761
"cg19269039" 0.104958613784995 0.867775558022113 0.0360285390375013 0.0413345157683773 0.379098247348726 0.105759488588884 0.634359765021461
"cg01156249" 0.0773997236574351 0.901606249379524 0.271118371107958 0.21649814380137 0.0661641655749473 0.638116787683775 0.650586354263145
"cg08560387" 0.040931167163155 0.764297390530867 0.0444271281639209 0.0357085662689564 0.0331111824283778 0.0436349319802141 0.344649987976719
"cg03429643" 0.0546534577319098 0.776163068162738 0.0527680700569187 0.0463558587048031 0.0410126129601972 0.0622392043679399 0.383327559810035
"cg14317609" 0.0947932818518888 0.825254180654863 0.122336088882759 0.148854026354874 0.0859049125802367 0.0551146002234858 0.0744094940429958
"cg02606840" 0.1479901309645 0.810808241853976 0.040005397133861 0.0373959006121494 0.0330303071098957 0.0567392490178492 0.519590645796267
"cg08864105" 0.0742431478542801 0.892124663132846 0.105993669184138 0.108505101746456 0.076646355621609 0.0910762876812697 0.490822188171566
"cg07679948" 0.963899203465093 0.971808273899842 0.0808120145816782 0.341782590891616 0.971765027464076 0.957951578073783 0.940887445049197
"cg00366435" 0.907841925811798 0.918492832584247 0.0696878260912428 0.477478879714516 0.923437976859855 0.877919525988036 0.782711987195229
"cg07970799" 0.942236597587999 0.945380473626373 0.118518364733511 0.494033915518916 0.952989536235032 0.730421319867627 0.838226442671735
"cg11236515" 0.973179942777143 0.947894698359095 0.131630679513647 0.382760693374162 0.981949109570777 0.937162621147717 0.960774971925594
"cg03388043" 0.94078292919721 0.955032101883019 0.0354586087546434 0.0443760277563835 0.957540110513799 0.699931704858899 0.873649748972171
"cg16452866" 0.937561822689636 0.95625197169424 0.0881243886978664 0.194977853304856 0.958466161933482 0.957169081088935 0.911386915210339
"cg11848483" 0.922166695804428 0.911873228697522 0.0792912246533777 0.291081097070194 0.928315002164426 0.904619863930828 0.741162663343689
"cg09032544" 0.946823911441396 0.965685526494648 0.0327359851068252 0.0450668658743255 0.965640062536066 0.210246302954498 0.762323900622264
"cg04340595" 0.937666019538561 0.929707389838833 0.0573374846431484 0.135364659403869 0.946322300728836 0.529665871572077 0.793343687451749
"cg07786657" 0.947681430706947 0.967751002365201 0.0377572974953736 0.0466688849741745 0.963050399018597 0.157201800602259 0.727930148075108
"cg19001909" 0.958528964754381 0.962600734771578 0.12265853786258 0.222410097327777 0.961062624869393 0.942952404145328 0.888585211176092
"cg24841244" 0.897289027572612 0.920149906000409 0.0329681992545623 0.0412931872682353 0.913332395731859 0.725014586205873 0.712858901159272
"cg25226014" 0.915418235518539 0.906576179266602 0.0611896604709495 0.146094092609208 0.925691795339504 0.566910679667034 0.831258668497746
"cg10240150" 0.87112152824647 0.893275268096597 0.0734699001913097 0.289127751490932 0.869539820073646 0.798418949967488 0.66679742025178
"cg26166854" 0.845794756153906 0.865373489844188 0.0916440627152839 0.43110077675701 0.881047945338393 0.609257513205609 0.754395718878788
"cg05074138" 0.8797132526261 0.877336183363218 0.0983997874381528 0.364524055639775 0.88028687535717 0.8321343687934 0.770611468187886
"cg14477767" 0.843911752625985 0.847181012014174 0.147482977572255 0.708106809856138 0.868551921281089 0.828514197970309 0.550084202734156
"cg14522718" 0.93760134311682 0.933724245800981 0.113750191777428 0.216029164261946 0.929597137538704 0.727871239935759 0.91044876777271
"cg07748255" 0.93371552066135 0.941539695932441 0.0876226871558254 0.181326503642692 0.951597334045422 0.133180777335847 0.828033376612791
"cg01154505" 0.965974296355801 0.833416452495232 0.216430058207814 0.6462979600715 0.976999040293952 0.966424567391946 0.891198005245616
"cg27583604" 0.883549037424351 0.791766937047665 0.137495830054348 0.567449457653568 0.8448018890259 0.873467574192117 0.825462698366616
"cg05705140" 0.894249222711078 0.803535199110093 0.0807327473343262 0.234741139193243 0.905846458995068 0.835801800322695 0.737340815008123
"cg24662823" 0.891452266017081 0.899297462992588 0.131727695902639 0.394851308442168 0.90093692464289 0.712902452272101 0.74370149754454
"cg08884752" 0.790356793111435 0.862005934617198 0.110650848920056 0.502968351952704 0.842185198448955 0.869786867527616 0.684918174775665
"cg13619891" 0.920542072461424 0.928278261950214 0.0984510129190449 0.108570285155568 0.928194107391083 0.815165577998743 0.791830941588167
"cg17984638" 0.903213472237775 0.916027097955932 0.0740748033533958 0.165449352792723 0.914280230021161 0.1390716185994 0.763376509705499
"cg16173109" 0.875230401307846 0.881121352970349 0.14057523949219 0.460823014114792 0.883442532673601 0.819569778156369 0.752554058959027
"cg13606287" 0.884753245826321 0.875663032165229 0.0723746493938339 0.20230663945697 0.898446568528258 0.334219211976436 0.741785054475446
"cg11465943" 0.917279364047933 0.901763409889482 0.206619290827118 0.63362126492459 0.925255184815623 0.908886621546259 0.740660497114498
"cg10837404" 0.901054200725579 0.909233783569386 0.224209253328465 0.703209953312336 0.914961087051909 0.903212698879115 0.892892044212214
"cg06915826" 0.845890540197126 0.846820672409985 0.0874457910375587 0.271415057568599 0.869335054355583 0.847852155948712 0.798231619945501
"cg00620024" 0.891060972998046 0.882550177252484 0.149080739143316 0.412735680036669 0.903117644156943 0.875541945354292 0.866518729715191
"cg11162888" 0.883070138034361 0.901924526730305 0.119488316698384 0.315065472199943 0.892178057909078 0.843916375732117 0.701872853000132
"cg07545925" 0.878132319576275 0.873518092136088 0.0446103608358847 0.0434274749633196 0.896085633075188 0.644128186851974 0.640810016440936
"cg06164961" 0.87798406357804 0.887645246262495 0.0500382871875919 0.0555441321305047 0.893880196552016 0.599248752741876 0.681903194495266
"cg18758433" 0.854775473552591 0.875787616847608 0.0889779223248224 0.211597984209651 0.904916687962581 0.688597960940155 0.792551850309042
"cg07015803" 0.924515855913467 0.939902120751325 0.148740222763973 0.237248779955879 0.94033556829247 0.95225114763086 0.872605376701238
"cg04180114" 0.848438300898334 0.854155617780766 0.0860970936365718 0.234237186900621 0.874262247714187 0.827415596906998 0.779074683464212
"cg08450017" 0.909709860540469 0.923109355940082 0.0884381581571504 0.107514318712794 0.936295067226032 0.369190776121726 0.787161803477941
"cg27519392" 0.863408431223132 0.861143944394368 0.114579029330914 0.336700632057598 0.873679090573873 0.863199793640499 0.73874912329161
"cg05103064" 0.904032946354013 0.913158723927059 0.152837945264758 0.491660381853324 0.919123489102152 0.21038072659668 0.675471539408719
"cg09016797" 0.865465525894632 0.866350724229676 0.123978478755965 0.384905800579359 0.859568119042347 0.860118518904659 0.746202518993614
"cg07728874" 0.866522964842678 0.875448936834474 0.0458293350232188 0.0507410280479162 0.870017266834486 0.673689371960631 0.646957482676361
"cg18735089" 0.91052142384589 0.896702291195521 0.129698580404778 0.24683932708232 0.926842927440449 0.847726777258937 0.764597662283859
"cg11210357" 0.87293846854904 0.835189528965104 0.0668116972869129 0.120645370441801 0.87579328883282 0.74904972847332 0.80115227169089
"cg16093065" 0.887198176275687 0.892253528525625 0.0653858716433245 0.0936653054441371 0.898803016689378 0.248417149115151 0.822396358330297
"cg24612198" 0.89857641596449 0.904572745441218 0.0878609026063251 0.101358359600236 0.907418832982867 0.741487441360499 0.698733834543062
"cg07573020" 0.866897545218067 0.87063153445256 0.0472240626050683 0.0686199082925436 0.881963835797078 0.311298611200305 0.778713511761818
"cg12044599" 0.971936383067056 0.768634747647618 0.164128984429626 0.346676094271115 0.975642932415486 0.911087300365875 0.945836979210691
"cg00277591" 0.896646520724343 0.91069611405819 0.0574796656991467 0.0571382139856964 0.865827297117608 0.204371662956637 0.809360144096675
"cg03664994" 0.0774804831896161 0.134964275473792 0.815913137361654 0.829889283548272 0.056254049933279 0.572315031453499 0.146066576556804
"cg21400549" 0.0743480951411045 0.511504909739996 0.836800360856455 0.579019491067453 0.0946684666233198 0.0705254272270046 0.160660833724004
"cg12774429" 0.0763118026280612 0.0770239396697705 0.817414607292411 0.832740647358878 0.0721235521065399 0.563904652220646 0.280454433937215
"cg23950714" 0.169629025624522 0.170742456794404 0.899913933876622 0.926762505938045 0.117386134918784 0.765412094424049 0.261755691079971
"cg07280097" 0.0976218328097168 0.126255595074575 0.821976293852813 0.823090748155754 0.0518805696111734 0.452259312420422 0.223155993878774
"cg24401262" 0.0428675762572271 0.127236413063421 0.815495813383731 0.846367790655687 0.0298153369523751 0.536614397352978 0.309287770026444
"cg27097542" 0.0638867524538859 0.354533897185734 0.874321831000241 0.887281296676708 0.0517177475477469 0.354801001624372 0.226143694173514
"cg09885622" 0.114987032474873 0.195988734226115 0.837607095673778 0.683667401910838 0.178497074170153 0.12887763089636 0.415797224715708
"cg26923863" 0.0459628474545183 0.647472978382493 0.926250351422075 0.844487833669885 0.0376055908764668 0.0531582838068144 0.55091983646373
"cg16563370" 0.109501061832607 0.185795203740682 0.835290923709201 0.853273150275312 0.0822718105453937 0.0938060717142788 0.0881470167589616
"cg11787160" 0.196698474454336 0.243958205305992 0.918989414228265 0.915885066684197 0.193484661260574 0.24732945433309 0.153878192260017
"cg09832245" 0.0762287524621076 0.0697934387604252 0.810860895395014 0.822689162507374 0.0525983210954197 0.515874042424009 0.215040915751364
"cg02046552" 0.0514261334096016 0.101746626703228 0.739241783583776 0.536884776368839 0.043952762396373 0.419831693383859 0.0810227938870084
"cg26402417" 0.130310146926437 0.282206794961331 0.909184056757495 0.899524377610369 0.161945130125389 0.52336927242999 0.106842987880418
"cg12465678" 0.0703693502769257 0.47350361402213 0.86694487533452 0.675521927812679 0.0587151827977138 0.104860218813087 0.515111631071479
"cg03574571" 0.0922227081781526 0.0529977988361459 0.821228186710941 0.784618858529531 0.0672992311459335 0.595298440127837 0.396606063800315
"cg06422467" 0.0574948396720503 0.253843788032398 0.870420591467262 0.870499804092526 0.0632644838505276 0.638043241392464 0.279578975496916
"cg07834069" 0.0722026921607931 0.233285456914229 0.883241411751205 0.873840090953604 0.0560801757675739 0.6381612650023 0.602782553706448
"cg21593001" 0.0635030132502434 0.134779284452669 0.812943840308885 0.865762200268993 0.0478214906603425 0.126095318026134 0.0651872969332885
"cg10453850" 0.0564227632517561 0.341712942447399 0.899729234513457 0.899196377386229 0.0402666294893405 0.631132780480841 0.413731642223408
"cg05389236" 0.105316902308881 0.144245884885834 0.956438990413101 0.956532279194897 0.266251942968288 0.885389401450151 0.727931722986353
"cg16824282" 0.108028115354183 0.182870658630705 0.878050923060209 0.871643353974428 0.0581372941461845 0.641340679652974 0.367265594174659
"cg00409104" 0.0686012238154859 0.0616551438060007 0.841770619793166 0.844677785441845 0.0539770083574198 0.760861729435553 0.350327166719013
"cg08545593" 0.0678796706372618 0.134486082137008 0.875218798115879 0.88180174615915 0.0617873299546922 0.808532164848909 0.472523635953674
"cg20049422" 0.0576012256466801 0.191912761168571 0.903190936556048 0.910868372202604 0.131758831664781 0.843073501671854 0.341451105804736
"cg08772789" 0.0866967299309077 0.0599187598345799 0.856019809670041 0.833281706978537 0.0707422926186067 0.697660800160533 0.539307709107343
"cg23671196" 0.0553166144247152 0.0943391616252165 0.843686106173848 0.874486534218384 0.0466472274719429 0.715155236987245 0.169864086496946
"cg16922167" 0.0840128066221486 0.163879078357728 0.845048234258254 0.834327851200694 0.070793493847411 0.256754102747749 0.13439947374785
"cg23379806" 0.066416255294961 0.0615595696957573 0.817678639894035 0.809799378543889 0.0562667890738929 0.349836392722734 0.178522917551357
"cg18907610" 0.0638968977745211 0.134989738444761 0.87051705503083 0.874718362384766 0.0776701612448592 0.754108748011135 0.252715967458492
"cg13468685" 0.0926014043662529 0.206199415846346 0.826146894663487 0.653934038546661 0.065967765328819 0.128628977332516 0.387051804799172
"cg01231183" 0.152878438572938 0.100387561232767 0.877261490408331 0.846949711800039 0.137174310579618 0.320083866446229 0.15840984476954
"cg03746834" 0.113923642227935 0.0808169483444477 0.892320378748154 0.886492026820533 0.0663027013331989 0.757326864486133 0.60411700618139
"cg09287328" 0.127108780567576 0.0937472123500759 0.953169847090583 0.94852920534488 0.224417555113811 0.793370279832607 0.631943328210622
"cg19628988" 0.0646659265465104 0.203044124048947 0.83963869817848 0.763879146520745 0.071915604172769 0.079294416780042 0.115339575039682
"cg20455854" 0.0458696107543855 0.10082531580774 0.786337910668054 0.69559800786864 0.0310008807541679 0.0373766333281464 0.0544690489632093
"cg18150584" 0.0642188212039728 0.170612206438404 0.873061252734675 0.849342968437271 0.0516246596446261 0.688038962035086 0.129257850615969
"cg22152931" 0.0739238156308424 0.0762293802391923 0.893202701690361 0.904463921006626 0.0595673918778444 0.760875113899795 0.614836043033831
"cg01925950" 0.0509806889498817 0.0571924663060606 0.864353742419045 0.867791718505779 0.0683612480515757 0.650121171181644 0.410298201903508
"cg22742001" 0.071974064248535 0.0912788423715469 0.878088794711046 0.86151967739769 0.047839387188633 0.694496291721831 0.413147997242051
"cg15935770" 0.0649784475439226 0.082677268265801 0.894505533175953 0.903783047467542 0.0579977804482553 0.747873873528598 0.462093398258843
"cg11377213" 0.0585017658447361 0.105309636386953 0.869980164008052 0.816782473603831 0.048993572891839 0.678491382310405 0.334757098539083
"cg10376161" 0.0543066212251494 0.0541261067134659 0.883476819913899 0.86340776170646 0.0571166790747907 0.751177141835943 0.444099601602356
"cg24448340" 0.0579652463094331 0.0956344700245651 0.903921252489311 0.899362268200038 0.0426961500590077 0.751514126602316 0.571098692052145
"cg07785552" 0.063461186129529 0.0505151631296704 0.812801722093762 0.6754416887764 0.0523632789138619 0.0861530380259364 0.282641462176517
"cg23582982" 0.0500496900269425 0.261003841177072 0.907507423929194 0.901910098047425 0.0278301630412216 0.323035557136357 0.269906885524907
"cg15982099" 0.0777656030450353 0.0602864581592321 0.908750297664221 0.909223449946658 0.0603212396072143 0.763027177195832 0.138844060143763
"cg23249922" 0.0508674736088101 0.0397450809981846 0.974674790199529 0.972145317467797 0.184713575536939 0.853587158043037 0.593916912292308
"cg13448978" 0.0501099843461152 0.095848829533675 0.917712370944536 0.893015134146559 0.0411505481003463 0.160345606593223 0.0547820804488772
"cg02380585" 0.0388886421776478 0.0290866427394917 0.889768484573881 0.876833605198463 0.0262898042984797 0.0487785171742779 0.0496702612026063
"cg25939861" 0.8530843318401 0.865250278967714 0.770282663232005 0.0706571665694238 0.873606656845156 0.630561583455811 0.634352558834094
"cg00219921" 0.888532227466283 0.897496010369922 0.784507411896543 0.117611929312721 0.891525800996028 0.822801400783629 0.804869430599142
"cg14094409" 0.959839435964343 0.93062660584661 0.388281561280846 0.0640301502001981 0.968055578045502 0.228999381893355 0.795782498534641
"cg22512531" 0.872795084593697 0.889640072671948 0.451179694437629 0.0712577703123819 0.882962451694547 0.296508536383897 0.747017221036457
"cg11531557" 0.886801507477277 0.893724118364472 0.577938080825234 0.134200134009844 0.896467915212264 0.804180201455056 0.754452143738342
"cg04042333" 0.956073711219484 0.898769523054327 0.491325974286113 0.122457051816354 0.964951129594791 0.115892604438747 0.678666235426988
"cg10977115" 0.88762249058776 0.892878479890465 0.352830450204788 0.0684459099694922 0.895564616939769 0.346168584328858 0.721928998225873
"cg14506192" 0.892431747725344 0.890663398278518 0.467419415047023 0.107665910272125 0.901241015200708 0.212608633730983 0.765544698589313
"cg08418872" 0.930857574909623 0.964654542053997 0.650600409550403 0.191667775705034 0.904020642799006 0.300915068865848 0.793870657656985
"cg02324835" 0.851641025347936 0.869913612954096 0.32691195182989 0.0998683736572243 0.878441220232742 0.733650301889757 0.819563596756242
"cg20894640" 0.88589704956032 0.899719207608746 0.16055665749725 0.0773804429272479 0.900096315799038 0.205969168522276 0.751754172460369
"cg27470208" 0.876145537050721 0.874777396325808 0.089348165636008 0.0655772298974398 0.887159927740827 0.46510296229531 0.724587568311502
"cg04759756" 0.898840380688791 0.901467724683373 0.375807837777922 0.154231383253245 0.903963480130212 0.674028855574939 0.76318793674242
"cg19529732" 0.855758285835802 0.806988961176351 0.173375509961629 0.0389107613671806 0.830175910678219 0.113988946653124 0.606767796511875
"cg15880738" 0.865041318051509 0.865242929874437 0.0530398316259851 0.060031527318954 0.872909484415639 0.591711607995778 0.679452184105264
"cg22689323" 0.862253105440879 0.897471341617704 0.0738412467459732 0.065783019529886 0.883745664120328 0.423899909971307 0.64611526772219
"cg08622923" 0.837655772945856 0.820686465390418 0.41423163744312 0.0946724291015586 0.814982686899269 0.203707950840884 0.64344079608755
"cg11804414" 0.844907813365705 0.792475418150133 0.251166014549478 0.0542318138730513 0.805226913929826 0.158160010041333 0.651275038089178
"cg08109681" 0.871459878984449 0.858343803666062 0.0742093979317015 0.0558181888133597 0.878370042811532 0.16172551657576 0.697596995866359
"cg16374333" 0.860079493274596 0.882993894277555 0.0859039971434594 0.0732579096760032 0.874843942756499 0.400424179486563 0.766339867407717
"cg21330949" 0.85555721152371 0.832773880881596 0.134446099894377 0.0560837928610038 0.862866378891539 0.161237438942297 0.66696144665988
"cg23752651" 0.850581511238007 0.894933803009159 0.655613386734935 0.180701102023709 0.807876649634621 0.278503676692503 0.807530197291438
"cg03030267" 0.863713953909641 0.797490831372364 0.34082846068795 0.115595013027278 0.870921838505881 0.615391234229874 0.686615150091959
"cg25350872" 0.923716029171022 0.91757902628708 0.871570558387693 0.300445474538671 0.932153487321441 0.885413965122198 0.736797386493431
"cg26234900" 0.890714698128201 0.732401857254102 0.287018828374193 0.113349147524106 0.907000886994678 0.625154959701305 0.83573927626598
"cg14278300" 0.871165294044438 0.880515477840246 0.0602871891573285 0.0639265738662051 0.885287986551344 0.211589852868575 0.678559156367878
"cg09354050" 0.875167398610448 0.884446573206838 0.0457666136760279 0.0471371857378613 0.882806592837723 0.273970845670294 0.273967989742105
"cg03172657" 0.743635358629967 0.912790803329894 0.200428262851658 0.065794122637144 0.73990034875782 0.74621147665223 0.872640152031201
"cg09453312" 0.845661214735493 0.862861238255757 0.0470489824676416 0.0505001152084179 0.883490958246823 0.142184913847158 0.649918700736418
"cg26137915" 0.862817551519633 0.873426762510096 0.0766068482602193 0.0833527891726136 0.877385596720498 0.536189972869376 0.726432608012335
"cg09234252" 0.889922629416235 0.902146683980605 0.152963215924355 0.120833184829565 0.908926960328432 0.459608538409646 0.758863326168973
"cg02374486" 0.833097487989262 0.833116526420861 0.365388503566457 0.104712351094965 0.842423862676766 0.160801140600903 0.562581117589556
"cg10111816" 0.838888157741384 0.820394100753593 0.0634143368183284 0.0698949275552461 0.832221561969134 0.813863801841106 0.755388743757265
"cg13750061" 0.848136836738715 0.849905874912102 0.0727343737199079 0.0890582498420286 0.868495433916069 0.827545472068126 0.72643845292169
"cg08691577" 0.885787509970895 0.66905458872341 0.781001993918878 0.197194166491869 0.889988886545415 0.182261359518653 0.77439871925137
"cg14001486" 0.873653196337357 0.882199466031997 0.0868432583778028 0.0795535620748943 0.883489232073668 0.175288365657196 0.582223472428697
"cg19647567" 0.111556281650709 0.0941490443034788 0.81832016709409 0.839724073918436 0.0618806830199992 0.66319028546716 0.255857232132218
"cg14101485" 0.101487588065756 0.266432985526225 0.819172801783065 0.862857187274516 0.0829058249037764 0.281648127407496 0.166692331570212
"cg13247398" 0.0710369202721723 0.115782453633958 0.509070411945522 0.742017938931423 0.0627700346995095 0.0787181292064269 0.108501307175194
"cg23927970" 0.0597516922917289 0.383700364825542 0.875201276752077 0.916827758861788 0.114857368034375 0.645583547751631 0.199222758502575
"cg22948808" 0.0727855789600867 0.222493374744155 0.763723463207284 0.872289900040086 0.170454716256594 0.492012971559835 0.176690969202728
"cg13443575" 0.0580085470204194 0.0858194085263398 0.657878297818464 0.768419293202366 0.049771640403828 0.0482697158287254 0.0449489123882403
"cg23018755" 0.0854839147569917 0.381874941374385 0.82321262964508 0.891975405146242 0.0631839951734122 0.235765209775806 0.130066603676592
"cg08215318" 0.0784610414678811 0.247314707777752 0.777190075921995 0.879360609829438 0.0602405269798043 0.725299599424153 0.215165352379034
"cg15381475" 0.0311284528256919 0.234413191546338 0.762127509837526 0.82972097543364 0.0243966946591829 0.227220203085695 0.10828955289115
"cg01543184" 0.0816097665508682 0.455099027760507 0.897938341395892 0.932716506609567 0.0681370269718366 0.270709789648401 0.0894930945903004
"cg12426092" 0.0764176007602874 0.122744344904088 0.78212955303247 0.83057373807387 0.0583413232050396 0.245513299720117 0.086021454818031
"cg19118951" 0.0649218677489806 0.326245192412559 0.778295704202968 0.883179756922044 0.0312429297428144 0.528420996503302 0.221692800793002
"cg07799277" 0.0793448544935383 0.10482626880843 0.732583777231772 0.832455665500249 0.0617084088271899 0.501712702369951 0.128576338814607
"cg13795831" 0.12273893165494 0.164670515000275 0.88292251962072 0.924917212282929 0.121914625113203 0.688648369569776 0.392812212814287
"cg04354393" 0.0470083985151852 0.0475869635784707 0.626614145495347 0.773467317442754 0.0373968360931808 0.0662983279643182 0.0636592616352234
"cg09145126" 0.071472775290673 0.0813935554285537 0.804568633564953 0.864142311907472 0.0566715207435925 0.611930185260935 0.189203812554947
"cg25711558" 0.0500733224166903 0.0580061942734611 0.771126026070901 0.830256871718021 0.0388297238600099 0.203722514688676 0.0900354898185838
"cg22193912" 0.0393072374606766 0.359277687333855 0.839830149911647 0.913618322536368 0.0313163360363254 0.120297202849894 0.0369925407403022
"cg16802439" 0.758639200302514 0.97881911326899 0.978474442211815 0.975582100165977 0.0427464427595346 0.836476994664625 0.729308918183542
"cg05398700" 0.885239613511587 0.942710796755439 0.955847498851407 0.954064855123693 0.0758612776532788 0.878448004165474 0.807156864796659
"cg25739938" 0.874036699254974 0.911537960787889 0.911069797046102 0.911013370160583 0.0477855326104748 0.829548261535189 0.730325823851171
"cg06270401" 0.848575126051047 0.91586295057796 0.896132642280184 0.893375535645551 0.0403670344493091 0.792699210557651 0.554882461471221
"cg19037107" 0.85074745095237 0.910932435089649 0.908460802176167 0.904456457400725 0.0558729320248596 0.842420397032541 0.756078635832514
"cg22381196" 0.696551569365939 0.938825763924847 0.935856977328505 0.931936813116797 0.0384199516913843 0.853649676947128 0.775852861391041
"cg05936004" 0.791864957408553 0.909104044630988 0.912048206267143 0.907059110687452 0.0457689362801727 0.797775091737839 0.691884802751291
"cg25600606" 0.857633960934012 0.917806315037784 0.91962787980961 0.917727773657858 0.0780041029597471 0.832828704811158 0.729047171139467
"cg08253808" 0.734724300078848 0.89729351259573 0.909475379769576 0.915065514375608 0.0428305264499051 0.806288212843014 0.723830185424031
"cg13652008" 0.818447533164552 0.912877919692357 0.911935967186108 0.911659917132979 0.0813509843147508 0.819426756409693 0.777532452602629
"cg08154963" 0.80103390790106 0.88258458310367 0.887534354969691 0.889668448002554 0.0529951068601441 0.787169919675932 0.631595391943705
"cg12483340" 0.776859037240812 0.888146715726126 0.893827146666876 0.892357310855896 0.0536942582728391 0.814445342924519 0.680314382532012
"cg00705730" 0.823531547062778 0.881191214608572 0.873926614225027 0.858240005818314 0.0515364894251612 0.817718295746328 0.649606111417708
"cg13468144" 0.868503614419012 0.900153462183221 0.840180448101636 0.889511801929156 0.0756661863496712 0.811465914563615 0.762350180058207
"cg11070172" 0.929551182542665 0.955382414057187 0.95541655433008 0.932479805655512 0.1392591740189 0.874170414732889 0.723601844927778
"cg25074794" 0.837916670913636 0.936643659916579 0.939277285392886 0.937790286757173 0.111351205549992 0.820896418559385 0.763177496800478
"cg05627557" 0.696414489620461 0.886298818114476 0.888959388873819 0.880131958409598 0.0298865350666771 0.766469701104861 0.573780782311503
"cg13595556" 0.672957964322485 0.914918598295081 0.903278796404189 0.898144127110621 0.0401572682530594 0.718542059541328 0.64839301167665
"cg17852482" 0.832813742748291 0.873395409073592 0.878870935161559 0.874324683790485 0.066039823169419 0.773329140113377 0.678529319950575
"cg10487428" 0.776838387415851 0.897435065423142 0.89309794795793 0.892917241401324 0.0632766574769968 0.785066389057827 0.650043795438232
"cg00660167" 0.811463765043936 0.964145270870875 0.964523254314635 0.963106995817708 0.130694943361992 0.905661733346284 0.828264651746708
"cg15658793" 0.699407068247279 0.882187960290173 0.925647282388608 0.902994761748604 0.0495772819852403 0.798445549053215 0.631264571452455
"cg13618969" 0.866089535889672 0.878695755740715 0.89488062963507 0.894809034652205 0.0907795572514999 0.824768790685617 0.687151986178771
"cg15878616" 0.544833928064346 0.972115862047852 0.976826904283248 0.975377422161784 0.0734156535754528 0.895998695226843 0.820724704768677
"cg01692842" 0.799081492394878 0.86019948031459 0.851169009794106 0.851560795021368 0.0495414869907204 0.808403855920895 0.655529557827174
"cg21792134" 0.847218904363519 0.913970081129775 0.911053726890075 0.909546405529913 0.106362360041419 0.85700010205359 0.763088300724408
"cg23819411" 0.753185257462524 0.929871092394964 0.936320039052103 0.934719146079956 0.0924120448282871 0.8392411230499 0.684094149610827
"cg03340036" 0.730742777435778 0.878522830208296 0.884065917018234 0.890230047383562 0.0580924094660467 0.840876108751081 0.745291348662703
"cg11014468" 0.886346297919367 0.911458573720516 0.908671323099331 0.908345050040422 0.0937604469904298 0.841928551221066 0.257196599999715
"cg01699630" 0.862908386822465 0.886007615129806 0.884879899538417 0.870258819598709 0.0890544211787156 0.81196050499465 0.708741255545473
"cg10611016" 0.656216194074203 0.899182841830468 0.909890971352437 0.906280142976353 0.0546115178297331 0.84978306563627 0.696396347085313
"cg11313468" 0.741539148602942 0.861817696274282 0.864283326652 0.8545195490813 0.0495742135738604 0.780802419452059 0.727121843696982
"cg03146219" 0.926014969865046 0.955254202308296 0.958258730983625 0.958958999074062 0.170491786008149 0.894101057564264 0.773285894396925
"cg18023065" 0.384528756749873 0.971767983661228 0.962125461542998 0.962407670510366 0.0330443535598637 0.809165740486587 0.711705014899619
"cg07409471" 0.828687814476754 0.92204675104942 0.912424729668014 0.919229429837957 0.12000060970694 0.837594971954681 0.754593062461411
"cg21285555" 0.814047576078543 0.894774219319894 0.892964511805571 0.888502838916412 0.0761844062946938 0.759991980615349 0.28841778535863
"cg24737761" 0.792516770705533 0.878922832827828 0.88472710021497 0.868050590993021 0.0785905793385464 0.787187598924836 0.663795397660134
"cg04609694" 0.794639596786893 0.868555934727074 0.875921337955411 0.875894214008955 0.081984029682822 0.818186639320729 0.729420627138634
"cg00439981" 0.559607959053486 0.894465165168687 0.90019819374338 0.90009481101702 0.042643428365755 0.858319272373314 0.763262806567761
"cg09859659" 0.863946052813757 0.877773342566497 0.891289782034412 0.891723638362341 0.110017528006027 0.78440428293195 0.72433060187409
"cg04858164" 0.790991964025372 0.862203413670149 0.88143299472737 0.871521601283288 0.0855235721071661 0.847472915613687 0.761055667318626
"cg21685770" 0.668952489940608 0.843298610679295 0.889259275496429 0.887986891379561 0.0471583466435505 0.847435827870227 0.560357750211803
"cg12809098" 0.669983394897793 0.908722260922274 0.90823287419384 0.905819712714463 0.0850991715627739 0.85336665109772 0.687732236187436
"cg24504014" 0.634853440632848 0.90431576119515 0.911097616199034 0.909547869936577 0.0739515038318201 0.806360101110775 0.664631238852467
"cg13178361" 0.744196688154552 0.890130051406108 0.888356076106079 0.894361991233228 0.0927071129856435 0.808682501134718 0.599463825781315
"cg17932662" 0.625685668005984 0.899910721740893 0.890880056744427 0.896974614553317 0.0679403246559906 0.809281767885044 0.626014262336379
"cg23169883" 0.42050405633079 0.969589305797469 0.973532528942266 0.9690681246879 0.0720749259400638 0.910913967075797 0.702478787173875
"cg11153071" 0.672738078173532 0.978506899960672 0.981303022272877 0.97730262886387 0.149952728287458 0.912541325483279 0.850516389763607
"cg04855678" 0.570836905724028 0.91017012827294 0.924404964290557 0.923459345500927 0.0712889864403439 0.721506030708213 0.693271485476326
"cg10206397" 0.759550958790055 0.907245273457242 0.898389013892986 0.897351053499495 0.111896476020397 0.815450363652095 0.680377855306298
"cg00754552" 0.119525850592254 0.0907644500547455 0.57901360413267 0.513007951305246 0.84096399538913 0.288604605563353 0.556949131854401
"cg21959598" 0.818703489186878 0.122294559054571 0.122749277312185 0.191550721951691 0.86066518501404 0.150715541966529 0.672156248081013
"cg26404422" 0.716878982462862 0.133355401868135 0.0774469099491238 0.093003402912198 0.804402649712407 0.202635676759802 0.5642532488563
"cg17322655" 0.81609783918763 0.490824510350266 0.0625697429944222 0.131873525185731 0.938588711580291 0.541912226697249 0.718261019884418
"cg07018090" 0.189932831321883 0.0475125141073664 0.651045037350312 0.655554166886624 0.917485397670251 0.356999272266932 0.695879630683186
"cg11316887" 0.825703967147215 0.124883992285774 0.214274225000941 0.134433539737681 0.879379842647974 0.168019929179529 0.570299816162662
"cg10145533" 0.734699061259381 0.0825128432500833 0.071389386871095 0.0872114974644107 0.802703491657553 0.151800624374724 0.531539321041154
"cg09221159" 0.457920739166796 0.142920138852778 0.0577959516356108 0.0646014548510848 0.737179880222192 0.162842456526793 0.439879319242387
"cg12810837" 0.702389946489516 0.0597044926098465 0.0464373069890711 0.0519190075468422 0.781513843862218 0.147103213761491 0.472324590946861
"cg15903956" 0.693234131072831 0.0620318062574076 0.193937057711838 0.157860373181198 0.871710520715973 0.749311832280703 0.773282939111401
"cg03526142" 0.76443786112969 0.322201639603345 0.0455133403742052 0.053972885820006 0.849145141681203 0.115827238046105 0.335406863411724
"cg26106166" 0.632664983347048 0.124294329565089 0.0982983125105155 0.0971166341026494 0.789883739382256 0.172049732291301 0.213071776468302
"cg18128887" 0.296154601848053 0.035040636830141 0.0252629219597609 0.0286652931349299 0.6686632455849 0.0845141288703231 0.453219437500404
"cg03889044" 0.502698465342502 0.424797997791452 0.0670423674190371 0.108356702818675 0.862236456909915 0.399090571685642 0.593081195503432
"cg11354682" 0.117019878172152 0.0660662380127397 0.372966547878663 0.426038918530391 0.824159271074113 0.152917965821954 0.666398210991105
"cg18920397" 0.701689337797682 0.13933982397958 0.0514993731274207 0.052236968841867 0.835886928281396 0.155794138842209 0.513626663215933
"cg02212836" 0.140899113791513 0.061737607526965 0.227337954120283 0.295559014119007 0.783654560100298 0.240920163201441 0.649750685992859
"cg10699171" 0.528897643793706 0.110368256415046 0.0767463498180902 0.0833236247827439 0.814106709418521 0.15366990034982 0.564359035601632
"cg00795812" 0.233453094767378 0.353385785491997 0.0569996233894952 0.0900647767756627 0.812293532837983 0.396706968100457 0.506354570256985
"cg23280720" 0.593661140388477 0.212338741880889 0.0297199506909751 0.0375835065959553 0.866199461790466 0.3833801895118 0.611431397047598
"cg00446123" 0.753606786307434 0.107467828724564 0.0497305765814299 0.0480725015972181 0.872622560420449 0.121107969298464 0.234011494324076
"cg27051683" 0.494238145030155 0.44914110436871 0.0458029671383312 0.107753912506607 0.937384965049033 0.460053148690178 0.652140927545945
"cg23954655" 0.119299488874876 0.0648271466808944 0.0639045738102554 0.0765002701585376 0.772235316884355 0.183249726917703 0.552084838619311
"cg26341831" 0.16316106047972 0.0446062193079159 0.144269094133729 0.051853874001139 0.785026162583477 0.0952484551413402 0.13023402077122
"cg09993145" 0.105826524002035 0.223698525488842 0.0895431397136117 0.0778009105226429 0.827341920043264 0.0988551190354395 0.476165027692893
"cg13617280" 0.904104788410823 0.933661310009174 0.937509018146177 0.920777559177076 0.884799302824547 0.104038295556716 0.652035930200676
"cg27274718" 0.888800067122061 0.899319287628941 0.9051953558535 0.885489146546581 0.900536855578182 0.131129844416772 0.699631427641281
"cg13917614" 0.907331493135346 0.876869344207027 0.918700359884226 0.870208249357772 0.91631827698566 0.154690227847574 0.69854353229787
"cg25383568" 0.940390390777075 0.926337748299352 0.887985984605272 0.759487190431112 0.946350917713455 0.173616269366996 0.807330661523311
"cg12811871" 0.967300298593138 0.714169238292374 0.958121890278449 0.694652376987232 0.97831974577493 0.145848874642734 0.750588089493305
"cg15956469" 0.919749917439247 0.929257581413589 0.930432405850287 0.836311864666604 0.936449813681536 0.195978096263599 0.849666036322439
"cg24408769" 0.740346207028592 0.946923309747809 0.946643526693946 0.900770460567456 0.645630627755664 0.1193458201439 0.779247464921018
"cg05875239" 0.866303717180027 0.867973846972503 0.893434747143486 0.815859142510659 0.888391548684972 0.157518714795765 0.766816237695445
"cg00805874" 0.954863981715377 0.970756015523118 0.957947627750605 0.626644901499074 0.953171034458775 0.186908700493859 0.763614497444082
"cg21333217" 0.95891267192682 0.963342356772141 0.948680334304775 0.770800111588104 0.966432999671305 0.218780295003049 0.874127556602007
"cg24430034" 0.96907674156104 0.97273937684745 0.962464515802842 0.890473006032834 0.977941588019532 0.249132804332112 0.858938977552154
"cg00594040" 0.868362016953551 0.88205800133934 0.839341900974655 0.825190795124465 0.883322904282881 0.140328459051383 0.338895626833386
"cg26209730" 0.89699080795785 0.898561351790556 0.913803900018993 0.903571491520822 0.91747388358394 0.207446268259839 0.764383265277436
"cg22488278" 0.894001670611486 0.839907031895163 0.895178719103797 0.770451151984617 0.904567855146875 0.165576075599587 0.756287289321558
"cg05355684" 0.897978441920019 0.910091108059092 0.897185204529626 0.865464866473295 0.907599235403911 0.205510851687983 0.693737185594644
"cg01806427" 0.722730367557832 0.888897134589895 0.87686933090535 0.785309132591572 0.856285576579024 0.134883365737163 0.677707901033999
"cg06202778" 0.841272815265498 0.904332232958136 0.847845283244073 0.656528202856831 0.882077490615078 0.138134877531583 0.627628729764158
"cg11650164" 0.900817033806506 0.915949615475412 0.859305756512847 0.750798720910273 0.891204115658701 0.164386254611164 0.346940561370616
"cg02384859" 0.903989441048969 0.889225920914601 0.854204620311267 0.624654487518821 0.911077773992111 0.153593788473747 0.682802382282152
"cg19915997" 0.883818830502802 0.886198752180286 0.870560865133091 0.857179619791019 0.889161569211767 0.190442688062005 0.680738142630661
"cg19563355" 0.833484159559188 0.859591571191409 0.856517470540776 0.791683341691487 0.817379812096718 0.150226129424747 0.77355622134685
"cg08985282" 0.876301619499703 0.833969675298875 0.852872826567096 0.742530855432177 0.883677389932824 0.157775617453164 0.718711237881899
"cg14058851" 0.836115913942117 0.903084807811729 0.896746943812568 0.857808281095995 0.793677798418382 0.176807205246209 0.762142986352416
"cg06040872" 0.892121196762228 0.900700729941227 0.854561159708429 0.622387956842034 0.878439723619379 0.152991600363642 0.717469361185227
"cg25426716" 0.889871427552788 0.8936611178762 0.908368910693157 0.886554900602414 0.886508187258704 0.207855222057404 0.632643061346633
"cg03538296" 0.836245226700658 0.844499743543695 0.85895971715748 0.7242663051333 0.859362959324209 0.145466933526804 0.682123079522069
"cg05593759" 0.885891576354726 0.814047278224275 0.854167433722485 0.76161963751271 0.889062275262285 0.164545592296115 0.635054188167749
"cg27582527" 0.837116401952599 0.808746436152304 0.763064980517769 0.566241992104001 0.864966513997431 0.0947140321407573 0.55890729843256
"cg27309871" 0.854791905626617 0.862004678805428 0.859993566199445 0.705143648917921 0.865344899658547 0.158118142294906 0.724363839404888
"cg14301562" 0.878504362628752 0.874932692761972 0.858048231167831 0.682504549873187 0.842069006999008 0.151297127691371 0.565311139743249
"cg26355072" 0.960538344383484 0.96543734043213 0.967835987274454 0.965014057242509 0.968282800818785 0.291483315155088 0.822082718000909
"cg05653887" 0.876164311350476 0.878989573773024 0.85103662354242 0.62882124189253 0.881768505423863 0.150338999401279 0.598654833648896
"cg20657709" 0.868826700541801 0.875659046337106 0.875231606526758 0.701479647341686 0.883566538533295 0.169371317081262 0.669669721661539
"cg08415156" 0.717779562786606 0.927338457226697 0.944014875872827 0.923472952540096 0.537344544636713 0.134600739108846 0.707983523351054
"cg21828319" 0.85330779989525 0.762289866483491 0.876962046683951 0.848019610522478 0.889985849858778 0.179148759823483 0.785234967835368
"cg26275360" 0.831669386108124 0.81700813241578 0.840603490390059 0.773022051869489 0.864477980924844 0.15835033161568 0.701439586561467
"cg22749642" 0.872267608414405 0.85491699494263 0.845033521555462 0.621798268962072 0.884929642129646 0.152501746576672 0.713801799085725
"cg13209388" 0.88348782595525 0.888559922749898 0.887986409921336 0.793328482956793 0.844316971793402 0.192068726753336 0.693178910163317
"cg26012482" 0.841878495357521 0.843396008603117 0.756638611394418 0.6771420401626 0.84512488790602 0.128439038771061 0.664635819972486
"cg00829063" 0.882023081489254 0.898888537265636 0.748273769069905 0.798134594550631 0.899186919232491 0.182670450093089 0.672022453431443
"cg27040968" 0.822310560477683 0.830342128876468 0.837675403532341 0.815977275536275 0.848535970714595 0.168100599703551 0.670120332008968
"cg25386954" 0.819448649008863 0.837695947783166 0.853282812321261 0.825185191698346 0.836129626409132 0.173283819979454 0.685775989885223
"cg11978441" 0.871284180402679 0.827425881699669 0.764632526473842 0.649575727365121 0.885080825440325 0.143576092741852 0.679659893405871
"cg10592926" 0.88267771573809 0.896038449228833 0.906741755242113 0.888795834594003 0.907652230502038 0.21960875323226 0.312010508475065
"cg17893934" 0.952923499502444 0.96777403880611 0.940852115113915 0.903428259806593 0.95049455591809 0.287137841849976 0.884217935703846
"cg26678144" 0.922024275922478 0.629539240623221 0.919004424925277 0.780472812507181 0.929626614009042 0.179906793472541 0.670854899690776
"cg08326410" 0.892532326475409 0.897919055224188 0.892321129987827 0.83488934033029 0.89706026699956 0.224419062653882 0.724399326383947
"cg12286890" 0.86240847580728 0.842514423674484 0.852210835519233 0.672050963455569 0.871519652614161 0.163753390178342 0.64488664316202
"cg12111137" 0.887966832607226 0.89506154187517 0.817018179072526 0.487912548447985 0.885335757752047 0.146146933194246 0.743562728044588
"cg09788778" 0.949802520305441 0.979607864478258 0.970009275589077 0.738361897899635 0.923187853088149 0.25829707072006 0.77573201499604
"cg13719443" 0.149304846675537 0.294425517466306 0.212567070822527 0.291836322438457 0.14715994589954 0.63166120254026 0.342768770941327
"cg07392085" 0.0807718617455812 0.19594742561308 0.0854304709915972 0.12183920359155 0.0694443548394468 0.522130996604242 0.154474963592466
"cg16651877" 0.10494776377896 0.271991549766298 0.289228861372356 0.540483640796854 0.248655545533748 0.703029680514189 0.5062836015926
"cg17176894" 0.090879567395373 0.0868802165485221 0.24455159209918 0.394402161005991 0.0689995520859581 0.593005929689578 0.393764622813314
"cg09958065" 0.373077707637981 0.393565755845098 0.375634257340745 0.490316936342904 0.149614279924152 0.774469726774414 0.515648277926712
"cg11930955" 0.291388375862849 0.22015414270696 0.0937364489792511 0.253131879589204 0.37626558326125 0.666685730715738 0.317578401983264
"cg16066219" 0.161291477965688 0.0565903656024131 0.242703284864639 0.267514318317493 0.187325920367849 0.609756647814508 0.47343486664637
"cg23728447" 0.133208119356651 0.212789287391486 0.393631878040738 0.550730115597055 0.119217209101451 0.694139405452989 0.337718325304794
"cg26800893" 0.175519858168966 0.0730110068531798 0.0576900381998934 0.0741317331166166 0.0861700932435245 0.520794631349725 0.20267854317401
"cg03652336" 0.061489339659654 0.452859785598932 0.141879634226706 0.19898669101471 0.0928407592723962 0.610539131290199 0.306929674356552
"cg24937136" 0.155441957199133 0.0934967896318814 0.304358917775628 0.23166688310359 0.116925365918912 0.604404835077855 0.250416221191574
"cg12054698" 0.153629588587615 0.163720271703802 0.130126951906874 0.134357815137857 0.145494353938921 0.579779050534511 0.37531515154175
"cg11115622" 0.0969946759168572 0.187159217254907 0.165501665019745 0.307150832112801 0.0431138221869347 0.584222239856695 0.219090608743407
"cg15896892" 0.203417579403742 0.0473917280526382 0.124544889025227 0.317989714762728 0.185937807560764 0.602178349482884 0.183283552647446
"cg16013543" 0.0851330567888784 0.061609450139072 0.081317729217622 0.181168055297759 0.0689827642299081 0.524908590417866 0.169430788268248
"cg03548857" 0.0708404360585464 0.188877544902984 0.251168142080526 0.350360425761293 0.0518940494167362 0.602447292709013 0.113206252964831
"cg23716141" 0.552904670147584 0.572321717673775 0.20776783127961 0.345054876099692 0.497748464329904 0.873095445924057 0.581152799898135
"cg22589728" 0.160348383788762 0.222549406266314 0.30646607826257 0.432854378167194 0.164825152469843 0.682660786689943 0.216585613697181
"cg09101151" 0.153671725770774 0.0893480624411619 0.41920574131831 0.493333912118619 0.166480742201499 0.70251507688729 0.419294905511258
"cg12697139" 0.136937776762721 0.260686273329219 0.285504439614769 0.27318639339451 0.110933191632501 0.653428565886743 0.360860633516409
"cg06875488" 0.175181544885479 0.297422644478775 0.492320256257481 0.563494204589246 0.260439263944199 0.785099449282428 0.235413632189474
"cg22242842" 0.14403670127662 0.279721349070643 0.401233367082698 0.396644706580208 0.265291506289483 0.741553139653883 0.439231788164967
"cg27122888" 0.0763299501135533 0.112944856937999 0.110166144788894 0.206579800402748 0.0645704696952863 0.56117968920292 0.220496923729783
"cg24088496" 0.283398357881401 0.370685469727081 0.156179167729289 0.28562831080963 0.424966341056257 0.770079197054963 0.608371532676131
"cg10460946" 0.250253891299313 0.234016166262543 0.0667669572854158 0.0977585935111002 0.197640828914015 0.638609865736224 0.479866755952394
"cg07381806" 0.151936157883329 0.114950204612229 0.230495216285755 0.471181319312794 0.414731469444836 0.737207980960937 0.505886653456479
"cg01447281" 0.0877837721978892 0.143017961013943 0.0790490756337688 0.226220883462945 0.0681714936482247 0.591083045700215 0.155667415354136
"cg07675477" 0.179320823946247 0.225121906285627 0.164036686578592 0.331218077045127 0.171667212194269 0.68593612852308 0.222811304924948
"cg05376738" 0.0796512454272723 0.314554169744566 0.0965824276506237 0.229279719521487 0.356100798897922 0.7014117354476 0.641399937671195
"cg13836518" 0.22847730136674 0.490573880758601 0.0883374793938299 0.313402769205481 0.0634214562503145 0.715687730661279 0.356998716112136
"cg25020550" 0.34641018938858 0.284844934385052 0.255662316427891 0.290965100423553 0.313741822086472 0.789504089877813 0.587681953587807
"cg22442430" 0.180901162251955 0.143187133723849 0.122629636717831 0.162542116272116 0.3514528908822 0.691633219842632 0.522469843560312
"cg00629585" 0.1617561999501 0.146465460470768 0.179739389493403 0.213353647103189 0.117894985617122 0.653371846686165 0.166920030363052
"cg26348226" 0.0652214956268902 0.0485695722402084 0.277265941314407 0.486077064813274 0.0695072717709213 0.679019274382859 0.196666883959512
"cg12983285" 0.0541608891715882 0.223460142457722 0.0995767986388633 0.200920263757475 0.0937609894679162 0.638023538237617 0.304979408315814
"cg24315421" 0.0677123799326235 0.415410245412509 0.283496647397076 0.51418514067022 0.0500890995570724 0.760472087887372 0.289470176050906
"cg26971042" 0.122236364951311 0.068432023726235 0.0958108838526373 0.20647547380395 0.119391234667537 0.62470001235525 0.127576978696209
"cg16719404" 0.0797811984885377 0.498326043346035 0.142706927936586 0.237983267382458 0.469183478523073 0.794041875205702 0.474710531309431
"cg07687131" 0.0808299830084394 0.0778656158053373 0.446889395419262 0.529826823232031 0.0669107777297708 0.73711215398628 0.114062569362081
"cg11358405" 0.0430215530734479 0.0705667668334728 0.448707920828321 0.52478817001264 0.037389961761404 0.729503083926335 0.158165961440559
"cg27218978" 0.176580452173199 0.114434671601992 0.495813001104807 0.605624610706246 0.0686196442410462 0.82084667352962 0.517120243919804
"cg12273325" 0.060035502572357 0.0816043897317178 0.176680812393709 0.367535327145372 0.131780156683915 0.689823638804804 0.216144897120712
"cg09001226" 0.0759626105980175 0.181739179606598 0.320796677019672 0.374475335375515 0.062309879324933 0.747395450292042 0.576321561708341
"cg18786123" 0.0724101102014454 0.0933947648129069 0.102194718543352 0.173280250741109 0.052594631919043 0.64786575216238 0.165474424525587
"cg25887844" 0.129890733514011 0.323076461085274 0.15141502140819 0.251003230830297 0.0723108591026852 0.74340754817226 0.369378347120781
"cg22897715" 0.0431371654308329 0.0956793098318395 0.187455917791026 0.155936408032527 0.0359317032252749 0.663367428328129 0.114181624618221
"cg04179740" 0.083044465957143 0.239192320717381 0.105326387357591 0.236463732541824 0.0592114662755437 0.730625069732289 0.481910043777593
"cg06117093" 0.0577339325761506 0.16470460417994 0.140001095856309 0.397547395111691 0.0695236582723674 0.757384888858407 0.599919413155018
"cg17766305" 0.0660652573725781 0.149694100108678 0.426812540323566 0.549495498213445 0.069373040989726 0.825540983443606 0.193274132838121
"cg18881723" 0.0590065444969801 0.0576943045075348 0.0514584093962096 0.170680772150932 0.0667672861341092 0.676033501275659 0.225326247038256
"cg06768361" 0.889469884888374 0.947274855600218 0.947360688021149 0.950348085840865 0.915882974752611 0.934059682667929 0.261876763663975
"cg15974642" 0.891487648061294 0.907378262814312 0.903190079004821 0.898119210937423 0.893155807436205 0.894431232330068 0.239119897092986
"cg18168751" 0.97286062701905 0.974090990388577 0.977205479750908 0.977551489101711 0.977199076764516 0.9599653960253 0.32531199621948
"cg14203426" 0.918534062195524 0.94556352451805 0.954401045077847 0.948245917121838 0.876021128947551 0.948614647061405 0.305362714399705
"cg23044178" 0.880673316505532 0.883787768982171 0.912259260854138 0.906967964944882 0.846826391451483 0.810128634839084 0.26087352083036
"cg06761220" 0.873921692331939 0.882789102245442 0.895300182485688 0.887740082820823 0.820721924157956 0.407149510790767 0.236047604032524
"cg00344445" 0.808644735709861 0.957059110563753 0.964356550015188 0.963529336404807 0.486450650118429 0.894055578751941 0.214197936847869
"cg02349468" 0.954173502086092 0.870635166795618 0.954278075021895 0.930720964720104 0.942565169201847 0.963726644840902 0.312683382171726
"cg08640475" 0.966383240276252 0.979328936080583 0.97510626278007 0.971000059676543 0.925365008292787 0.93552568991492 0.347761792480927
"cg20555305" 0.93451932122839 0.90329167903359 0.937996788157887 0.935969965984108 0.939193261040424 0.912689675372731 0.31581338629289
"cg10594510" 0.965602800208725 0.965154976746095 0.963821227733166 0.956171313251 0.958969437987683 0.916100925337647 0.349574410130834
"cg19586199" 0.929680936013229 0.948710053484019 0.949506076937014 0.948971659633391 0.939590516428021 0.946269534995027 0.332875841943862
"cg14166189" 0.900146895164948 0.905011882074654 0.892325476773057 0.879304201118236 0.907618137137174 0.846453719487676 0.287370551262913
"cg20151221" 0.914912461645312 0.919764237959995 0.870606234166303 0.915554347220584 0.924288175362058 0.903267868490093 0.30391889811404
"cg17052552" 0.863909930741635 0.878385194129638 0.887988229529931 0.865194207341983 0.897286562200519 0.870957842280428 0.273687895648633
"cg11759194" 0.888186531342169 0.8860093473903 0.894132086194235 0.894865508615539 0.893022299259914 0.861182049643413 0.28671069104294
"cg13928485" 0.835858047076032 0.872431399323813 0.861261090723949 0.865548926791875 0.796892345245127 0.805374091826571 0.240961024815617
"cg12099546" 0.906855459200112 0.903658864459464 0.904635775838602 0.898072140764155 0.912309384588493 0.883387922946347 0.302229922112956
"cg04643690" 0.876340709401369 0.891864483911936 0.91383686202139 0.908247356579727 0.869543622051786 0.898372384921448 0.290501287078872
"cg04983687" 0.965822338344772 0.976461664095496 0.979483873359446 0.980893174714871 0.887859590873948 0.87625904699353 0.354800396709684
"cg00529757" 0.895155852583931 0.893586782524927 0.899271534555612 0.901517608680171 0.896681995322083 0.880996322403061 0.298431102195498
"cg09899564" 0.886396957729513 0.889598932106154 0.886628832203592 0.884563742966632 0.881504223084072 0.866370885336758 0.288236237829732
"cg12077754" 0.890290462669518 0.904410369240529 0.904134192214243 0.908097729815189 0.843936907457545 0.876539715289983 0.293642712773517
"cg10018933" 0.895286356370496 0.891049170783732 0.89643347355836 0.900403788330829 0.894548068612271 0.880202742413365 0.30175980195596
"cg26103369" 0.893559607609042 0.891668593174689 0.913942088422601 0.903335754486225 0.884044063591061 0.885377226182032 0.303922715484838
"cg14396758" 0.898516845820598 0.905709966674494 0.907268573203876 0.901840015529402 0.911036802467956 0.562519996340849 0.302273618495845
"cg04228042" 0.891683666348846 0.89849399700015 0.902111245877345 0.897334679712097 0.899860604143677 0.886069418320034 0.306470391199176
"cg04120520" 0.864501818569343 0.877598945363174 0.895423797941632 0.891114978428502 0.828456846221618 0.886488995319473 0.281324729361148
"cg17107017" 0.910191454830034 0.910125481694647 0.897763164079758 0.908896152806544 0.92089190151873 0.898131168771168 0.320066539936964
"cg03445653" 0.835506889597846 0.872849693080102 0.861325631518973 0.851903716130734 0.873788739556659 0.845093514251693 0.269433293061349
"cg24390871" 0.904775972134884 0.908678663037866 0.910333629825801 0.909529083758502 0.903190839095257 0.882816162183476 0.318055478678624
"cg24928687" 0.889290011117978 0.886612431986537 0.891050362268634 0.888766964511289 0.894369304066536 0.794333541349353 0.29958751125044
"cg21768884" 0.944646086308543 0.948424149060364 0.948201367832373 0.946235087792881 0.944239021548143 0.949591249898281 0.359138454653909
"cg10330847" 0.899692793411108 0.909519497743847 0.909008808337923 0.907539861516468 0.899366805717801 0.709389873802544 0.311703194819232
"cg09696385" 0.875521307700584 0.891006853924058 0.887472097326878 0.877336827431556 0.874602496184432 0.492465972963295 0.283004868100445
"cg07149267" 0.906696271064028 0.906263996880533 0.905036454646655 0.906232444153382 0.910357064145165 0.889407460519832 0.321195004553256
"cg26159832" 0.821603185029349 0.866641200557659 0.855357095859756 0.842141243359742 0.787057562515216 0.851630835965352 0.249399308765472
"cg10099827" 0.965425287887885 0.98203873616903 0.974872710993918 0.969912355781306 0.919181323684046 0.927463508411615 0.376581452777193
"cg04276938" 0.851471237855392 0.896505651472748 0.883379599582615 0.878816486414754 0.78683942755615 0.815047146747379 0.272858678258133
"cg12476579" 0.882742971104434 0.920777401125429 0.919724826321382 0.918597608265629 0.863177418499872 0.832437796605142 0.314938349032146
"cg10047173" 0.881059493079353 0.897673459995608 0.889223616591359 0.880011673187845 0.883598163595933 0.864986734829197 0.30281580584466
"cg22029856" 0.905204211173873 0.90826929953697 0.906289470775839 0.902670239457416 0.905191799190186 0.889339560852993 0.323553648471993
"cg17528559" 0.882307901555135 0.891880685421529 0.898238153017189 0.894582893173586 0.897684059398112 0.896424905371854 0.311693879338724
"cg08809408" 0.856060888022989 0.867931655685673 0.86377740454607 0.863824606821828 0.852858865735622 0.818990075256448 0.278339987821417
"cg03767333" 0.823248787266941 0.848370520330048 0.848226057813067 0.837717539751478 0.814460240506146 0.808063445471157 0.252227574833812
"cg04315923" 0.948179897972077 0.954433878498758 0.969521272444924 0.969407600181644 0.924451822811434 0.954741673982636 0.372212213296239
"cg09684846" 0.697924928758427 0.847070298296186 0.869231643440068 0.879383287001792 0.68512885765388 0.570654415546832 0.204184247972459
"cg25854298" 0.885393422748086 0.888397501899399 0.887772075690462 0.889367540754645 0.865562512224401 0.874382120926749 0.303007400877163
"cg14555350" 0.880070875216229 0.904814323191808 0.890960451485924 0.87722685961528 0.882492266246818 0.866287179872156 0.306443636482137
"cg15733114" 0.85812074690945 0.887527939445497 0.883181520148449 0.874591634416858 0.855863341562286 0.856356984398733 0.291116728853813
"cg05596756" 0.0409002098885414 0.0595111773746531 0.0364805594069123 0.0389059490177481 0.0593090094388739 0.0736890225141128 0.417936577930736
"cg04195774" 0.194611734943706 0.298181395721838 0.109787826807265 0.200610283311907 0.180403367146931 0.582602811002489 0.580959304718715
"cg08767044" 0.0432487671778207 0.0372130881116647 0.179117080006793 0.169154387418298 0.0350908388610097 0.202731935989502 0.466557792496976
"cg21205978" 0.28245592076291 0.321968843195103 0.0490515208933462 0.0506864926588633 0.17301180472944 0.0814420646079726 0.549360561019161
"cg17344040" 0.194897269216348 0.313583849845161 0.0425589970297822 0.0424013103707927 0.0711952765522252 0.0694732039822043 0.510143173349255
"cg06197966" 0.064895638357663 0.166600830061885 0.241631221902623 0.266915485390558 0.188940794537728 0.356003523356058 0.565059973764249
"cg07216976" 0.343886680227665 0.348171236507185 0.0807835272167155 0.117306546380942 0.214143728990363 0.468946366950664 0.613087720497048
"cg13203135" 0.115244564669904 0.0892767596212788 0.0781811335760705 0.0863382640335565 0.430690099865445 0.195637552173255 0.54295309800756
"cg27485596" 0.21098448131668 0.216338977516996 0.190899409828581 0.286989196621142 0.191380573909057 0.14019669185407 0.600324436748258
"cg26231267" 0.165388546285192 0.119912751284331 0.0774728434409263 0.141224046077388 0.0948474064842977 0.494057974379141 0.518286220351301
"cg18649319" 0.254749437522789 0.456475048432842 0.27334316960968 0.302549470596153 0.426123204193477 0.619027220185729 0.736221618085874
"cg09742465" 0.059181913426043 0.0550408773864721 0.128502934832094 0.093052833537336 0.0528544912714476 0.0586203091032266 0.463690358856084
"cg11958644" 0.0449125057255444 0.0386888911721014 0.205159770235144 0.283211651868471 0.0382498547043967 0.213900512420656 0.509646053169795
"cg15153141" 0.0669548362690229 0.0564127593611959 0.406029484479025 0.232945350102132 0.0633738239840784 0.088741556669364 0.548022936344701
"cg05614346" 0.0580450248062412 0.0697477678549314 0.0544974668619219 0.0566522983840356 0.054572878170098 0.0701193646290162 0.451590865119641
"cg13538637" 0.279468167573201 0.133227548277731 0.106166236509264 0.107943471422857 0.21784982927157 0.374909460960628 0.572599745900712
"cg20660269" 0.185046103446038 0.029079190701998 0.0298710013319978 0.029787366690673 0.036477085131776 0.0533942288765593 0.459763491046266
"cg02003183" 0.123616024209785 0.0581258442607458 0.145808705721253 0.173069084998522 0.205859559335606 0.0865353706338802 0.535433592051649
"cg09458566" 0.0962462218369662 0.150581748554438 0.171142193216902 0.199359086344236 0.0750362534172669 0.165012353303152 0.535951554328811
"cg03466198" 0.0410929349783338 0.158045559082648 0.118267753249545 0.0999049342223151 0.0296818960388559 0.187888017470736 0.492631083584515
"cg12634208" 0.104379583331116 0.234317185673451 0.53769906243486 0.466814259746017 0.090294009644878 0.238313776937958 0.680551401453142
"cg20472746" 0.104126695588703 0.259355103342359 0.0700008202900265 0.0712397579608394 0.21215990125964 0.0962975083125409 0.546255465244153
"cg03636488" 0.116539295974543 0.0813641885552405 0.107775006058737 0.178827198275113 0.142769564353461 0.141455868718829 0.532257695379928
"cg19233405" 0.180289192531784 0.0241188720090892 0.034371304865257 0.185125967878357 0.175743825682393 0.387667836898686 0.541044670015691
"cg08726900" 0.248172621159647 0.427425379054219 0.0680264651557732 0.0712534246432468 0.281609059262022 0.12351250330766 0.631047348651574
"cg05927789" 0.370885679607697 0.153897200877501 0.105832545230157 0.131609252891848 0.557633183833097 0.637255031175926 0.695446526220431
"cg25574849" 0.412471784407709 0.385093484559784 0.0638301475924254 0.0828096307859426 0.304726186452408 0.623497977678004 0.684572509659479
"cg08574423" 0.0600281967418155 0.0344309260816243 0.0348975524953326 0.0388538728774691 0.0764651326337511 0.137370985068969 0.468857231142503
"cg06204948" 0.12660007090971 0.33129350991712 0.0628789052991384 0.0662769343113526 0.0442576276983511 0.248739512503386 0.549572074947097
"cg05468843" 0.0434701553030924 0.510787312747692 0.0395893813568008 0.0378982954809869 0.0410266180281988 0.0710167073546498 0.550047203059544
"cg03354554" 0.0860810876356839 0.0724464603431513 0.174004919155912 0.150023902144479 0.155863955401749 0.434202555920994 0.557935092364613
"cg00115178" 0.143160271479297 0.094176705686728 0.0296152186721433 0.0488676290034454 0.079250094086432 0.457890459478635 0.515144189577426
"cg13810673" 0.0614410324514151 0.362579927052808 0.0467305737409784 0.0482416548454619 0.1158749087539 0.0573050170655415 0.546495194251652
"cg13415831" 0.0510125573756225 0.245891604599128 0.0865025983381667 0.0698377138030978 0.0397236814241098 0.0546288355281045 0.519552332717675
"cg23966363" 0.115115194701556 0.110567535954903 0.0933532254222681 0.0790518404492925 0.0766201588974057 0.0642830601021766 0.521627328086156
"cg08098128" 0.0619134228103859 0.184291797613415 0.0425040468299525 0.0415045199440939 0.0386118314039659 0.0955296022004518 0.502049471304061
"cg06271067" 0.10803427513177 0.296367591412403 0.406617008328077 0.215095558596134 0.184354002433471 0.127382718097429 0.662244527050745
"cg06832898" 0.171390801115146 0.13109259287311 0.236518242942058 0.527387514525919 0.0624555409262534 0.577671561722498 0.666603218286234
"cg13408344" 0.193926053216417 0.117416606579736 0.114011750318379 0.106561089777834 0.297615053340077 0.13609714273108 0.601934284649331
"cg07884764" 0.216187424580634 0.0742484015800929 0.0854755859179284 0.0676838539245755 0.174368643523472 0.0744222570553886 0.572560221722387
"cg06637812" 0.104927127379771 0.114578370826045 0.0764728689544344 0.0917835603521051 0.0987588775656677 0.260302716894682 0.550145487196083
"cg15752436" 0.0639101392820628 0.0507334494449882 0.0544215144556868 0.0525283216610518 0.0934177970174804 0.0574068325413117 0.518571241255144
"cg20979153" 0.0621321162927065 0.497183139307964 0.0558004787445797 0.050972818745783 0.0617549031015598 0.0875663185415921 0.603045171555125
"cg19400179" 0.391194027135562 0.180814095216247 0.120766091903899 0.109938707121786 0.385558256293229 0.12765351377262 0.707468417241712
"cg10768932" 0.419541176512362 0.0379965679541399 0.0364704259303189 0.0369378547600497 0.0391021085651206 0.0676897226647163 0.623507621977511
"cg15694422" 0.079052769766337 0.141791826323989 0.355281630742631 0.182714522030645 0.0689982760563972 0.590346988940126 0.680092465283921
"cg01722297" 0.142250802862943 0.214656682064518 0.133720724600606 0.144540994629021 0.12159114308176 0.201771181809408 0.706314013539267
