"MO" "B" "CD4" "CD8" "GR" "NK" "nRBC"
"cg26872907" 0.0759335356402367 0.945676295573633 0.938619980408512 0.937232157502816 0.925209971449759 0.934335032945337 0.800574219363078
"cg23244761" 0.123031153383571 0.966908391840971 0.963112976736143 0.967943407041445 0.956727788109837 0.961526127334665 0.900287959600078
"cg05923857" 0.0972010202110466 0.915572606905661 0.853685616133008 0.921773016347803 0.811739853042407 0.913864794438011 0.83245005528563
"cg10480329" 0.127464142083905 0.902481162046473 0.912999809576797 0.917420428557547 0.842937780990093 0.908286808403346 0.883414868814313
"cg12655112" 0.107120960277613 0.892728498674903 0.901201867131893 0.945216237108116 0.735142989653253 0.931188640418243 0.752306920573666
"cg11597902" 0.0556279062657618 0.9591061180157 0.959008762961932 0.963341194051667 0.209513952683671 0.936091107770626 0.883642989171623
"cg20610950" 0.103079025142799 0.913357851634193 0.908899085510858 0.920721809329602 0.57870412629753 0.909072872222502 0.876674408564386
"cg24788483" 0.169297578389648 0.927459120083097 0.895181963777698 0.95485109369747 0.873123488014777 0.942531125038011 0.835796155354805
"cg12422199" 0.0947598380614092 0.733866503157219 0.872770599792782 0.861974509434115 0.856846735599447 0.811571373094618 0.780820755691037
"cg22675702" 0.126239259834537 0.855217676500587 0.858093048232625 0.8676751663731 0.822485265373152 0.860562378141719 0.84667831897038
"cg18066690" 0.175277651816713 0.909716262235777 0.908618329020888 0.917898088663919 0.900428201581937 0.907604458614708 0.813106839589607
"cg16636767" 0.160010199542287 0.88420922023756 0.899527269440799 0.908026318756205 0.871556616524444 0.889340553652341 0.825392671690836
"cg01476222" 0.12655439716107 0.794934594918172 0.888757048137561 0.863480307567951 0.859272998234871 0.842094297338166 0.845629808030333
"cg26538782" 0.137178969919585 0.809105496570396 0.884681964530509 0.896728553983504 0.839915562649628 0.886108688307481 0.787891414555605
"cg16429499" 0.0920528358396941 0.538244365148393 0.897848668180588 0.899746201488714 0.87512240676346 0.877622485916671 0.724238770300543
"cg04468741" 0.146625168144313 0.892521765839643 0.861550431050285 0.883350928370562 0.807210437313592 0.880578705733067 0.825533718681637
"cg10278149" 0.105284702026098 0.814931494283547 0.890123179290926 0.884940450510266 0.692424130343593 0.86902621536038 0.716262102212138
"cg08908131" 0.112694185946391 0.851486059383354 0.842005722463188 0.827185205976588 0.829597204618373 0.834570194698534 0.674535191024161
"cg19835973" 0.177280114372388 0.916740717393433 0.908101665582878 0.884848334648364 0.886244858406934 0.872842819690401 0.788491895972092
"cg11186858" 0.165111221664987 0.957010883582615 0.967714832108693 0.973288251374009 0.50411897762806 0.935466989067998 0.914409998540231
"cg23146741" 0.105512882330028 0.800641829812312 0.841020741068735 0.829892405371519 0.769726053438052 0.847720406535715 0.755493058369884
"cg27366072" 0.133894061461863 0.83418533512562 0.892916043720065 0.891919012713084 0.72104488321756 0.870912435982526 0.766851366633428
"cg18990407" 0.178594345670399 0.813023162942918 0.929092099195119 0.93985701822609 0.809986064003519 0.930518597240398 0.8050767766027
"cg02244028" 0.160201893497951 0.889178533191477 0.88327880740415 0.892595277738646 0.820385333622458 0.871292346557033 0.721303322215513
"cg00288598" 0.152376537313795 0.94922510755217 0.716702195469124 0.879198054311012 0.729350402050694 0.928643782092219 0.907006020815018
"cg14109551" 0.148444642872517 0.900449366834029 0.896958829910972 0.905444691110837 0.711455605497845 0.889838012503268 0.637823197907247
"cg10499974" 0.0909709899958041 0.854863829223895 0.895433892887733 0.909944450825228 0.445664268768845 0.873955997283242 0.652529481911033
"cg09322573" 0.106836675368988 0.8311625756895 0.877106969597083 0.876921365075196 0.621956594456694 0.81840525680525 0.715836354822986
"cg03339817" 0.231715096951345 0.833478238669558 0.967973538206107 0.969685199309891 0.961332517800172 0.965836378281687 0.733744083741549
"cg21459713" 0.184801747028142 0.885647893001363 0.863070601007261 0.881306582386356 0.862474023120938 0.88174290495204 0.831074134168258
"cg05669832" 0.170476098440666 0.746418803415091 0.889816597610539 0.916117629453177 0.852134158657499 0.893991296001057 0.823492723681633
"cg09220326" 0.129417227828397 0.897060024232405 0.892676106698952 0.891617861527793 0.535881360268631 0.876406578355105 0.771990871232852
"cg22259797" 0.0917107623743619 0.937693749690906 0.829761459281469 0.886038539156345 0.329727357684798 0.909450820431119 0.775149996252044
"cg00101629" 0.150524340505871 0.797110556159544 0.869673041589383 0.87174016629654 0.80263556901247 0.878186128794888 0.740876867111896
"cg10624395" 0.207357297821697 0.899330463524204 0.892371909671772 0.906110002034408 0.899025101591956 0.898797278213937 0.804728711467311
"cg18835472" 0.124036873956535 0.830983559037504 0.857656630898469 0.873926371908268 0.657317604831638 0.839729237781757 0.759528106792986
"cg06297318" 0.152944096750362 0.853443441286776 0.849921272732026 0.865349148520211 0.811268689256625 0.844204802862919 0.735046317776517
"cg27059140" 0.101789482354894 0.888183758439655 0.882724659133025 0.888234714536001 0.428544862278993 0.854974888610922 0.735707071235626
"cg02780988" 0.132581316986605 0.805160578411349 0.850133543556984 0.842541183506609 0.830459450941067 0.82933292031529 0.631612885424163
"cg03313271" 0.122426373854894 0.883310603584323 0.910821416851144 0.917695155611788 0.41751999612104 0.871508456256852 0.814728516464748
"cg07002540" 0.124089850430219 0.879841606242175 0.829759963443657 0.867647994522297 0.710459251775846 0.821110793631288 0.625619296141436
"cg10649130" 0.124967905070205 0.768162858893404 0.849336585212455 0.849263399101538 0.690218063262519 0.873996211370209 0.779517599704597
"cg20559385" 0.0859709962925455 0.774468317586662 0.6951686998376 0.704783265427919 0.826318501165585 0.837305043402813 0.734754168694577
"cg25898577" 0.170323900610463 0.908380859214754 0.894531211513835 0.89880224510188 0.738115438299695 0.842316796315879 0.761458957717173
"cg07213487" 0.192267981033069 0.739456330853163 0.908078205014849 0.917705701041883 0.901546103066635 0.866539612069823 0.858109540138684
"cg26690127" 0.140815054857734 0.72508154069175 0.881543126300513 0.897616993149346 0.716446415745758 0.887925806722096 0.75667840911681
"cg11327657" 0.0719467573923597 0.949458413791405 0.944503913156536 0.947503970117948 0.0541301000846114 0.862396837250742 0.700416373548648
"cg18770149" 0.164678000633469 0.87733552505571 0.839906875336634 0.853903318141522 0.83699707973173 0.84452778393165 0.694051421848267
"cg12555086" 0.114270129387656 0.755226941803794 0.887209064529565 0.898146880231653 0.631287687886129 0.820056237243825 0.658627021202383
"cg24954967" 0.100166682283965 0.658772853125328 0.858012838369219 0.821578014817412 0.742627715725944 0.822404235552744 0.671270156583958
"cg02668248" 0.758568857180474 0.118193798288401 0.0730186923686676 0.0980472805483036 0.761333137787385 0.19515048705064 0.669363166099268
"cg14057303" 0.804108806877269 0.566007431558546 0.10816463939918 0.105520985638183 0.797638857747454 0.143431619636234 0.234476753363831
"cg21577598" 0.811788802459926 0.373534741330587 0.0540780477026072 0.0527216759437686 0.821863741890024 0.243356052285879 0.651964175592075
"cg14364797" 0.754550604749689 0.645443402387241 0.127195380624726 0.0612259768345255 0.259855754252135 0.0647539556320424 0.72731118649329
"cg08622666" 0.829018487097912 0.154459728786178 0.271019985015242 0.171215159212728 0.847123341419208 0.173087288704457 0.623048375700558
"cg10859442" 0.823126977306231 0.645115522108345 0.0668184876379951 0.0617206959593706 0.77900707874966 0.111328068539666 0.467184165645195
"cg23213217" 0.813912294687999 0.565958025711605 0.112057828447569 0.109741695266107 0.185610614939728 0.529777166925997 0.720808650341855
"cg02505177" 0.784589442062246 0.0553826636114849 0.231496229091297 0.165191962037501 0.777025648714443 0.165062587977781 0.561380191520984
"cg24216966" 0.849360825745514 0.198017383920972 0.134745368115107 0.147201503658627 0.862952245625554 0.336156190289922 0.724587052186839
"cg20055861" 0.837108268432181 0.057955743912902 0.190400814843996 0.223458786106139 0.845356827703113 0.364741260225125 0.600087092331875
"cg01849093" 0.840272605941636 0.276782880866853 0.256541093359726 0.225154641675457 0.808228925580206 0.185861532107556 0.464736995951403
"cg24520862" 0.704179146247463 0.0833368334363719 0.0642646672318347 0.0643052411894053 0.701924216186359 0.104383300679094 0.438970588164451
"cg27183818" 0.87969766187593 0.0698983134839367 0.428923935457604 0.3018255331539 0.88534926422438 0.121317086672704 0.731142496777283
"cg17161520" 0.763120937549252 0.0694567448171998 0.0921824061675529 0.0749426375244409 0.821008409806702 0.186193827233404 0.609104896723108
"cg02879423" 0.77570199269955 0.78289076399822 0.126674079965231 0.142412850178625 0.149246714891124 0.0930247162261087 0.625601429690247
"cg24957609" 0.782337606995009 0.344991535350835 0.158390084209595 0.107282472735527 0.541842527224273 0.134334621974426 0.693806845152104
"cg11316887" 0.818385598722966 0.133911798479368 0.20760394241026 0.147883060817289 0.875433627930432 0.139473801591182 0.593427586424466
"cg27027055" 0.862927504792275 0.489260785111073 0.0781534267359989 0.0734887347351806 0.851956175264683 0.203934148517019 0.696999445455915
"cg19510565" 0.774767214999421 0.247779118116289 0.0691190381361616 0.0532935750109015 0.776399173335175 0.109929704325799 0.588296913891014
"cg15519096" 0.839904218064891 0.422840778919338 0.0727567861180872 0.0841736026202271 0.856507004439552 0.297384973946054 0.38789694579856
"cg03916225" 0.807408299563251 0.374557536780761 0.0921553856812373 0.0834381998175667 0.799587894219534 0.119391506222966 0.495912152335274
"cg07706695" 0.763383051649925 0.19704885749205 0.0536257858521908 0.0483739227797092 0.766450249595378 0.106009262539016 0.587778246590103
"cg17078393" 0.851024239419479 0.11577364613632 0.119516798575279 0.10588151097251 0.854451790189863 0.421514367800613 0.679331350517834
"cg13554018" 0.781959670745619 0.0778733371504458 0.190748303301097 0.132031039831785 0.769272307849511 0.103487759378216 0.545835840614067
"cg26217402" 0.862738421606172 0.178873145775054 0.244572748496029 0.18317783692373 0.788314256294511 0.408941216678631 0.400521828929606
"cg21359303" 0.896134021362789 0.409288103684669 0.0949170622312999 0.102894422643043 0.910143260219239 0.193425483415112 0.828240473446892
"cg21830221" 0.79160252158581 0.0823525922252797 0.116090285507004 0.11839762018638 0.812361349154222 0.149932990281039 0.531111039567274
"cg17587997" 0.876835989369465 0.12671753273056 0.282342115069354 0.227609096126103 0.884601844745543 0.130093779814061 0.649317205421183
"cg12609063" 0.813736224523706 0.425415303286378 0.0895317070321526 0.082738243528117 0.643267426143561 0.103789349733246 0.554493165366952
"cg21999229" 0.776859206675788 0.0537921464087673 0.0759099333092656 0.0814012296603008 0.772767835747391 0.188893788370473 0.479214692735502
"cg10639435" 0.82787306157999 0.558221674348439 0.106745792135241 0.122860078810903 0.495517088696633 0.10122405944851 0.591221868640295
"cg20805133" 0.880711089941967 0.283726114035553 0.0413841178082599 0.0384371153509837 0.915486322751883 0.363598179320156 0.652049062624393
"cg03961551" 0.815481640037341 0.270986347629998 0.0808376635659955 0.0802328816738502 0.804066626778445 0.127135822678041 0.467361010017578
"cg26348243" 0.933034327695246 0.20559404660416 0.0662211571710277 0.0885747553958284 0.940136741075558 0.587896674387697 0.728661242959548
"cg16219283" 0.842187148712952 0.0943180711012427 0.10107162468371 0.113254111025144 0.843350574176616 0.259165666998685 0.64257841318739
"cg04722215" 0.847161948526652 0.346849224829836 0.0882156695377148 0.0796988127285997 0.78075099597673 0.115982793755755 0.641932714528161
"cg21201401" 0.752350445094698 0.1773384687993 0.0497549440811366 0.0468583210616433 0.761462310706565 0.0752853495268783 0.210253882016717
"cg14437551" 0.763549477818198 0.0552557601568271 0.0677481551237562 0.0671914449216537 0.789944414385986 0.126079161300903 0.326964100016252
"cg02737268" 0.900622110883366 0.0646373534501463 0.0824307380434836 0.0790237953563095 0.920236937191351 0.480694789460571 0.737041508008295
"cg06208288" 0.905854378144083 0.467368928837926 0.11063956927063 0.136511430640086 0.898185037078693 0.0931407174674967 0.587531839382384
"cg18148314" 0.83970362949316 0.267202070667304 0.0875002992365695 0.0683790783425583 0.844622647805738 0.113649187130382 0.494827105789394
"cg14597739" 0.85614618699314 0.0751357380510859 0.0927431831313983 0.107959885058029 0.859147536290821 0.255955948725405 0.592535887954866
"cg08169020" 0.890689685200301 0.403341898418236 0.0397193837657871 0.0400045418907317 0.897324786126401 0.125579196327407 0.693094591124733
"cg14165142" 0.826683484686002 0.248344275595585 0.064160507383798 0.0613260033661392 0.829541526233759 0.194993972446137 0.25294957997354
"cg19097880" 0.758647469775436 0.0673930376263765 0.062491392596655 0.0647222979551726 0.700037821175091 0.106336482963136 0.279442594397046
"cg14441276" 0.821106680678451 0.0611757346570722 0.0849695632199301 0.0924820406957528 0.817299445111453 0.178658880970554 0.472318551284995
"cg17169196" 0.866260618086073 0.0717597418180932 0.0811819180289564 0.0849183223657574 0.880135806467515 0.249809871276394 0.646082074826999
"cg03795574" 0.7624327552167 0.0871353321683334 0.0975161990508505 0.111700944507051 0.104092525991586 0.390612689733562 0.634991037479156
"cg00446123" 0.821937328364073 0.188384712870606 0.0445354363826062 0.0415313814758311 0.872757997371815 0.07774242849512 0.234011494324076
"cg20513976" 0.82283343918127 0.206111540749577 0.0274288353560916 0.0242287561624945 0.855804025370235 0.0737324253682479 0.240764780345458
"cg02212339" 0.95284641536871 0.0704475155456125 0.92680492779964 0.93181460206523 0.948780803425626 0.948452607645911 0.791347136827004
"cg17768768" 0.952255008832971 0.0859419369539472 0.954445705791636 0.958597917205522 0.951066259069513 0.954988366705083 0.831766315991295
"cg25131632" 0.938112480339469 0.0605637212306716 0.924142695243867 0.927454643006666 0.940853996990486 0.933257525699736 0.749635955861914
"cg19276014" 0.948758965500736 0.0924147519027996 0.945472496885397 0.954900106055921 0.951438822771632 0.948249805051904 0.874092637756339
"cg11699517" 0.951906698668368 0.105118949826464 0.97315938191048 0.975137811401358 0.937065126993089 0.971255158040818 0.850066553782996
"cg13738327" 0.960360298776758 0.0989991546276166 0.949610162673344 0.948540402387085 0.961391184035459 0.939185428592172 0.850926442285907
"cg00464927" 0.940245228015504 0.0986286427794545 0.954854841884317 0.961322679353889 0.95563127218735 0.936060235461646 0.845588035164235
"cg21248060" 0.93518612859046 0.0741396844538168 0.933462167535174 0.92196302522017 0.93773704553368 0.813824459760733 0.757336660866804
"cg15348679" 0.8721683397457 0.067148078463004 0.88463047357996 0.961399834692964 0.88433390703805 0.936572819142458 0.746175827954572
"cg14482811" 0.922754515946787 0.0710635468901309 0.933019981311041 0.938054489886906 0.919033147502607 0.764651626262558 0.801304696160804
"cg01024458" 0.905992993637536 0.0621531556912389 0.846125987139288 0.879889513096092 0.918847722682863 0.876155962840933 0.803133471047842
"cg16210395" 0.901871537710716 0.0592816853558402 0.879657726945577 0.87163772649298 0.90177340163541 0.885475231026508 0.703643968417204
"cg11661493" 0.870197836244551 0.0598414994987261 0.88081540039565 0.887434106762149 0.873627517269323 0.880086213679067 0.819060743758296
"cg27106643" 0.915345081274855 0.0844499379606634 0.899323216468899 0.914795484576327 0.917094450557049 0.895080989219772 0.749068964780702
"cg07721872" 0.903249967480755 0.0560691746161723 0.80887848183539 0.858072230394095 0.898105794307462 0.859274179662802 0.824759722011822
"cg26438284" 0.895703088626496 0.0636849797738957 0.895887629316372 0.871723476046034 0.873704486938848 0.847128628358579 0.760052178133939
"cg04828493" 0.854614313458233 0.0891406609728091 0.942306310124922 0.946843299499132 0.951394811728465 0.770539315196126 0.884004596913065
"cg20602300" 0.896057426743753 0.0908400485138842 0.897863457348853 0.897385953186941 0.895851278964525 0.896077799259725 0.827778040639984
"cg07768103" 0.967560853631933 0.119080518710881 0.92886978628957 0.741289397547335 0.969772670453997 0.941529203100931 0.893345471813096
"cg26692003" 0.957307718083234 0.155522558971752 0.961045569358048 0.96761621917645 0.956901189720131 0.959234013019989 0.839087952440787
"cg22212560" 0.684820308338131 0.0497882977192453 0.91291684598201 0.918245454673732 0.863836369776191 0.898075648937094 0.79263303241567
"cg26552743" 0.866118805666442 0.0653789902466321 0.889068816123581 0.889993192155315 0.85222319454876 0.853712465179771 0.683465690635657
"cg00760938" 0.866312626605344 0.0553386808471647 0.867120252188078 0.874428329129669 0.861958395727143 0.825327806134098 0.674922621152076
"cg25683989" 0.879916628881133 0.0775211447939169 0.884235156540339 0.893212276666244 0.873479380444795 0.861112456296405 0.695237183953105
"cg21596498" 0.880961779815961 0.0756335836575937 0.85729907530988 0.883879756378349 0.874056410297362 0.871247094002352 0.719068303116664
"cg15241519" 0.853256301581584 0.089638258421253 0.911011532425958 0.90023961649082 0.914122167271116 0.855273549936839 0.756306673301974
"cg17995557" 0.86604120903788 0.0639378963862545 0.862319461454498 0.865279983957695 0.861003157787261 0.774140696962923 0.812271672946429
"cg01598421" 0.954207153099653 0.152941371940469 0.951323041861541 0.952469096240061 0.95391132258734 0.943993492081908 0.760194618167791
"cg16148346" 0.862820965128323 0.0772157568020841 0.870972041090421 0.876374138482215 0.866124619944074 0.866409797267082 0.745882710814739
"cg26318872" 0.898206913069124 0.106661947386153 0.892687846616923 0.896975303824551 0.89093827474272 0.886758973816692 0.80646426274794
"cg03860768" 0.881389110959704 0.0646501920223159 0.853897029243329 0.840761127658126 0.865192783115866 0.860825745909873 0.651265506896851
"cg20666585" 0.877424144286643 0.0780121132496867 0.86533871014465 0.861869713368312 0.886204809911075 0.813282906758542 0.78921971600075
"cg14936008" 0.897618423469182 0.115992716969956 0.907885842301104 0.909977700694936 0.898715102486291 0.906537566962097 0.754995510633507
"cg13823257" 0.867855149788885 0.0918067873128621 0.87451771963282 0.883315594922501 0.875111639103696 0.869310720889978 0.766589121302486
"cg01869288" 0.861578274498239 0.0585193464848743 0.828896325316549 0.812146416486987 0.86715348234278 0.832637435345674 0.706064913553767
"cg14066207" 0.927664250707499 0.0914903613478582 0.812646536040366 0.808501511358822 0.920351576929885 0.882191172089491 0.747151069515152
"cg27304328" 0.832374653100475 0.0665460315232654 0.885433823912931 0.883480657480191 0.800141927174102 0.876268539662559 0.676675074892666
"cg13356455" 0.868602854590724 0.076780772075454 0.868147804072339 0.866168805756384 0.862692802567807 0.824755265224722 0.713187428493078
"cg01591579" 0.939495000475597 0.167494615985485 0.941946773809911 0.942637235884196 0.942859350597898 0.942307823479464 0.879289698908679
"cg17679619" 0.875804246215653 0.0879243407348834 0.85651766618964 0.873784538839356 0.86208258776586 0.861425651728553 0.751945518408395
"cg15532942" 0.887381734400382 0.0829916971696645 0.861572952964141 0.867385121105088 0.871501934554021 0.853577328995905 0.6642718155473
"cg26795340" 0.826680502748187 0.058632303990177 0.845623093126689 0.851454042453776 0.831295854731006 0.830983778794053 0.727738841491682
"cg23683962" 0.899760839154626 0.126222912744119 0.903834082629975 0.906379756580102 0.906525679154832 0.891861524392867 0.817696828068057
"cg27565966" 0.863399551305324 0.0662198342412445 0.880014913284983 0.863953836072089 0.867925971793145 0.732356856493126 0.702428323483268
"cg07841371" 0.90007623783567 0.128217246721371 0.891608968742248 0.908869882243368 0.897509097251472 0.903430001894183 0.825850215348437
"cg15235922" 0.856394292504921 0.0652321205415737 0.825273307965725 0.83403495424252 0.825435087974809 0.871424537284677 0.682236606946605
"cg05524458" 0.866706819142816 0.0780834914316026 0.892330591446716 0.898091301017506 0.739886976862265 0.880021819585301 0.694913348962487
"cg01868869" 0.887722839373768 0.113112325776574 0.889439712145727 0.896905960264522 0.883292596594676 0.889378167834388 0.746315491811359
"cg15035590" 0.887116254394479 0.123297592745474 0.901218742858402 0.906760554577148 0.892832275797252 0.896942970425137 0.779553771196452
"cg18664915" 0.865013343055485 0.0905668031316303 0.872466087844059 0.873059599506625 0.865874751432318 0.818482843345558 0.771537903663031
"cg10057264" 0.203120048046482 0.724084570474384 0.0934183228093451 0.289938991700191 0.148010505758612 0.300137755509387 0.256894301017239
"cg20236089" 0.103078039976644 0.670512620633877 0.194798887926729 0.132745993244951 0.241988454960329 0.0961506054945934 0.16026197723341
"cg00134539" 0.681858267378766 0.849592375789842 0.0817681586904393 0.081120894465291 0.557737981612324 0.1496346685086 0.237049643542398
"cg14574996" 0.115614394166804 0.848072407746077 0.571546384663154 0.565746058231624 0.137558589263657 0.175791701413875 0.596220757517692
"cg24536818" 0.140044780661713 0.67017255940361 0.0823845383277885 0.197891872269359 0.124668395840997 0.228590587511768 0.125326502911743
"cg15361750" 0.111745815991041 0.84488738361802 0.653947941557294 0.708730172763243 0.0926660949283252 0.194352421723923 0.173103443193838
"cg27492103" 0.410127112658704 0.806099093418212 0.118281453281066 0.0948394369086057 0.0920424623908235 0.45919327237243 0.646250214030377
"cg07249939" 0.245756384477632 0.795848285878444 0.377159881389907 0.263688969468677 0.219789687044634 0.0965292327967661 0.530511815940493
"cg09849688" 0.085438647664454 0.724835482344969 0.29060548127854 0.215733816012422 0.0853268730761389 0.219701835432883 0.458217805195737
"cg20541456" 0.0830482081931421 0.688767005597405 0.0779628401138786 0.0791797999178488 0.0408461018536536 0.405182005301768 0.482749410834088
"cg02779913" 0.0525989309585735 0.745910709746041 0.387407063409546 0.361694849906192 0.0504764506418757 0.203920221955564 0.380017199323085
"cg25983531" 0.141597340114185 0.848013379487464 0.574264292717306 0.478984920329752 0.12829548663612 0.183234540064176 0.562628574223277
"cg00359365" 0.107974117151438 0.83163473272057 0.704228898245256 0.5713430534247 0.125176976229769 0.131282420474667 0.147538448520871
"cg22437221" 0.539627761315362 0.862224341223675 0.138970179862525 0.107388470916744 0.166391070673862 0.500291094520072 0.569047557871497
"cg02734358" 0.0661908745745722 0.831873749536026 0.350565328758158 0.392016510360807 0.525141084666712 0.101406926622209 0.481482373648896
"cg07091500" 0.122937676239227 0.816274710323295 0.241640903714721 0.358162410816298 0.127818006742234 0.585034408919342 0.348029304029142
"cg00874051" 0.108786107212003 0.886571757340288 0.572916194788801 0.540469883265589 0.0720361591760418 0.399227227687501 0.580050778351236
"cg14018471" 0.278768361876176 0.781159909831252 0.132605385964379 0.201699230586503 0.172839709389269 0.422524073199258 0.22945807965046
"cg15354065" 0.0938533002175872 0.827396162956102 0.0920762666445326 0.203814794101729 0.392321886558509 0.690497188675233 0.397865866163655
"cg03798942" 0.56801544416805 0.791677147772846 0.111946078019421 0.172151242092126 0.11799110260448 0.0692144283091649 0.367283609963576
"cg00902153" 0.0794946403879157 0.798211997346517 0.148405327015877 0.140650299249824 0.129829885436191 0.691567876165237 0.540742242236528
"cg21291385" 0.391402884767791 0.787498042755976 0.143076709432349 0.129917344392322 0.104873688090261 0.129374956377966 0.633587388340721
"cg03889263" 0.0969483145913504 0.756229953421441 0.1083576659196 0.213025015546385 0.0756394836536269 0.585743016759867 0.232569189603606
"cg08698943" 0.105819718353435 0.861770957799626 0.270285864288372 0.385590364066689 0.383932436042482 0.341327812822228 0.571056927829624
"cg09076077" 0.0928997831697324 0.838868158086217 0.541774874838443 0.522718121279669 0.0970478963708785 0.093064670088998 0.5319642068417
"cg25518868" 0.0739950853252088 0.713801144447655 0.0974273793817534 0.125341676576716 0.0663819537238597 0.186542343828338 0.674838125956014
"cg20380468" 0.46957146620532 0.885606916690056 0.0782565548337099 0.0816083686467801 0.227269586590987 0.564966998460703 0.647037923504938
"cg20450123" 0.188175826995856 0.76466469149025 0.261229624041785 0.230391940057937 0.0817667566272576 0.0942796370517375 0.478213003602715
"cg01054402" 0.289127233842947 0.825347373256619 0.123793094768165 0.147728984137169 0.104077544534232 0.544550469705923 0.460979127498038
"cg17950348" 0.0818502570602463 0.854236111128971 0.589760557602817 0.541059471076623 0.0623135424548124 0.0773442509781245 0.514895512568291
"cg21278103" 0.14023838744059 0.879435876865749 0.441914244930667 0.518359691721676 0.101150289344537 0.461024886100383 0.228121396884746
"cg25616055" 0.0980600277812569 0.6895381022449 0.0662187807545171 0.0818658903208889 0.0533575539386433 0.0999913496156452 0.413835871229061
"cg08682625" 0.0963090725348007 0.823505409985838 0.216097125255551 0.21788561467923 0.0851932648131931 0.495841665422949 0.571899269229278
"cg20317872" 0.391440736969969 0.898799902987483 0.0584198794387065 0.072535750833495 0.658145325702837 0.12120947718188 0.705574327775348
"cg15906007" 0.309906447869166 0.767270029863414 0.107593592358417 0.105751098102783 0.132425781989773 0.088161213104446 0.190216776433087
"cg25336765" 0.0995552825230194 0.872108198262334 0.444260702365483 0.37228575794412 0.0890781457694041 0.146571622423034 0.553559548721997
"cg09300089" 0.0777736943660694 0.827420769878152 0.405686456766487 0.225610696251916 0.0698958538754205 0.0938590557993593 0.570578269684466
"cg00619207" 0.14629509803797 0.847120359258106 0.0806799480319295 0.0799721908922264 0.500337694201521 0.107977942476857 0.550999162752763
"cg19268695" 0.166181791322402 0.881635899145973 0.0648472569639781 0.0697096059220595 0.62826274741081 0.105164641041425 0.585183944012374
"cg00058449" 0.294440024317113 0.94277780442621 0.46969752987195 0.248718415047884 0.212854138431346 0.0592914452711376 0.618017811700623
"cg01156249" 0.0682353814534577 0.927094253392837 0.308761778742033 0.214321115580665 0.0512207117251362 0.615575583286668 0.650586354263145
"cg19269039" 0.175397980162908 0.865864580442225 0.0576230132300648 0.0607383699520489 0.406806770420842 0.094426336498847 0.652435206532213
"cg23357708" 0.0747254578875622 0.826792065272624 0.2069905200558 0.219993293433922 0.0780157815639406 0.14278568576261 0.433113081603908
"cg08560387" 0.052674714670096 0.776979708412541 0.0735899965482862 0.0546915701436078 0.0488464591749357 0.0488886978727928 0.364994105839146
"cg07635227" 0.0389008415304797 0.872058654408116 0.14941353961507 0.113818528977473 0.0313227256753695 0.44194352845403 0.536100768705761
"cg02606840" 0.152901976214566 0.83977894794475 0.0593822359411499 0.0518263332126754 0.059606365099074 0.058159175700389 0.543828548541028
"cg17266282" 0.136219835490625 0.908622417315507 0.1130013710356 0.15435158866174 0.122152967119065 0.176544541151487 0.6797557441542
"cg03429643" 0.0759532286815318 0.828641585783529 0.0757127685262632 0.0601533174975871 0.0685650493784916 0.0689195491793498 0.409353104263652
"cg08864105" 0.0839589501908563 0.895294611784519 0.141605020849489 0.157682125531356 0.0781386293329608 0.118357533688576 0.490822188171566
"cg14317609" 0.0619334055562702 0.821904789062866 0.0794365201240205 0.110878102321416 0.0573800112621035 0.0653114817889582 0.0744094940429958
"cg07679948" 0.959529462613646 0.961557749676795 0.0950502595292026 0.304963256587214 0.962528250026614 0.95359819701753 0.940887445049197
"cg16452866" 0.954769442743433 0.95701164597519 0.0842236164066324 0.139414608269097 0.959764640752783 0.947419429888599 0.911386915210339
"cg00366435" 0.905175965713269 0.91205528554365 0.0900353267363054 0.399057761280323 0.909321446639755 0.879781977069995 0.797097576786986
"cg03388043" 0.948509214319107 0.95796389072021 0.0492544902416078 0.0534539676867292 0.950895223233058 0.745255274733218 0.874414748402794
"cg01154505" 0.958354014598572 0.813520665400095 0.162987731420863 0.520572399034683 0.969090083777557 0.959942907022226 0.891198005245616
"cg07015803" 0.93398384970653 0.950256164223266 0.115586241322022 0.164921061512432 0.942390281509526 0.94011754736303 0.872605376701238
"cg01874152" 0.888316617144293 0.852991027348647 0.0895713896562863 0.450235115797017 0.895466593209329 0.833336759975349 0.657662644517032
"cg19001909" 0.960156740433476 0.965168091695449 0.135593716440539 0.200396158806793 0.962360833560186 0.930701314929554 0.888585211176092
"cg11848483" 0.913383992203937 0.909841384606876 0.0881741860232316 0.185465061862701 0.913743257708168 0.899136229787921 0.756457085934063
"cg26852712" 0.91333757430725 0.83102504636288 0.138942440393897 0.452802405557095 0.925204350992954 0.888185046457562 0.886283803593539
"cg06915826" 0.873135832930874 0.88078798770868 0.0902332249306617 0.208305738477183 0.877357558298676 0.859247625477235 0.812357033599298
"cg24841244" 0.873824748692177 0.901615393498514 0.0619059099412242 0.0559568461123472 0.873981210916918 0.803096695838807 0.728615597503468
"cg10240150" 0.859714629495361 0.885848263146099 0.0839950468956319 0.262261528949833 0.8460618931487 0.805066489919221 0.684203081558216
"cg07970799" 0.934806933409495 0.92974443705866 0.167764695631485 0.488276383174172 0.929124363407633 0.760441952350081 0.839076711409185
"cg14522718" 0.930356090723697 0.933550780912233 0.120092491851844 0.189396234058084 0.923875536015777 0.726706613359148 0.91044876777271
"cg05705140" 0.89504196320694 0.795356097824695 0.102427085959082 0.270202616619471 0.903318243476438 0.841799158348602 0.752966720016087
"cg24441810" 0.881503856981678 0.818881073815062 0.0761469467008958 0.0776471322192955 0.877391733497859 0.853140697369168 0.815304976703216
"cg04340595" 0.926657020002917 0.941300078421627 0.080154509375166 0.150454428779697 0.931388994706339 0.551007070318375 0.794146327359057
"cg08338281" 0.883127814507442 0.808425329881644 0.095586208184176 0.0984314622380912 0.89928850198731 0.856730616490598 0.848256142286321
"cg14477767" 0.888785119643694 0.892994217646215 0.187210696487023 0.74375777727824 0.88513726111837 0.854620581344124 0.579422569565113
"cg26166854" 0.8745595081328 0.890222703198322 0.127761056746082 0.455788169360427 0.893515062715192 0.669447468176753 0.773137045702761
"cg13750061" 0.853468212150657 0.880324312142705 0.0891650871908387 0.0786355344614823 0.886500493635493 0.848245335820043 0.743579452521867
"cg25226014" 0.894986319589774 0.887029448519874 0.0751013014557734 0.124099312305403 0.899190137297379 0.570850869112278 0.841823643362345
"cg07545925" 0.871227879057206 0.847785497238603 0.0631069688407978 0.0570734533325817 0.881029779536193 0.748789211942425 0.662061146473076
"cg18758433" 0.834533977204598 0.880335142280199 0.0913673871633011 0.204693911438759 0.893567167040703 0.694221392927612 0.792551850309042
"cg05074138" 0.860796695227245 0.856443213150664 0.142970143461682 0.372261442782327 0.854548683684593 0.843659896833846 0.782951437753966
"cg06164961" 0.887182137565409 0.896316733035906 0.0785553712481281 0.0738573119992438 0.891031174861088 0.658237528437783 0.701138885222286
"cg18735089" 0.906902509451036 0.895810096037298 0.140894048521798 0.203722859836724 0.914291939384391 0.810643237608822 0.779788911596732
"cg10111816" 0.848676248829147 0.848641355148907 0.0814649146000239 0.07896993647687 0.818625072114052 0.80859926925736 0.772587128052131
"cg11210357" 0.855398859827702 0.835214084863951 0.0890369971394768 0.098580469604131 0.862115856682044 0.768306208479797 0.812270300745655
"cg24662823" 0.900431094061724 0.913922695801911 0.152742364537558 0.386704590911907 0.899425995571491 0.707601721288827 0.759466173584725
"cg04180114" 0.830370734420293 0.84823452865441 0.107957701668481 0.154271446883133 0.865739352864451 0.851038452077521 0.791407999007698
"cg27519392" 0.855022045177636 0.871535572478113 0.133979332270901 0.280993688711485 0.860093483698595 0.846858816204484 0.751905060940488
"cg07930673" 0.86869008921903 0.883657261679754 0.101078497220852 0.107446436792588 0.878203492609033 0.758152129533992 0.743254855952996
"cg23357533" 0.88257105884914 0.899349896934522 0.191479449932805 0.425774360808279 0.885260357054422 0.881005528752387 0.872600774351656
"cg00620024" 0.897322294308129 0.887640985503836 0.204546467962403 0.475500648229467 0.898791240200822 0.876002399959379 0.876091669317966
"cg24612198" 0.899691560569651 0.908412761143005 0.121223708118443 0.125513701843529 0.900912947850498 0.766732353137371 0.717315294323167
"cg13651908" 0.827494453214723 0.861319309541118 0.115087293907943 0.330553505129667 0.834608351122145 0.787136319367368 0.660683016997981
"cg11236515" 0.967072219000741 0.9546366675468 0.252965578977714 0.425506648172488 0.973253797798469 0.913664959275898 0.960774971925594
"cg12353788" 0.861522036468913 0.874142732659587 0.132545353759673 0.311177545806016 0.843929887118263 0.843247992238719 0.647648921462434
"cg09016797" 0.871064954566714 0.882430964912793 0.165711718957577 0.38311855576684 0.858571787356871 0.861133213841869 0.760153216469652
"cg07110949" 0.952768165446629 0.943887656395679 0.239076769047429 0.358351886399542 0.958016930161638 0.935450450170488 0.949742595790615
"cg07728874" 0.847125868151693 0.865916980416979 0.0800348693137344 0.0736422088905504 0.849181026999991 0.752403696198225 0.662880518509993
"cg12044599" 0.964773016574411 0.858806049747406 0.220374032478681 0.379304629284859 0.96966264337315 0.85550799603484 0.945836979210691
"cg18650518" 0.898075158076257 0.89865834014459 0.130325935584788 0.193022945361489 0.896121140454254 0.691956369501719 0.804817492874666
"cg16775598" 0.874308891031139 0.8887238693555 0.147602161297102 0.231799264777105 0.880820572772186 0.861078259953252 0.729172951318776
"cg15880738" 0.847707247537805 0.852545467534485 0.0783405473185653 0.0718083277111149 0.857784041838337 0.70538265528852 0.694620451578358
"cg04347414" 0.912151684804862 0.901569151466678 0.179961558559492 0.294104228115886 0.914034245833068 0.886909172336748 0.724704831026233
"cg11162888" 0.858684719065766 0.888136425592037 0.144497466342237 0.241729627898675 0.868646304627391 0.857755443724708 0.715951382688516
"cg07748255" 0.929549546048281 0.943146249400457 0.0532451260759774 0.0887581980474366 0.945732625478974 0.124594509763716 0.828033376612791
"cg01233897" 0.0879926977508092 0.0704571361277503 0.715234876858873 0.686058589353078 0.0942036809113761 0.262650871731262 0.100611564565251
"cg01925950" 0.0659336870601911 0.077222682808592 0.837298564994151 0.841068128468042 0.103793592306674 0.685315011605718 0.434888336315104
"cg09895920" 0.22283258027078 0.274367985584443 0.832166930998135 0.760130575521755 0.206630238893037 0.340286980075187 0.144963822081872
"cg01990910" 0.119481802943583 0.539929313654831 0.86940682665495 0.902366498149976 0.104066521466784 0.412969157618233 0.108222050940594
"cg21400549" 0.0889860180058188 0.546942039500702 0.769917035250928 0.531644717554917 0.165734934486787 0.0878694128763009 0.180162374231443
"cg05228359" 0.0550643292348726 0.0576318334450508 0.716208703779415 0.694912108433027 0.0519454796819156 0.32561578468044 0.124076616959618
"cg10099758" 0.0983416785621712 0.140781861356316 0.724071881236999 0.644939499524139 0.194265495609529 0.101398174647089 0.142673819046764
"cg25729350" 0.0733946616537846 0.0827967925945819 0.676454217057229 0.546069356666139 0.0819501358864773 0.132862578027132 0.126796930711525
"cg16097858" 0.10027019988375 0.0975442882361963 0.739107478317374 0.739703112374179 0.10225720817735 0.215278457284973 0.18170069990688
"cg09885622" 0.148843303770452 0.323522303550644 0.83654798801534 0.755502896114445 0.267444074660883 0.137618224087745 0.444737173632003
"cg20281375" 0.0722526324304579 0.176181342434924 0.768707083918349 0.775363224258323 0.0694512103568107 0.348197862347041 0.156050689338239
"cg27664496" 0.12388707882883 0.167187568053935 0.754283832332111 0.785571451342918 0.115820821332824 0.16591463629678 0.0879170344271368
"cg09169413" 0.0950620708545235 0.0846253170030402 0.819185188609859 0.832424379751363 0.17502938154568 0.425595647126767 0.371164483753288
"cg09370867" 0.11421150106162 0.183789547609355 0.780970847832652 0.776702526761597 0.122887255827309 0.310112517941599 0.0997047490149561
"cg26579986" 0.0323247842864997 0.124904339023758 0.672377095859547 0.618593094869009 0.035471637624544 0.104037506982572 0.0315215514185008
"cg14016236" 0.0887669372661925 0.400165307783424 0.838738584005195 0.843190521883427 0.074446284817623 0.39057931104534 0.205656840326192
"cg16261114" 0.103977767460046 0.295162966039884 0.853836258784517 0.854338530177184 0.0832266182165834 0.502251222637112 0.261396379231894
"cg16563370" 0.118359566136242 0.181291513958704 0.766047002730803 0.838229001625464 0.105157147234048 0.133688180122113 0.0997625276817791
"cg04905719" 0.0481199134236754 0.0787717473332487 0.69206249177147 0.722325972577398 0.0544702212617654 0.0845635618767967 0.0457737886489124
"cg25711558" 0.054124733691606 0.0704836542306158 0.734982769750399 0.809028735809797 0.0553767071002923 0.226286880627501 0.103962531790216
"cg04642300" 0.0619087538820898 0.118673864551936 0.688362839586747 0.614566321969495 0.0619354505627708 0.070546066240864 0.0830344600552457
"cg06650256" 0.0733095951590124 0.536357628960254 0.85837263070594 0.78262318070818 0.0732524054936795 0.267110997382331 0.445503198326105
"cg12465678" 0.0961856975766536 0.628324011167411 0.871571978587326 0.774726321586748 0.104495665677517 0.117406406368754 0.541795979253245
"cg23379806" 0.073245004680693 0.0703029649574208 0.781942267927393 0.79476930594108 0.0727906890203418 0.401569963343816 0.197402204638937
"cg27097542" 0.085257166528903 0.325017825291284 0.842457372421465 0.864914318214735 0.0722175657042681 0.386455820906465 0.244909473748237
"cg22742001" 0.0786348713329234 0.132167185553709 0.886369570372602 0.891072696633626 0.074203770697772 0.73077667489002 0.446417320460508
"cg09662852" 0.0732421231292945 0.144252501807974 0.713714925122097 0.63993865217103 0.0705394418791912 0.088085708402986 0.073578656053543
"cg25394505" 0.130967666848409 0.235716116903385 0.810439011023275 0.783750626056319 0.192912937899811 0.120236823527335 0.254399803612985
"cg01022219" 0.133280840135319 0.797049477304308 0.940162504486551 0.943877223461376 0.102487238147555 0.281901286745801 0.197510742806868
"cg22193912" 0.0478642692452319 0.250948555095557 0.77499448022872 0.878228873602838 0.0396291235612803 0.195801194853812 0.0369925407403022
"cg01231183" 0.133079383913554 0.0845383771863573 0.829866264034336 0.796917039699274 0.120426905393794 0.469513434639461 0.15840984476954
"cg11377213" 0.0691025906987111 0.110931047059954 0.867679016180178 0.803502350344634 0.0715264915560814 0.700603342028922 0.357861084255794
"cg25031824" 0.09490451112575 0.213188035098946 0.845387119219421 0.850217308739482 0.0823726064065682 0.43772766524441 0.132618802429961
"cg01543184" 0.0895286030749533 0.334289132048647 0.854840718364966 0.911865627416926 0.0784075682123899 0.32031461735097 0.0894930945903004
"cg16922167" 0.116928879683769 0.237840765134478 0.834924092458457 0.829278172490597 0.106047068604422 0.272314616078604 0.151484302371298
"cg25025181" 0.0589839845515061 0.217524742764667 0.810844771904509 0.841393607224197 0.0685457941272394 0.274604579149756 0.121719745538892
"cg11787160" 0.190281585631382 0.239539117126899 0.89349446982909 0.896540881781912 0.19682910459154 0.341190783272907 0.171981406648981
"cg26402417" 0.0898547220886423 0.209365716625261 0.89655999318528 0.907493624937222 0.121296435996738 0.61426693292006 0.106842987880418
"cg21495704" 0.0815682973381246 0.729287177206195 0.926346640801036 0.918046426708783 0.0790300419982878 0.0856544842081759 0.432138525891463
"cg26923863" 0.0442395081574896 0.622833000643933 0.896965359825144 0.831110382958556 0.0407119159836183 0.0901564147154347 0.55091983646373
"cg18150584" 0.0673959611461157 0.147473887891846 0.874656583362711 0.880460501754444 0.0684091559458838 0.582024383422022 0.145308118377391
"cg21593001" 0.0684717743001024 0.166466335208512 0.798782770199997 0.845744634871506 0.0587913382149973 0.153982551211523 0.0641595773508718
"cg19628988" 0.0669021030879401 0.281411126023431 0.822365011302504 0.783689813152738 0.0974505268445967 0.0910431237540273 0.132617980761938
"cg07598385" 0.041243811055323 0.19663092024162 0.754089158284822 0.639681129009813 0.0359815376047994 0.0485924020129537 0.0369185805979156
"cg23582982" 0.0783442189606503 0.2654822708962 0.890292610812531 0.908670984873057 0.0547779229649181 0.342913710563436 0.269256638420314
"cg13468685" 0.0897857933541926 0.292911532446064 0.85503803090635 0.734226969501516 0.0796487408986034 0.126274296326107 0.417563403621595
"cg07785552" 0.0739470786637374 0.0605378329316756 0.792150884205924 0.695057805411159 0.0665674380231208 0.115939319549803 0.302920319322316
"cg20455854" 0.0583171768957337 0.100603082418243 0.773178836882987 0.711164023491398 0.0375263509631151 0.0701147727842563 0.0544690489632093
"cg02380585" 0.0479978061527481 0.0426118796466903 0.814553430586679 0.842986322057707 0.04674564140344 0.0652137798933165 0.0585083948320997
"cg13448978" 0.0466992625445737 0.118846476474255 0.856007951400737 0.820578758769111 0.0416320085377133 0.20493788677658 0.0547820804488772
"cg00219921" 0.889283371686087 0.901116550974462 0.75839249092069 0.136604561137049 0.880855497775503 0.852705874046093 0.818654347038308
"cg25939861" 0.849355118540904 0.865983972776956 0.714252362408862 0.0834853546538525 0.867084795798506 0.64925898123168 0.653633957161742
"cg11531557" 0.879667152277425 0.889364750063695 0.639535066111182 0.135826462184848 0.885347162424286 0.834417025550558 0.767697999378907
"cg02324835" 0.855252394783777 0.87779714157827 0.433087030952135 0.104608434806682 0.866566594471745 0.754054574531613 0.831313435359296
"cg22512531" 0.887011818247174 0.895671292647446 0.394906653710226 0.0802229105376349 0.886456719800406 0.37628268871014 0.763700060694934
"cg10977115" 0.892509117027284 0.899404936634463 0.33928732042047 0.0789498737530938 0.883750674322516 0.391960553750154 0.73966118559031
"cg08777095" 0.869363571785056 0.863790732284621 0.29739514684548 0.0969429368183391 0.863751079849482 0.648540283711564 0.725423538705999
"cg14094409" 0.950668800406553 0.884743433754766 0.387205016088273 0.0904637115111215 0.950659299344112 0.176677791531763 0.796395410777883
"cg08450017" 0.924045428760342 0.945720359568192 0.0969529778298764 0.0834406034878487 0.939347402445244 0.405104363180784 0.787161803477941
"cg04759756" 0.882339357775583 0.894103695989831 0.371936722376885 0.161137030116688 0.886486240325398 0.691610905477576 0.775922233971322
"cg27316811" 0.957382174543111 0.940262292538611 0.509368527172176 0.279739947937544 0.961035417480189 0.930467273035504 0.940233236019501
"cg19993258" 0.888744339905746 0.860022815612183 0.184632147698193 0.142284305575081 0.885930700475984 0.806978511836668 0.745647746264946
"cg03172657" 0.618341653496534 0.90935568712564 0.176411429347221 0.0573816294618983 0.647902568196357 0.790371658023419 0.873605797795027
"cg06419846" 0.95189296923246 0.958774478723266 0.900792146324799 0.35846511336813 0.948594587085065 0.947605588368681 0.887924835781646
"cg25643644" 0.86088844371043 0.875254451154159 0.0954658605786806 0.0871637044381247 0.867098122563331 0.571667405784728 0.697461450989825
"cg04403423" 0.856884142093412 0.733323078661601 0.160418925981559 0.112789844283267 0.857445970711629 0.745886356064376 0.835588172208515
"cg07016730" 0.85959502495279 0.773759236255407 0.677064393209294 0.216767303923319 0.852505205472231 0.788939124881927 0.793134862728512
"cg13619891" 0.884907787856955 0.90820890614826 0.175168351809199 0.169171231124165 0.892739929297391 0.825685460733653 0.792724841934774
"cg05306109" 0.832905107725766 0.85291457151609 0.109184587344279 0.112728727516559 0.822498066842515 0.747643453160084 0.80024647506743
"cg26137915" 0.859281593276539 0.860167440931798 0.0987834807014834 0.0922247831223797 0.865940906603354 0.551186109754877 0.743808030716639
"cg24150662" 0.941016674265232 0.942977038587142 0.262437458668727 0.217233577314828 0.952735161085117 0.809267531378288 0.818003758563996
"cg15392364" 0.875975568924557 0.748247061295822 0.0674306127663722 0.066361650262946 0.866501282305525 0.571639827082221 0.643683348664472
"cg27470208" 0.86259911870189 0.863466046996924 0.102564728453943 0.0755875620390598 0.869545895976316 0.42173626716831 0.742209443579601
"cg09232358" 0.826147130969338 0.872060114675045 0.200653235742331 0.143131085316987 0.854809427907186 0.830506625225451 0.654081974776015
"cg18857618" 0.875310743448239 0.881522860324609 0.75924100079794 0.27744043871019 0.866271335539031 0.876491764721308 0.768815210333511
"cg03254928" 0.782391333211202 0.807559967166265 0.0651098139817257 0.0597529809754787 0.782925630844137 0.7317286357341 0.534115416563088
"cg26033526" 0.851167076887255 0.69383496874991 0.16506266766133 0.0750240927863323 0.860768470564363 0.55441753129298 0.692362703709598
"cg18174654" 0.853647751140396 0.862826471275392 0.775237471246909 0.25895481703657 0.86151126870936 0.861876776348708 0.635390934882876
"cg23752651" 0.87397370806099 0.915640387401904 0.637496738446299 0.167631462370445 0.822110218176393 0.28944731279337 0.807530197291438
"cg09234252" 0.874569438776937 0.891524163917258 0.127253674295411 0.0964602401053312 0.884647044796332 0.404353825108937 0.758863326168973
"cg03030267" 0.871768383186591 0.820055688139016 0.412312969167131 0.14478916448376 0.862952676564519 0.518186666770381 0.704284366918153
"cg22999502" 0.837861753148802 0.781288440585306 0.196960969541977 0.0980870007922792 0.832239384047101 0.588475873986753 0.715698200539661
"cg01002223" 0.914803485031656 0.918936382008353 0.814337352285076 0.32463801865988 0.915621582870567 0.906196415965475 0.809471157660049
"cg11239720" 0.233171491216787 0.2446487193709 0.858694218565926 0.885164634792135 0.225487136199573 0.450971378801474 0.166920219218464
"cg20048655" 0.105747298596551 0.0863865035313666 0.686554434863557 0.823690872967711 0.0839290923872378 0.625231007993 0.410042559653892
"cg12774429" 0.0824137032406448 0.0768284846624173 0.792322471644498 0.823550258418401 0.0841904028982842 0.606289550281304 0.301523429069675
"cg12118504" 0.0965701841757009 0.112458253109987 0.69051750828496 0.785292687618328 0.104593997093511 0.482546237346659 0.147859233417077
"cg19563510" 0.029359827644628 0.119772228646847 0.472664247402209 0.648004736076069 0.0302963711755183 0.0972187588561908 0.0232201706336641
"cg12183501" 0.109761029571115 0.381148440947438 0.794896653593464 0.826716491648529 0.128958793338204 0.284423894937652 0.134571615728613
"cg24484138" 0.0744812577125182 0.256108380174178 0.741760878215272 0.819284184586254 0.0726581577285932 0.45313531173933 0.252364469096849
"cg09832245" 0.0845836245526352 0.0705159595337802 0.774537003377185 0.810886359743385 0.0657319488537158 0.554287726964433 0.235721993654266
"cg23927970" 0.0855503325733745 0.527835330838612 0.86761607995741 0.927079636926913 0.206617394266301 0.553292319439736 0.198443107630237
"cg08215318" 0.09381095174975 0.156493029140645 0.714542203498581 0.848279257098155 0.0683964861037347 0.754996379320634 0.215165352379034
"cg22948808" 0.0956492074845272 0.235321116158913 0.686789926897862 0.842837038513021 0.20693879999849 0.52378154330761 0.194242041846945
"cg16403565" 0.0724810651611578 0.0758612536148335 0.742586025590422 0.776636666840079 0.0704279388760427 0.430054867680975 0.11419035995322
"cg21340621" 0.080872602139777 0.312443214390839 0.601055841399829 0.787061223617771 0.092903121139894 0.323965543087675 0.186736010510602
"cg03664994" 0.0720243681303118 0.151953787579203 0.798840498099791 0.835836890265052 0.0721764878978569 0.620110979949187 0.166983155910881
"cg13247398" 0.0634113878322512 0.112299042081919 0.433082258231803 0.674917460872576 0.0651733826783159 0.105257709103653 0.107676284474684
"cg06109482" 0.0414361458730841 0.072505081742634 0.609615998478046 0.687452098580548 0.0347690372020402 0.0862217626592716 0.0494894719523503
"cg24401262" 0.0573507637275002 0.105519223704558 0.802929904677893 0.842615589288561 0.0476029719653728 0.594425247459528 0.33598238077863
"cg07799277" 0.0841212934647164 0.130407736612649 0.700843461988354 0.813270328477705 0.0832224406620284 0.51639377377164 0.14570621389762
"cg26681770" 0.0581349552819114 0.173104935156204 0.68184609438063 0.728901226362041 0.0469257587366313 0.07389301793771 0.0457927600365074
"cg09145126" 0.0765012476097711 0.0904630421185692 0.777092022602846 0.849351775212702 0.0768040369684497 0.620508272279147 0.21106184152468
"cg04354393" 0.0576066455927939 0.0682773866110035 0.515690887371123 0.697212010144567 0.0591320367487487 0.0743056164480699 0.0628600325780629
"cg15381475" 0.037628390610776 0.172001173993871 0.700015774796785 0.781899687733803 0.0300767048542184 0.319508572902293 0.10828955289115
"cg12426092" 0.104609024592096 0.15609456376908 0.716418358957803 0.799877109097077 0.0935901562199885 0.261625793406268 0.0850213161359365
"cg00159523" 0.114167788349152 0.198432924748871 0.688706924451022 0.823999764705821 0.129256430489337 0.312633888257718 0.116782661046571
"cg13443575" 0.0635774105796404 0.0945629060776947 0.59915596360224 0.729868083290129 0.0659097259759522 0.0922767016327647 0.04430465144024
"cg24902461" 0.0841721832819841 0.0969439533354497 0.765843363836553 0.846379776066592 0.0783333477536255 0.423308773502788 0.290394086814788
"cg23018755" 0.125770662209996 0.29263187476765 0.752458638633339 0.860168262131985 0.0987974921249203 0.259119203185497 0.130066603676592
"cg05398700" 0.875078122416743 0.943086414731577 0.9505226814158 0.95598281043296 0.0771394023688786 0.919871200366622 0.807156864796659
"cg16802439" 0.763172872347999 0.974139106610011 0.976237659421972 0.977308748696634 0.0806032483227961 0.898891528890884 0.729308918183542
"cg22381196" 0.666569237820049 0.926850215237363 0.925833187006258 0.927205631594289 0.0591379616904043 0.889568447849499 0.789407742413608
"cg25739938" 0.869466722922184 0.900850484096648 0.903782719040044 0.90717207504532 0.0892645875890448 0.86151028971945 0.747604815184969
"cg19037107" 0.847917475779884 0.908255272635681 0.903453915918488 0.896746697359293 0.0994795977488459 0.869310873338193 0.772958113464071
"cg00705730" 0.837186583587297 0.898224023250431 0.8789584074165 0.879637145078093 0.0784108018848401 0.862369752588774 0.671731753823619
"cg00660167" 0.794536731575923 0.953532774136967 0.955413335121651 0.956713309778777 0.133170135370829 0.928938895166679 0.828264651746708
"cg06270401" 0.823298430127173 0.90766358182614 0.887148905322003 0.884851081082366 0.0747261915562977 0.829578242876823 0.574615207053908
"cg08253808" 0.713554035372147 0.880168215691533 0.900730661698981 0.902483265235374 0.0763981449049269 0.859158851191338 0.741987830351491
"cg00439981" 0.612214482183101 0.914703988874552 0.917859563215185 0.916129072321331 0.0731375913139113 0.886581619082072 0.780144024071811
"cg01692842" 0.814702157189788 0.882539781712039 0.861677705522965 0.868243135051182 0.0822804158175903 0.8325906788056 0.678858483819507
"cg15878616" 0.536305424712642 0.970944073510797 0.971205256942992 0.972782550818669 0.0989011278748568 0.927394247466246 0.821703421744892
"cg05936004" 0.791358645786407 0.905357995871181 0.894555684719431 0.897989001104816 0.0981952739414645 0.834656089526188 0.709508532477811
"cg15658793" 0.697374950849089 0.924320911978883 0.930759256409833 0.916038260064876 0.0844467836100835 0.85282146982625 0.631894657351733
"cg12483340" 0.750384777300999 0.898572634469136 0.893317363695039 0.896776713883303 0.0881430047960658 0.822848471285141 0.698107396494031
"cg08154963" 0.784709861528031 0.876581830509257 0.877420398029298 0.879856178585456 0.083224722130544 0.826232177070729 0.649370946723879
"cg03340036" 0.744207026696639 0.890511023005076 0.882264615646353 0.893174332707299 0.102435762421703 0.870173864046936 0.764663856990933
"cg11313468" 0.744003798163676 0.867542276678787 0.855960926788465 0.863481644852577 0.0785795622762417 0.809345658392005 0.743768576441699
"cg23819411" 0.733189249549839 0.911139344906386 0.928434438706573 0.939466113773917 0.114445370809462 0.875741492967827 0.684094149610827
"cg17852482" 0.816188466274896 0.878246989142976 0.872160082867419 0.872136062758496 0.102564379164574 0.812857381313246 0.695236096103571
"cg04858164" 0.843071467828248 0.905167318377908 0.899318340715836 0.904082828903658 0.143805920506055 0.880339249156009 0.781059060401179
"cg13595556" 0.628377918521912 0.9120606322889 0.898994261642149 0.900588315181536 0.0693689321082145 0.7928648773398 0.664897265006626
"cg18023065" 0.40078721445922 0.959435718177085 0.943811368465137 0.94972807738034 0.0617363165272811 0.883628005138264 0.711705014899619
"cg13468144" 0.889633793715446 0.906906340755873 0.838151449834009 0.887856764291093 0.140559430084552 0.852214620943178 0.778592173867036
"cg11070172" 0.938154120737943 0.968513731866602 0.962171943104311 0.94837513901536 0.199844614045876 0.914318514018683 0.723601844927778
"cg03637218" 0.875764156535605 0.895784820864338 0.890091420416377 0.881951966589447 0.134947544590846 0.86684485912156 0.652410728692312
"cg25605731" 0.437392167526942 0.923058541658845 0.945041044388586 0.948161909245909 0.079942003370038 0.923938900979768 0.80948478861599
"cg10611016" 0.67309908022512 0.914617579675974 0.914877204692592 0.918982900734412 0.109784832272956 0.885804617263765 0.715604063268021
"cg07409471" 0.797953507376809 0.912050622562416 0.901159123450976 0.915104709835506 0.14160248502423 0.867540965409234 0.772867074518137
"cg23169883" 0.355092709295484 0.967309012533488 0.968535545850565 0.969240725671176 0.0746717871788665 0.934325936858494 0.702478787173875
"cg25600606" 0.855623105318314 0.910122626651148 0.905843264975512 0.912928866614155 0.157726226682977 0.873538684419782 0.744624349351763
"cg05627557" 0.667000310876685 0.858679320392291 0.862889436523189 0.866396799695962 0.0670227373242319 0.820516467181651 0.595225186838879
"cg09342997" 0.764860962206823 0.882719463000103 0.876418659723781 0.88694699415793 0.119858351670231 0.854273361041418 0.748238427339196
"cg21685770" 0.66921180800814 0.872564494512711 0.888426192987348 0.896290724120394 0.086761497824091 0.87038298951878 0.585304323586517
"cg04855678" 0.525068536539067 0.906938612834932 0.919529421274242 0.925246914341151 0.0666784670114366 0.777989052264008 0.693271485476326
"cg13652008" 0.809387422655411 0.900524685600678 0.897154663924371 0.90226794814127 0.148236829636586 0.85602134036085 0.790258829346331
"cg06526020" 0.825722281195141 0.894736501035658 0.88722462785546 0.905405520329861 0.147818118535161 0.872008675051268 0.740401116589414
"cg04609694" 0.802405826508038 0.880951843367991 0.880536656422938 0.890182505102888 0.134095955351525 0.853427785255259 0.748060601118075
"cg19055828" 0.572008030357757 0.893111251025654 0.893868414720783 0.895377053309626 0.086974737926485 0.862892499787622 0.729872254618405
"cg25074794" 0.826545505269306 0.937581468211713 0.929174272270982 0.937227407893989 0.173814587755165 0.868765791415989 0.763177496800478
"cg21792134" 0.868613766983072 0.918863856860619 0.923237742363006 0.922887693584454 0.184744967758184 0.891285982519925 0.779122895936174
"cg07790752" 0.731283599302748 0.861101289861337 0.846035542947256 0.82091223691507 0.0841415649138413 0.820427213159872 0.597134083461645
"cg11671363" 0.653947034225883 0.936677817051405 0.928959660369992 0.934579311162304 0.128394630768131 0.857422629364543 0.682223155454096
"cg01699630" 0.864479574489457 0.880206467538212 0.874772701537299 0.876084493569985 0.152909841219214 0.848765772668744 0.72664457561979
"cg13785123" 0.793197482100803 0.96153928261133 0.956999953046714 0.961319825395828 0.199945228160966 0.934854584246582 0.806948594946108
"cg10487428" 0.734768441819142 0.883341024423254 0.871331726942916 0.866476201729671 0.111805400844132 0.811918083673956 0.66574984967073
"cg11596902" 0.659860900931929 0.909494406951932 0.783893938040373 0.831643650030755 0.0847302563764735 0.842050708328984 0.677892612900096
"cg01040749" 0.745978442379287 0.891051747443838 0.891146850211991 0.893016489330704 0.140012590187975 0.866138501666237 0.729609809091805
"cg09535475" 0.662268867339609 0.870643602555427 0.854324181318103 0.880149762880176 0.0935228961036081 0.844224115384924 0.610355100748884
"cg17442155" 0.687956885341634 0.870482087966701 0.864163550930485 0.867024720003547 0.103784496966577 0.825254421144133 0.688231570381366
"cg02315513" 0.775608631183943 0.400597301192023 0.120029250815178 0.131861917986965 0.797775266523736 0.169214030698678 0.476695733251002
"cg21774136" 0.652319344744091 0.201082037737219 0.185465366600153 0.289731703488404 0.790277251602912 0.323661999397417 0.389763077062709
"cg23174662" 0.685936174389576 0.0712344049866742 0.168808406953628 0.100090880244923 0.732995027241743 0.149283227649486 0.565083520339065
"cg15625636" 0.468292016190478 0.658265276371632 0.115595462336195 0.0886743370346649 0.785909442183494 0.117069693831921 0.744974563584432
"cg22991506" 0.738992168774571 0.397121130531254 0.141660737555195 0.112693624051215 0.789770663542059 0.165944106783371 0.378394629669134
"cg27058497" 0.190722096321179 0.123961679168 0.076381618682639 0.0533212090954581 0.590479864922673 0.0849342995625877 0.470371552450651
"cg15535471" 0.484182263439213 0.452466989777334 0.319277617219408 0.348217381621372 0.805457006109011 0.127059657046875 0.321408846727169
"cg17843665" 0.0943427170705493 0.0739492991355599 0.276615863719296 0.549117286504556 0.711705995102132 0.280908856998201 0.403808418420243
"cg07613391" 0.691855932158812 0.344711046725734 0.0918292723513529 0.102016563662308 0.783578783693737 0.166925519930051 0.466791656092872
"cg00661777" 0.106004783517741 0.0926221715828171 0.407590235352874 0.290737972077109 0.699688734799681 0.137225748049909 0.620847960834302
"cg17934775" 0.599877826768213 0.0865961969637718 0.0985244241800528 0.0860300038483907 0.692467380911078 0.128540858593642 0.266837344858412
"cg19190593" 0.136651799965322 0.0585846208674692 0.497759378591786 0.604177200763631 0.839569234289481 0.573219510685404 0.651394231374298
"cg09221159" 0.455374874827758 0.190285446577091 0.0734064529279123 0.0747749701016132 0.691044463631993 0.139796247765441 0.463903203755692
"cg03728799" 0.788465067913489 0.151074959406117 0.0991330126712575 0.118226852934302 0.8197341727212 0.32690141424332 0.597680240610502
"cg25133951" 0.47660961586242 0.0615578874655206 0.327382754288311 0.20622492138755 0.752292242907947 0.127838808547455 0.548682455766659
"cg02368508" 0.309468916610504 0.0452430512717499 0.501679583918947 0.489620476531166 0.805488083613977 0.279764985238447 0.481568105139407
"cg26404422" 0.746201082432079 0.225374287380327 0.106869382871404 0.105934722016358 0.803487930907446 0.189640004959925 0.593160403298585
"cg24893378" 0.701009833781361 0.0620681418623373 0.204996374106833 0.101019036360513 0.809936645393938 0.378356943285002 0.561374116721479
"cg17479280" 0.557719316142851 0.0549897309920331 0.659502770740905 0.472803888730849 0.902324474728773 0.142087865920198 0.787174416807489
"cg10145533" 0.683277642011451 0.0741578653482428 0.069762973406286 0.0680442810004295 0.744468397870443 0.143324190693064 0.559230506604957
"cg12810837" 0.677094509245142 0.0625108311787854 0.0645945962608897 0.0611798562219065 0.732848188540344 0.13373243403281 0.498397969421274
"cg24310395" 0.648425647715153 0.479937589900719 0.0952379186154257 0.0762425104432356 0.791475556606045 0.11294039606447 0.26208412727873
"cg03889044" 0.489955812918466 0.399742117250532 0.0890092791648346 0.0955478912067353 0.832269127792307 0.467382010479712 0.608940275356806
"cg26360197" 0.706617556388713 0.350882591572083 0.0614614965220849 0.0588310170994358 0.777149654631627 0.116111400811115 0.233321282460782
"cg15474337" 0.0856545923297751 0.0719650318004849 0.262479992777427 0.253785562738955 0.675904984618698 0.17417796283151 0.390903771465216
"cg23280720" 0.605656122206193 0.27979602516267 0.0544164662534084 0.0530618771114894 0.818778306448832 0.359025886074359 0.631033033650853
"cg00754552" 0.122445792937153 0.0930277812880909 0.520561293297625 0.466083101032988 0.821390477339383 0.309196525779156 0.581962457980047
"cg18920397" 0.658941043826969 0.199854290426533 0.0670332670952886 0.065626301934414 0.798290466009327 0.14064461281884 0.530977628777703
"cg26341831" 0.158857139138582 0.0602593814133824 0.135730198467395 0.060644411808553 0.626568479615881 0.098063301608894 0.144927567579355
"cg02212836" 0.166325058869067 0.0798054666365549 0.190882155749835 0.241522265594588 0.759455006808677 0.354324944708796 0.664435142007401
"cg00795812" 0.25268458735928 0.3235260070605 0.0896753288899551 0.0961230565730901 0.784251072689765 0.462487195191734 0.52426092198822
"cg26106166" 0.692202646489022 0.177909664201856 0.130961250136725 0.122532319205135 0.798473899539329 0.139941000140794 0.241575594819153
"cg07018090" 0.181740785379239 0.0301223805007719 0.604632426625544 0.578213986129245 0.899301843982194 0.386242958463269 0.695879630683186
"cg03526142" 0.76248569057606 0.381011463311971 0.0592192196523421 0.0532430664691952 0.851093605298753 0.093135275844254 0.363072316084168
"cg27051683" 0.501292716513744 0.437284517213556 0.0743525440807283 0.0879980812247985 0.899386150974062 0.501113452923968 0.651804148469279
"cg11354682" 0.123723041983092 0.0657978336522366 0.408444072162381 0.464055473483664 0.829986348065993 0.145302491298611 0.691119547982641
"cg10699171" 0.553796566047583 0.15683326545354 0.0853223548887201 0.0887609860210491 0.831388417225405 0.125671082954416 0.592854466875487
"cg23954655" 0.137782336942734 0.0698684645048965 0.0744552892094792 0.0794487193660087 0.766851281216345 0.17502786124404 0.568874493262982
"cg09993145" 0.0774112398438393 0.184548186916286 0.0649138819826808 0.0457592549324128 0.780003753057378 0.0750264759982684 0.476165027692893
"cg05875239" 0.896376227884395 0.91093941175359 0.913347599329786 0.905337495327925 0.91569451325909 0.124860037141587 0.766816237695445
"cg00805874" 0.94345131685754 0.964402771067857 0.949775378705638 0.76197684338787 0.936445394448335 0.146006097109863 0.764335914072956
"cg13617280" 0.877719700466654 0.90751823497452 0.907091212268856 0.909772930932304 0.846887217765034 0.116490314226953 0.652035930200676
"cg12811871" 0.957912221839811 0.770823989291061 0.943490339137062 0.769269747829008 0.966514857975839 0.128748960744666 0.751197740047265
"cg15956469" 0.938744924186863 0.94770912720368 0.936340195359883 0.886196007820192 0.940417554951446 0.183841500470849 0.849666036322439
"cg24430034" 0.966055364082864 0.969413631411256 0.954623373096467 0.917574702715639 0.969470494167556 0.218348142946439 0.860079549982782
"cg27274718" 0.880297529733537 0.894389989713716 0.893495960416348 0.889561249967674 0.881970960770804 0.144242325327683 0.717734772559537
"cg24408769" 0.722107725275436 0.949270028782687 0.933288796329039 0.923224146187173 0.696544404489974 0.104583571377352 0.779247464921018
"cg03538296" 0.872756378516954 0.885365609367421 0.865363671623458 0.810904468389229 0.885311120703737 0.130234999985656 0.705102392585898
"cg13917614" 0.907658880809713 0.901566721740617 0.913342100882106 0.909085877173594 0.914639355746707 0.175027772972633 0.698930924692912
"cg22749642" 0.887969641634153 0.881759522143895 0.850095729266859 0.692945997786033 0.878703212808241 0.118608736761918 0.713801799085725
"cg27309871" 0.892481172564811 0.895416064480565 0.885843897358838 0.772175858975218 0.895039975711129 0.151392457756598 0.741130606864642
"cg26573274" 0.959209923902146 0.961783191221721 0.944853798678252 0.91878551977296 0.958258519259416 0.237204652265392 0.860914415750298
"cg02384859" 0.89891815525373 0.894352871843485 0.865024015457164 0.72400822974077 0.901619566745878 0.143275416842637 0.699760927666981
"cg27582527" 0.848374309280558 0.836546874909647 0.790859440068915 0.660928241870926 0.854211427340952 0.0826662859336724 0.58840796410971
"cg21333217" 0.959579618369713 0.965512215332983 0.951058350403899 0.828868747700121 0.964498743431523 0.234054585021378 0.874127556602007
"cg25383568" 0.933483056040313 0.930454202935538 0.868430474966238 0.790052728710804 0.926521608510163 0.189817930248992 0.80820554916802
"cg22488278" 0.887451500457603 0.828951304588294 0.886948488336828 0.792085113258595 0.892620175594562 0.156783916803513 0.770890576132567
"cg06202778" 0.831204304683818 0.890851036358003 0.85764342967924 0.729070442746415 0.86062947275263 0.123848638236174 0.648954198427728
"cg21828319" 0.885694212019212 0.807410448575232 0.896359678566041 0.882602658875663 0.893458344854868 0.174197722272872 0.799727181559771
"cg26275360" 0.863931045131536 0.863337862779678 0.859966279887028 0.828941065076563 0.879615235881786 0.156624131200363 0.721514132961956
"cg20657709" 0.877375614756847 0.884559364025041 0.877350668333532 0.774917155736851 0.879523564173774 0.156460665338232 0.690505844978426
"cg06040872" 0.893959703727196 0.909068270129491 0.866824039073621 0.702215488974616 0.836807647625487 0.149138181828094 0.731804926184531
"cg11335172" 0.905202398147139 0.921969443241639 0.899533676472484 0.821455214233113 0.887138825836505 0.186155098827976 0.706448297662878
"cg26012482" 0.863613780055128 0.873195535994064 0.761202696535947 0.71337288384044 0.852769742490623 0.118463070548153 0.685011400479866
"cg14058851" 0.8284322529696 0.896667296276945 0.885334951165155 0.88001408064721 0.811528989210218 0.165867139174699 0.774286152340196
"cg10796068" 0.857940325754657 0.870965958469595 0.852605918768563 0.772438494682669 0.870752086153258 0.156320633109843 0.777386095402074
"cg05653887" 0.872032945261869 0.888305937566418 0.839228638891685 0.719235646640926 0.870643741486091 0.13993706862151 0.619290369798499
"cg13995453" 0.877755257083668 0.893032937492338 0.81275708869117 0.813600537740462 0.892226044748744 0.161572701447143 0.680980070302487
"cg05355684" 0.890181030820327 0.902881574093714 0.890190112506624 0.880898305767393 0.886389719949204 0.192616317722102 0.710501908676594
"cg02150910" 0.869784827732512 0.838732314247274 0.840484307302827 0.691030288471262 0.860774048522704 0.132522928376124 0.677510829130476
"cg21634628" 0.881597351932637 0.817780270034247 0.775107017192842 0.72706382764188 0.88897175112857 0.132577622256661 0.696914410291567
"cg15729230" 0.940670717589965 0.946308587555945 0.807809839630616 0.767173867943188 0.941598689645658 0.204329845464264 0.847193246534302
"cg07307830" 0.87668916929615 0.880469154989848 0.741809324058861 0.664932359853151 0.889895928221169 0.128924476023763 0.695307502103903
"cg08985282" 0.878274339067225 0.841987350691957 0.85096243342839 0.754217265882368 0.880282840787521 0.158911196723907 0.735516948558217
"cg19563355" 0.857903157508036 0.89904820681642 0.87251747065524 0.850998364653593 0.843328575067086 0.180652631395538 0.77355622134685
"cg21474838" 0.890609450005902 0.899378942606326 0.798511076153656 0.724953880764965 0.8895627103135 0.162393295144903 0.745327267271181
"cg11978441" 0.857443136064818 0.828600561255979 0.771120453923012 0.686741612647041 0.868948178070104 0.124685700619125 0.696351944226997
"cg01940139" 0.893257850484838 0.895889914002483 0.814746808468936 0.73462361590412 0.888354540697759 0.167759435691335 0.74410559275145
"cg00594040" 0.877184096139329 0.891396067139421 0.843923501954651 0.848530808166805 0.872451507437285 0.148892879056653 0.338895626833386
"cg05593759" 0.8804282756489 0.843293130797529 0.855726012058527 0.795763602326227 0.881017965148894 0.166289057069398 0.654116278297032
"cg11100450" 0.89147301696138 0.901229823191403 0.837192176164584 0.730501714065482 0.894330691335184 0.173413126961472 0.71902634911606
"cg18310515" 0.870583023424898 0.882272091330945 0.838553730838893 0.746535992050129 0.877122412829012 0.15784630010031 0.629561052560684
"cg08326410" 0.887100463555171 0.897560958992027 0.891111930568943 0.86465896852098 0.897127163057682 0.206177013769027 0.740676906511154
"cg15241779" 0.870464064955929 0.876244088161201 0.842514279535942 0.761845820499234 0.862619064601591 0.16499478317896 0.706864947617267
"cg13209388" 0.888042200310925 0.879869788542128 0.903272153968268 0.846837045637203 0.811576241949793 0.186081880067202 0.707588256855744
"cg01806427" 0.684283666443623 0.900430807936333 0.861059822265818 0.800095092834461 0.840720592663801 0.130865835164542 0.696178306701521
"cg12500857" 0.89316207707263 0.849264419218656 0.90024847491415 0.903719130950582 0.911952447603347 0.220351574519891 0.838529392742714
"cg15757195" 0.866786010253637 0.879782890256558 0.828839391676631 0.826057683152198 0.867843939126025 0.172072860881917 0.660834654189067
"cg14301562" 0.857303080336091 0.870129088135692 0.847817663931655 0.733647786553656 0.814690191436751 0.143356753030299 0.586262634400863
"cg26823762" 0.06693254430431 0.0854975367248312 0.256081732202939 0.516243780865811 0.0698283995629401 0.612388161420014 0.146506330981571
"cg19893585" 0.112660710654849 0.423514434129667 0.53412016090815 0.552033399792597 0.115190286494319 0.752491200868349 0.238354461553045
"cg11481582" 0.0622237814558086 0.0511405219976042 0.410889777077462 0.494563564059843 0.0677965976142156 0.634237017035598 0.156664721396303
"cg00629585" 0.126430085572036 0.139626325347265 0.202831471424087 0.233310558354767 0.119869063207516 0.598016054694459 0.192183423131557
"cg17176894" 0.100114654562078 0.0867270338117466 0.225730811010704 0.334777423677898 0.0941640467386323 0.623381701196065 0.423876526059994
"cg17801864" 0.0946669538662906 0.189597218405324 0.37465382265085 0.489310070243693 0.0959451026641196 0.671200856279618 0.196287847311981
"cg23829102" 0.0788182037014493 0.267255202159587 0.527456128403882 0.679929449877752 0.0753776622461981 0.732079758023264 0.156746239544966
"cg25045219" 0.110719935345918 0.385717259740779 0.134474494216762 0.569580357307749 0.105821747861641 0.682831273591082 0.205430992090624
"cg09747445" 0.511916594548533 0.254449725132233 0.315174681603918 0.305526741525878 0.532886577210122 0.83426461268627 0.350333805134522
"cg19810954" 0.143530270933861 0.24756658603073 0.340533691698196 0.679442028707676 0.638321651380057 0.823192094002917 0.299530553065725
"cg27122888" 0.0824644988058703 0.118342913253894 0.123691280232455 0.18786055086207 0.0822332598639589 0.572427502655841 0.242363182267675
"cg14649507" 0.0879488352799278 0.215775563311914 0.621369703943226 0.596367054934287 0.110988333625818 0.76263158575105 0.372230579401559
"cg13318771" 0.0656645267182019 0.151489072072548 0.202802916392447 0.262783266905672 0.127446121615393 0.600788783209899 0.145791426180905
"cg16719404" 0.0927927600308125 0.566101837345677 0.179970500037343 0.242756614664616 0.538843283580252 0.772315222372436 0.502315491230889
"cg01088404" 0.0788386239652956 0.180942063137358 0.488896050346287 0.743374567287935 0.0775100502259159 0.734848494105814 0.213977656076989
"cg15374234" 0.0834213764540625 0.154571159682576 0.470176772263544 0.507221822169638 0.0813429707999786 0.693754988896398 0.233305823427311
"cg09958402" 0.059340265722597 0.0856461198787745 0.533520452585888 0.612719239124777 0.0723747712572864 0.703136761626107 0.228710748856053
"cg11147278" 0.0692518187692093 0.25761404972201 0.443202833706019 0.556346757233042 0.0714262729337651 0.732726890630542 0.453109416614395
"cg05608790" 0.158773405596238 0.185297122879964 0.496112546215346 0.656577169099896 0.246792120191253 0.78537993496129 0.277558998384535
"cg22589728" 0.18550310283867 0.203288660642684 0.286108309895922 0.342286836556528 0.216608768384494 0.698953443839904 0.23938565619113
"cg15356966" 0.0816920524624113 0.199991379206964 0.402336500568661 0.342878141164117 0.0736805717825192 0.66714555914432 0.1531143002741
"cg06630241" 0.145821242435534 0.128693075216291 0.642589672278715 0.706716565340567 0.140112917586206 0.785898078366992 0.194039760311348
"cg03837680" 0.0615755866410387 0.180958419896815 0.351696264874635 0.377999965607767 0.0611092645191413 0.669835119432415 0.327278918589412
"cg24315421" 0.0819951474500846 0.454115540692774 0.330686774442914 0.531135786378847 0.0710472718286835 0.741985150651237 0.314834358338792
"cg19736900" 0.115475286489115 0.11001002057516 0.552649205696682 0.593181045213693 0.11729517134428 0.742589406217952 0.228374048271858
"cg01447281" 0.0744629633651182 0.162378268371315 0.0952197357458668 0.17696160634005 0.0758813363638836 0.588546178374118 0.175754189206785
"cg24728803" 0.117800005712032 0.138084154660177 0.573145622855995 0.674731308375798 0.103025733199367 0.765979761160856 0.178518933534785
"cg25887844" 0.173531588794093 0.41759705326619 0.2201267123899 0.289842025248354 0.129485606850632 0.727017785814847 0.398263603423797
"cg17087974" 0.0835425560464635 0.0796042951762246 0.605140084595632 0.715090025525381 0.078311692797116 0.771225811583819 0.312239088687073
"cg06875488" 0.186050940305967 0.297672163416802 0.443557492661656 0.487248116086253 0.238306516664291 0.790059277201955 0.235413632189474
"cg04887172" 0.104734629780972 0.127193444002997 0.486369046168756 0.545102966001492 0.0781448429491818 0.727013154987265 0.145791871025219
"cg21232161" 0.208903560754843 0.098978540554908 0.424711718565438 0.516368166643625 0.104213310047291 0.772670578690815 0.521981737228051
"cg09101151" 0.150578202905059 0.0827044182837006 0.356783538381109 0.422722867120656 0.201702005368222 0.739166113883933 0.442471571716083
"cg13404688" 0.0932344179772394 0.230285226435528 0.556142972937208 0.695844276536352 0.122373340025559 0.821532706024044 0.398664334800114
"cg07675477" 0.192930321352085 0.236611162769992 0.20360780121839 0.299531957042669 0.197501232309002 0.719859462055233 0.243932978944404
"cg26348226" 0.0841033808458993 0.0676368036075114 0.283205794479276 0.44562348256754 0.103106292199514 0.684677609149385 0.215584218090916
"cg27218978" 0.221249748469804 0.171492383928278 0.521733132651788 0.602137918162305 0.111387599514391 0.841158568020451 0.545203850601251
"cg11173131" 0.0614700462509699 0.137172799065841 0.385190827799966 0.477703215594581 0.0586801054337012 0.713761127566921 0.198648970080688
"cg22897715" 0.053553137983412 0.104156842086964 0.218573036088368 0.195975159516688 0.0511846683882661 0.62607570575367 0.128318084720809
"cg07687131" 0.0696138809494628 0.066242434702855 0.458092488937799 0.510291345068049 0.0579795614110541 0.726570948222382 0.114062569362081
"cg09001226" 0.0778242097706959 0.184075973743113 0.327383050205253 0.292030787008846 0.0721070678688489 0.746559377303585 0.576321561708341
"cg22442430" 0.158505232602495 0.111243471878451 0.0975679201695482 0.10363951182669 0.323918760995582 0.722264896614861 0.522469843560312
"cg26971042" 0.134767746972491 0.0779633256939928 0.0992482390777468 0.132305126312466 0.146062314568144 0.659085268229679 0.144665164119232
"cg04179740" 0.0760870272443732 0.245103838633331 0.105294043923691 0.199905293037444 0.0755711608852544 0.726829956503932 0.51283839575387
"cg07381806" 0.103523362553006 0.0798223285852166 0.163692922221756 0.306771853717172 0.305148808931352 0.774449839357858 0.505886653456479
"cg12273325" 0.06534724991116 0.0818706118573266 0.164748122130969 0.290714201063467 0.152390180207656 0.7141231356612 0.239275156940084
"cg11358405" 0.0438820226578669 0.0465862419136324 0.383347491697198 0.446305445874511 0.0358733064886005 0.752131730252868 0.158165961440559
"cg18881723" 0.0726800195484327 0.0659905252306477 0.0659784542438246 0.181384516414931 0.0922125640542929 0.691243327686853 0.245118683826587
"cg06117093" 0.0814570826078968 0.191194350261968 0.169620468982351 0.368305956706956 0.111490403635811 0.801822219224934 0.619967602289976
"cg17766305" 0.0653050576746876 0.112336345493688 0.324409083026282 0.422157116913473 0.100462433988551 0.83880415938096 0.214366343991182
"cg06768361" 0.872459152530682 0.951986589077525 0.948616643133276 0.953505296803604 0.890634627663158 0.918805819461186 0.261876763663975
"cg15974642" 0.902035434169711 0.904320910372451 0.903305128440126 0.907382460051747 0.888403576182982 0.898597480102354 0.257423693932851
"cg18168751" 0.967464389439446 0.963130453118326 0.965717967922191 0.968770500212317 0.964468477315647 0.964798711533806 0.325499666887442
"cg02349468" 0.959900561325736 0.931044587047046 0.960175028293149 0.925912489819876 0.943923146444682 0.954506309966892 0.312726749951239
"cg14203426" 0.929525022699999 0.953048260807945 0.955123559029344 0.956827335321568 0.876337112802185 0.937598719293126 0.305108194562023
"cg03445653" 0.90248557509519 0.913371456505603 0.900315861364639 0.911975778203134 0.905079338856514 0.840177174333424 0.269433293061349
"cg17052552" 0.898524499675462 0.911085848854504 0.900976730095547 0.893821077845218 0.899629067727891 0.89633229149295 0.273687895648633
"cg00344445" 0.790881215173623 0.944937559576374 0.952525388481988 0.957836534690191 0.485943090021513 0.916160132195125 0.213688553705203
"cg20151221" 0.925664193342439 0.934762900586458 0.893510019811716 0.923910962594379 0.922285544071201 0.913758530969352 0.30391889811404
"cg19586199" 0.927276082865953 0.961041466983924 0.956922785183412 0.961168625163211 0.935916174417579 0.95445781903599 0.332875841943862
"cg22353369" 0.899013871134972 0.903699766198914 0.872042406992094 0.905179219496358 0.896851937664518 0.905661918515798 0.292218972288734
"cg10594510" 0.957281713761303 0.963408146545713 0.96131544238219 0.954587381136655 0.947538245401399 0.926208460547392 0.349574410130834
"cg20555305" 0.916097924120294 0.913252361897652 0.911009535488149 0.92115570470484 0.910081024749008 0.917019369784265 0.315334460938271
"cg08640475" 0.951659757387126 0.972780516807255 0.955662994887124 0.947728693398859 0.841037493409499 0.955059260908736 0.347944022633047
"cg21768884" 0.947739954785679 0.951597168701786 0.949654691336521 0.952957604344579 0.942712574675932 0.950029861219393 0.359138454653909
"cg23678058" 0.883561747685261 0.900078076094647 0.826561643276441 0.83218655837703 0.862568778126982 0.840019903671573 0.272737250884277
"cg11926444" 0.948613356027353 0.94989102523359 0.949262336251902 0.954036546318207 0.944555478186487 0.949803723381943 0.363572395219629
"cg04643690" 0.880915477194158 0.894327269561346 0.908988036509853 0.914514561902631 0.861701946664306 0.903721855771605 0.311743303324666
"cg08890627" 0.882770302063353 0.90894777404045 0.896711145803897 0.910629621582947 0.868448709818386 0.897497350365104 0.312584380535063
"cg17927096" 0.854717563676155 0.886243922616787 0.867024447728822 0.873001580060904 0.852268395178462 0.88121972523869 0.287496211405645
"cg13995599" 0.961122731254425 0.962396890777705 0.963171822180895 0.963890323040329 0.962403195624762 0.959543283708457 0.382394461128021
"cg15911409" 0.851284683422646 0.879134748907423 0.867533990477667 0.871456516185477 0.853628734649216 0.863834333101352 0.284914899957768
"cg23044178" 0.864823898775346 0.879755451765566 0.904929184720896 0.90307050155202 0.766913235412961 0.826329039900695 0.280523968992627
"cg11759194" 0.888192262107066 0.892699455714357 0.884182813072037 0.892274740117301 0.881390485706388 0.880408742434477 0.308725334491903
"cg15856832" 0.894828584550797 0.898660546242778 0.900212223965783 0.90355075069494 0.880197470176926 0.882051391301134 0.317647716652816
"cg00529757" 0.889302885495517 0.891981621550235 0.88855268663035 0.899947476365474 0.890693283850688 0.889285943687798 0.317772275677122
"cg02814691" 0.896337639866654 0.900095201914174 0.89525645563407 0.90045459698901 0.889149820616524 0.893216178771825 0.32321696197122
"cg08221288" 0.912959064221377 0.916366817849779 0.912757543393862 0.911207328279845 0.910893419241933 0.907527315190679 0.341133946783236
"cg26159832" 0.812138959108237 0.872743578121626 0.859691134900743 0.859401177575948 0.784965239365989 0.853297110421414 0.267926222498145
"cg14166189" 0.882529763475267 0.88951999577319 0.877005978932118 0.863761645479139 0.8888280638069 0.840889629452517 0.304809247956447
"cg04315923" 0.934397604295588 0.951601470457735 0.957853700893013 0.963807851672663 0.89628355068761 0.955216143875006 0.37244878246674
"cg10018933" 0.879163190590396 0.902061048378731 0.889480754991584 0.888813394080028 0.882809448916148 0.891458187498306 0.319005205210572
"cg09846625" 0.89914865799284 0.9054332508269 0.901618377570336 0.903983574280475 0.892102855996474 0.892290895530753 0.329942531839035
"cg04228042" 0.891463486460073 0.904422394592337 0.897461223097531 0.905744007930542 0.887011939027978 0.88779790155699 0.326441965714855
"cg04983687" 0.950660884016257 0.973959441127425 0.9697479730692 0.975885753042063 0.786283222197979 0.873510456188058 0.355206671386057
"cg04120520" 0.863732749126377 0.89057888518965 0.886583502238362 0.8928196063866 0.815555543424333 0.875062991813297 0.301730034556644
"cg12099546" 0.88917473165291 0.889693994873907 0.894767261710994 0.8947505294246 0.888077689408255 0.889541737868566 0.322581250018858
"cg03767333" 0.841599881109036 0.87357029232454 0.863566342111051 0.867978063711292 0.812822273823645 0.816395961327972 0.278304894734183
"cg09899564" 0.867523560555097 0.879190589168584 0.874785399583751 0.882537628346098 0.857072404981062 0.872782758852466 0.304320761847048
"cg26103369" 0.901064505906557 0.890831335669401 0.901608189540588 0.913828846814493 0.845906791512767 0.898638384503849 0.326288616578905
"cg13928485" 0.796501689177689 0.874133382242443 0.829241102723693 0.845856285063181 0.766675782911457 0.840773799045093 0.257517894899022
"cg06761220" 0.880434878995248 0.896582931808113 0.899890233273029 0.9023467525447 0.833416283128661 0.457699739204898 0.254428018596915
"cg09710521" 0.906678227128966 0.912855835108744 0.907013278610262 0.917132499992548 0.901908408989712 0.905349263088624 0.343079385744277
"cg14160419" 0.720486105861554 0.798799864118801 0.878023894004692 0.859215230361104 0.853495171355961 0.883954841228441 0.260353653236217
"cg26504110" 0.968424400766909 0.924148476394452 0.951889018112592 0.952985382927828 0.971084077776879 0.971164006230931 0.392413554284302
"cg25580656" 0.920711077109521 0.957055047869169 0.956256640120357 0.958492751762464 0.868111236700178 0.785410099853304 0.345513060145751
"cg07790778" 0.84453599983404 0.849466448966915 0.854005483984152 0.870513442797639 0.836868168842181 0.850621874130656 0.286367548405962
"cg24028828" 0.915250786809126 0.912168212298551 0.911158672795529 0.911777273763617 0.863068533821249 0.893674470480571 0.338217273168477
"cg13863638" 0.888149814360168 0.890875209741028 0.886682087734698 0.8905014132445 0.847157236051393 0.885707823037086 0.318497603735121
"cg17528559" 0.899268759074338 0.895550220840946 0.896904049644555 0.89978286086135 0.892335548099206 0.89407425703817 0.33378264311701
"cg01099825" 0.315665121690309 0.23115795165569 0.167093299317269 0.159514725222384 0.428127758383956 0.357772459016047 0.630703599293891
"cg04960065" 0.0538384705117899 0.0530814149546585 0.124121009269912 0.16375378023229 0.0583496370760275 0.0739738654413846 0.438416616113249
"cg00360761" 0.180066303513219 0.320185141041043 0.33545772185873 0.259245692100076 0.177022039221269 0.0639761916683207 0.577228556781253
"cg09977703" 0.167672605794696 0.312453186590501 0.0375863794351805 0.0343297505080525 0.173693737185626 0.0412610257478859 0.485830673331712
"cg13525276" 0.126497808121895 0.0644820306379045 0.0741970049985384 0.0649485768969347 0.459491763099827 0.0938391593633936 0.501528989878005
"cg00164282" 0.088398757210907 0.187049299659873 0.0696580786476958 0.0610458671097451 0.0699171571890351 0.0708268039010107 0.44862801960367
"cg08767044" 0.0587113740748641 0.0514701065654466 0.239177463723125 0.22710151865025 0.0543684129691877 0.215022977251871 0.493214926453849
"cg03466198" 0.0423437207280885 0.264989800252898 0.196844126818136 0.1705171401983 0.0334446825865153 0.129440804785832 0.492418902732049
"cg26689077" 0.109839679261711 0.316282187160607 0.181908761945064 0.0757480810356912 0.423519610280223 0.105700008676067 0.557867290353757
"cg21205978" 0.322742198731492 0.455193077334152 0.0596234289410965 0.0608256133196493 0.242927296423296 0.0760581919376288 0.571290794788778
"cg04754652" 0.133210611228519 0.139931724709716 0.0700699706122001 0.0687707133933521 0.261021591477677 0.0816212101596042 0.488643557717712
"cg22184990" 0.0697899373941362 0.163894377685231 0.174363599622915 0.0856354258686949 0.0716439075824063 0.0741859517411272 0.467844943187858
"cg19233405" 0.223377158257321 0.0231355298926275 0.0379273614627279 0.165174045019399 0.243875510503066 0.380802865506605 0.540529190005675
"cg03094728" 0.162049466995415 0.358617317493774 0.205428311620813 0.141705457585656 0.155962108942692 0.146321286689492 0.558757488885424
"cg05614346" 0.0760551033626713 0.122832216579132 0.0850043256064799 0.0728888881134274 0.0803930733850212 0.0781472882128592 0.451348696769994
"cg19918549" 0.0991096171131742 0.0711045260409435 0.0714648807130586 0.0643642584085224 0.209366389976363 0.0831510109124633 0.468269114510868
"cg04987734" 0.197697850489931 0.0660738761435637 0.205190837416366 0.200673706439662 0.318650347961639 0.23713584604239 0.575974715349953
"cg17707057" 0.107538319725946 0.190876055336934 0.0984421877287814 0.0752153887666903 0.0689254753158469 0.0971899817512359 0.479688337250739
"cg05596756" 0.052331772075213 0.0920543055918503 0.0452278413401326 0.0454900238428491 0.0987231864569714 0.06290229893376 0.440566685178338
"cg27540367" 0.0698860732337368 0.400496506497583 0.198553814000823 0.112982914876392 0.0665197995735073 0.120105372173963 0.533542082071529
"cg03354554" 0.113079632543673 0.0960430561637629 0.258219200783093 0.241412377715928 0.229636981385688 0.336939376002852 0.584326327391053
"cg04466898" 0.0645491704169439 0.0677072874718324 0.0832079035693904 0.0700553874744087 0.0690940281798378 0.0662980967299841 0.449501385739434
"cg13639901" 0.122647547221274 0.254145313820949 0.157816467089167 0.113881634361674 0.156674277567197 0.149466268861632 0.537054650366749
"cg27485596" 0.272511809967365 0.198201715312912 0.142382823727014 0.244953752056953 0.309013026419937 0.114859407820807 0.600324436748258
"cg20660269" 0.190888942351612 0.0344078695281732 0.0339088727612225 0.0337909801833462 0.0461638271414747 0.0703898654396995 0.459763491046266
"cg11958644" 0.0492350765534894 0.0480618602033145 0.197014722136918 0.268845950133138 0.0569161207278672 0.317358299759082 0.533780014255604
"cg09458566" 0.100995032040263 0.223737062405681 0.258740944331257 0.278009106080262 0.0922341702293795 0.149104446677798 0.567994075119415
"cg09742465" 0.0626567944926796 0.0647182255776141 0.196615025698842 0.150882890047713 0.0697276922057568 0.0602180442879419 0.488810800686569
"cg03422583" 0.0495420427218923 0.0530024013760028 0.141364128871146 0.158252300602425 0.0511370904739246 0.255143768432536 0.501985146486085
"cg13203135" 0.118117271286473 0.0848419918543769 0.0916232149528447 0.0799253360631552 0.514844355951004 0.197837041217249 0.572687051241288
"cg15459165" 0.318696842633216 0.0579404927091704 0.0919852875745812 0.0732101959107812 0.53983401128929 0.141295548460464 0.61300088316439
"cg25598890" 0.0537359468416506 0.108105293352725 0.340322067376763 0.0759509456143305 0.0577985880691345 0.0597788520537946 0.523742423965632
"cg03636488" 0.132729030577851 0.0879436402428761 0.11398091560403 0.170105492444016 0.191315037247151 0.220542963681074 0.560063540419644
"cg12634208" 0.124392978995139 0.250142131925648 0.518653928185037 0.457293430264507 0.128337469115467 0.259383784900789 0.697317275562976
"cg02003183" 0.086791412100359 0.0450081695674415 0.133408741330818 0.128922064806364 0.194992472573614 0.126075529111415 0.53409046255397
"cg15153141" 0.0559924107723643 0.0555434432220841 0.408114024317499 0.239008450656508 0.0994991568257803 0.114423625786333 0.575621579252787
"cg08574423" 0.0671562212239615 0.0361407784815708 0.0397280281012462 0.0408309127275906 0.123478737780157 0.135445583120295 0.491019244309161
"cg05468843" 0.0658466832949366 0.573726588566124 0.0633256471672762 0.0589573472586801 0.0755388093105795 0.0715401193132723 0.570250559063766
"cg20472746" 0.106739154435355 0.258912754908192 0.0820107266091794 0.0777869914886283 0.249112934674647 0.109599306011666 0.570366544371961
"cg13415831" 0.0588590463127405 0.32348079881648 0.117896198927736 0.101882868603854 0.0528963928862765 0.0571436557251263 0.541548399708459
"cg06637812" 0.0974547173638963 0.123694939414526 0.0786513503234237 0.0766970910663715 0.101055974261025 0.281535999929427 0.550145487196083
"cg13408344" 0.239045841513149 0.140677038315135 0.118947519599549 0.106140951706083 0.372064036785007 0.133926850864236 0.623282708876275
"cg08098128" 0.073420868017536 0.152998736389741 0.0575941633841472 0.0511373886983517 0.0517955465075211 0.0908948662873575 0.525061134345267
"cg13810673" 0.0633967188774049 0.42067568788844 0.0567547971011983 0.0503349803581977 0.103884153626921 0.0555038042937422 0.570908285659557
"cg23966363" 0.10365908186206 0.126631817151644 0.110648009197392 0.0766934633243115 0.0812973185059984 0.0781809450300466 0.547320112224996
"cg07884764" 0.233409988753701 0.0897977094326611 0.113017120732837 0.0815418257848161 0.201764030513159 0.0781388322500141 0.594018883613666
"cg20979153" 0.0591238687970721 0.569903761501386 0.0694465073545287 0.0591056344692059 0.0733073717709857 0.0910797938926722 0.602989926938838
"cg15752436" 0.0706420902514308 0.0562620572553765 0.0567608052660425 0.0561914802916284 0.128091729417787 0.0576482543280936 0.53697567274532
"cg10768932" 0.428374250774209 0.0555218129208349 0.0579500675792646 0.0531686337904083 0.0694975846170589 0.0611051167753465 0.644272224071479
"cg01722297" 0.141921345520781 0.316336903210193 0.145897596094726 0.13952934027564 0.129760862055315 0.197619881458 0.728298760314762
