"MO" "B" "CD4" "CD8" "GR" "NK" "nRBC"
"cg26872907" 0.0929370658822724 0.947362479968161 0.909983305574834 0.941544067429621 0.935630589946537 0.903749423367505 0.800574219363078
"cg23244761" 0.142597090632873 0.970137536068622 0.948871916587601 0.970302992128177 0.964278413370953 0.94138223160744 0.900287959600078
"cg10480329" 0.122276531769499 0.905366512237192 0.904194775708737 0.917637205181354 0.853009880722912 0.887856850458129 0.874533269784372
"cg05923857" 0.10403877497462 0.906356064282867 0.823074603969833 0.923770494142198 0.826676684265992 0.878765172126602 0.831619537439361
"cg12655112" 0.118356752026792 0.898233572953227 0.912705388012283 0.945563300099821 0.732983912886192 0.904905909884467 0.752306920573666
"cg20610950" 0.0866121908426951 0.908091989335473 0.890466194329169 0.918501488750773 0.541967443140845 0.886610400617068 0.866315493209983
"cg11597902" 0.0512584085954859 0.960557911996925 0.942758970341946 0.972968478558077 0.19075479864397 0.909223361836919 0.88277235558836
"cg18066690" 0.15182085868069 0.905825122073542 0.892206017905287 0.905391708023147 0.900971511910396 0.889724265733635 0.799506236269136
"cg24788483" 0.176162493240665 0.92376849646031 0.88862042916224 0.957193963838234 0.900089463485705 0.913364417083673 0.835016370355472
"cg26538782" 0.111107627720194 0.797960176566062 0.860923015041019 0.893904693500058 0.83221343448247 0.865098533620415 0.767652072080087
"cg16636767" 0.143785816464351 0.880761797512425 0.875421713250003 0.89828858035141 0.859346979201206 0.859482681920645 0.809826642024338
"cg04468741" 0.138835329695399 0.903011554123575 0.849085024812188 0.886927242956295 0.828819770907241 0.862975069576385 0.814219556668015
"cg01476222" 0.118305590177839 0.8031597013804 0.881448886129685 0.851051741940961 0.856781513522829 0.789769825952772 0.834088348869288
"cg12422199" 0.0879753883280962 0.714878626719646 0.833644451419623 0.86117181747031 0.851915203537675 0.77599511157342 0.764765122027474
"cg22675702" 0.118934868225996 0.843328351619945 0.835606124136516 0.851251762950765 0.809805923679941 0.82856987761175 0.835133317824778
"cg08908131" 0.1047991252007 0.859792059141407 0.840034312292557 0.830511779669332 0.843448807454319 0.810390165672665 0.654661691615452
"cg10278149" 0.094453627529455 0.835227114390654 0.871660658204997 0.886351598534289 0.680254263128443 0.84895793259447 0.696219425464609
"cg16429499" 0.0792777590092594 0.511303402490924 0.867101556455254 0.893959581171376 0.869225155440646 0.838831096643292 0.705006437900398
"cg23146741" 0.0903242079421206 0.795379224239687 0.816982542988787 0.82040605912718 0.768069983358535 0.784275884990125 0.734276731670199
"cg18990407" 0.173156045745134 0.828179210288688 0.919688255379225 0.941515183618821 0.815533213276734 0.911716134131784 0.8050767766027
"cg09220326" 0.107864075704072 0.895134377312555 0.881002028174959 0.901378521316056 0.563025805953818 0.857795874242164 0.755692824666073
"cg00288598" 0.162288913993268 0.946294251907542 0.792968047863708 0.892849208048039 0.759886214316528 0.894765769401887 0.907006020815018
"cg27366072" 0.123168872949718 0.824886162936253 0.882451453193154 0.888410337308471 0.714561080210178 0.851569378088628 0.751631537619188
"cg20559385" 0.0792810894209997 0.803765476981863 0.761425467804959 0.736498876439288 0.829618119643532 0.763800350051559 0.717449465222486
"cg05669832" 0.147112570641266 0.721260976159809 0.879221223249263 0.909712749155811 0.858108720200614 0.866584966933492 0.808604292179268
"cg09322573" 0.100425337876993 0.841725800236981 0.864160237812566 0.871940665335154 0.642876856786886 0.831973671127053 0.692254976400539
"cg10624395" 0.198376094372981 0.907704312038683 0.890205827561424 0.906152494403731 0.911010470321006 0.87872324851071 0.791800823956252
"cg11186858" 0.155593437644508 0.953454897514461 0.95607053955001 0.97659372241696 0.434804550008249 0.916224952297398 0.91392539734342
"cg07002540" 0.106400289859266 0.886113280181426 0.830725335876451 0.878553322813184 0.714813385549702 0.800657256969563 0.602351085123731
"cg02244028" 0.155510630135021 0.88621805441031 0.868807154953701 0.884089018881111 0.821346200406453 0.849394760740979 0.705118966671071
"cg14109551" 0.138921587628112 0.906766061106584 0.881602232014123 0.903509146118692 0.714725428631188 0.863656627891364 0.619284681443924
"cg00101629" 0.148272809403947 0.830500604932325 0.874270260790345 0.865481706291659 0.811413739805164 0.855649336268766 0.721380591386191
"cg10499974" 0.0774217698176555 0.864975532713213 0.888533178399174 0.919211937044435 0.421477341306833 0.852956770918701 0.632228139937022
"cg18835472" 0.106037556021163 0.818577365329866 0.832311994246216 0.870187069493688 0.658008618673734 0.813822883279404 0.740519286995438
"cg23391288" 0.201603094156019 0.890246780207066 0.877128408985927 0.898607705859984 0.910755649631966 0.878561202919213 0.809212706445591
"cg19835973" 0.206487660906456 0.928799488744803 0.877494393922655 0.897617973750629 0.911564671806425 0.877816221170647 0.788491895972092
"cg20641531" 0.171048720513768 0.89752908913246 0.886815878917511 0.90165950200162 0.72525700858809 0.873947520406327 0.83448599855359
"cg27059140" 0.0829179352318019 0.890501038392114 0.871980836435566 0.88147638149039 0.419185251724293 0.830608977544527 0.716173589173551
"cg26690127" 0.117458378881057 0.711869334823691 0.85524596470252 0.892960240601645 0.71754925526691 0.854475458374686 0.738337597716461
"cg04478930" 0.161701262234877 0.864406218099586 0.896564657137891 0.90836908333101 0.749409136994842 0.867999702910321 0.718836340078671
"cg03313271" 0.0987297166386539 0.881290186788961 0.89225115072972 0.911375247783918 0.390485984908263 0.841245329642414 0.799975189016322
"cg02780988" 0.120866293240075 0.805872950764755 0.834209521562804 0.827739369930763 0.828122270758927 0.803037071350214 0.610066323500528
"cg25898577" 0.1648779782628 0.909508255889123 0.887970494469856 0.888133036323287 0.749643464356796 0.823823749193164 0.761458957717173
"cg18770149" 0.154166772514517 0.880360973195898 0.848017770678291 0.847142970457942 0.845381521150107 0.810370559736227 0.676100665520658
"cg22259797" 0.0900850111269316 0.932766901722005 0.785813704664277 0.885756423768884 0.402020756882684 0.863364559122809 0.775149996252044
"cg06297318" 0.130763881813973 0.832565912222999 0.817712894664005 0.842160782555235 0.781469234171903 0.809092045863505 0.711858155939274
"cg08694574" 0.15074632646975 0.894756954689525 0.875001171915021 0.902418805976699 0.6722505094735 0.862906981448153 0.719466329132702
"cg25517015" 0.13057266296474 0.875075151211707 0.841218354701548 0.86360193381663 0.653148064315039 0.833904571359917 0.730424694320756
"cg03533256" 0.0834077403952906 0.838346834739847 0.796169387554053 0.788050087821067 0.675570089378489 0.784670536811227 0.562612840526797
"cg13093111" 0.0685836405484864 0.819677869332636 0.896154215167583 0.914973647979716 0.381542933794466 0.788019845936233 0.618925739607851
"cg09736959" 0.765571014250582 0.0925594560105622 0.109256883638815 0.0813660833543979 0.769080556513381 0.2527374868798 0.633511117756018
"cg12102235" 0.693886358240202 0.217440893479748 0.122192349897361 0.141788115247499 0.0751127676722744 0.571959989945562 0.495185638476097
"cg01367992" 0.88420022796915 0.519615431245315 0.0856735390635047 0.0717807577300523 0.883050546817807 0.425363315448784 0.595835789107975
"cg14364797" 0.741152562840623 0.631265176781868 0.1238358316355 0.0591399311701203 0.216819092533068 0.0812527655815389 0.72731118649329
"cg17161520" 0.750439066627903 0.0557932229982207 0.0866561725483023 0.0583635547037106 0.81274102075634 0.204877254457633 0.587926901293447
"cg21577598" 0.805806522797928 0.350425444028325 0.0514629127523704 0.0405602344595062 0.822063904985443 0.222542115139487 0.633828882203735
"cg14057303" 0.797619634662119 0.534278501541545 0.106047622300639 0.0923027148805601 0.78749906397585 0.186830743226629 0.218641206100768
"cg20171453" 0.818672576749734 0.144804341265697 0.122013836603787 0.104085637414763 0.750879935636428 0.475155940625606 0.65933197370497
"cg27027055" 0.853305022072469 0.471979290936877 0.106565932815824 0.0524421828540389 0.844666457258583 0.240532779495448 0.678685594629199
"cg24957609" 0.758131659084006 0.342762010955445 0.15228671678232 0.0877797749730637 0.491918145439095 0.137956115688664 0.670267906444025
"cg08622666" 0.809810289493683 0.118098499411078 0.269648693979171 0.126857136383832 0.827334721568657 0.1775599656598 0.595416828558986
"cg24216966" 0.850985832572979 0.201769880670177 0.158969752685532 0.133287071981771 0.868306547700753 0.320106021671939 0.724587052186839
"cg02879423" 0.753702429423373 0.774000911424778 0.128761500586448 0.113558743106883 0.108769594063364 0.111998813727824 0.598857432142711
"cg19510565" 0.772822233400012 0.245828141538365 0.0775009913782771 0.0424141857046042 0.774399343720553 0.147246803991232 0.568335162805548
"cg25919221" 0.797590996489385 0.169353962891887 0.0802811608946997 0.076627254714244 0.777036106985285 0.423697813089274 0.482601222251429
"cg15519096" 0.823343196679534 0.434896306035373 0.07817790096156 0.0702944727684584 0.830757227589951 0.289270197265787 0.361766438230946
"cg21830221" 0.758539456009556 0.0704720420156674 0.110090317845551 0.0985813122216325 0.78172495976097 0.166255539374269 0.500338398139026
"cg03916225" 0.784102832450755 0.283079690838616 0.094675270907623 0.0750713159013356 0.778243613067576 0.147668509839537 0.471736936828907
"cg14375890" 0.794618740663468 0.280146715484488 0.0617645324234123 0.110897529085664 0.75824945152902 0.328420760278735 0.366432555331054
"cg07706695" 0.762597409557098 0.194723769197081 0.0532549182243594 0.0333437992829228 0.777787434988975 0.127361860672319 0.565492791177759
"cg17078393" 0.840956256831879 0.11680367426479 0.146332864016647 0.102845531506367 0.849943250303533 0.383976564212586 0.660403275719158
"cg01849093" 0.836322529077473 0.237932161304358 0.241381250670988 0.198447319315241 0.805237473375264 0.199409707829278 0.443046194951452
"cg20055861" 0.837373563820882 0.0508720307055981 0.165688432367842 0.171831418488068 0.84659484892438 0.37865141352614 0.578578383108377
"cg23213217" 0.797200177602762 0.541603524322976 0.11766523798018 0.100584885899083 0.140649194180118 0.457079339802262 0.701822176651273
"cg11316887" 0.810636334440503 0.101723440537169 0.157253335462038 0.0885715741765255 0.865898344256543 0.155093730916399 0.570299816162662
"cg21999229" 0.766674362242123 0.0622560626237951 0.10006112204492 0.0650094323377449 0.781479204964935 0.186846917691622 0.479214692735502
"cg17587997" 0.865445580905979 0.109430363504116 0.302519738307093 0.213109802097014 0.863789393877965 0.138595682999592 0.625671098707667
"cg21359303" 0.893506175926341 0.367872919389248 0.0863655219934939 0.0828632700772142 0.902648125638307 0.216410379100126 0.816869706441487
"cg26217402" 0.851954959941162 0.18218673825278 0.205983580940114 0.195022095688361 0.779818263107542 0.37916123366122 0.400632635591476
"cg13554018" 0.783965784762705 0.0615174158296501 0.164114497202535 0.097082487923687 0.774345726233555 0.137219437188896 0.525254920115882
"cg03961551" 0.810614664254894 0.265327386714395 0.0976073604616868 0.0699318143417348 0.799985827677535 0.167657030620888 0.447469421075004
"cg12609063" 0.803868247612194 0.398217296750362 0.07677288359303 0.0650193480602591 0.635344049045301 0.117836076469323 0.530349108848054
"cg16219283" 0.851773856270144 0.109232598215131 0.132948391747876 0.116607464197351 0.867917286343073 0.259669134593203 0.64257841318739
"cg10639435" 0.807317193300322 0.529328321073234 0.108927242053564 0.106855550331278 0.436639716599769 0.116215472360759 0.57028541333493
"cg20805133" 0.861645225796403 0.225040990196087 0.0505601203634398 0.0342089248944376 0.896207432582202 0.315424333175322 0.652049062624393
"cg14437551" 0.758609670239175 0.0627609498348187 0.0903554477904108 0.0589742056635307 0.780919492274041 0.132376643192024 0.326964100016252
"cg08169020" 0.897108075261773 0.451475631380889 0.0645234097697628 0.0489390024897705 0.902949658474568 0.168453883363506 0.693094591124733
"cg04722215" 0.855571716837772 0.329163943113127 0.0929269947094385 0.0724630657821779 0.802217648699693 0.151601245453212 0.641932714528161
"cg06208288" 0.904817032411257 0.423266180688978 0.143808877708607 0.120093228338187 0.898080790392995 0.154130720841878 0.587531839382384
"cg26348243" 0.922248328304328 0.220451646837446 0.0758288195344768 0.0791658349479874 0.914052239797184 0.513551312418731 0.728661242959548
"cg18148314" 0.829651121265315 0.23949600272708 0.0867910117767574 0.0529730542919699 0.840848726909703 0.144185035232701 0.470223708422405
"cg17169196" 0.869125765634943 0.0858159608792742 0.122798442574516 0.0987343677230514 0.89005877427335 0.258577837323176 0.646082074826999
"cg21201401" 0.788739262850084 0.2064006147655 0.0619573619721933 0.0552523651531345 0.827832893381119 0.103727170361889 0.210253882016717
"cg14597739" 0.847303903586385 0.0722897191770595 0.110198624615287 0.0776562564399568 0.850840090280967 0.22694764843523 0.592535887954866
"cg14165142" 0.822952105474551 0.244196211083762 0.0746371418545336 0.0549979554900166 0.820884599685284 0.233635708384723 0.234440902492644
"cg14441276" 0.814119130710859 0.0571963891028488 0.079074009123814 0.0680494144442308 0.814809630885652 0.180545479004499 0.445216974968364
"cg19097880" 0.763330166561117 0.0605568801606283 0.0663631189672962 0.0484005575694097 0.695991300579367 0.132829635975661 0.255160660098467
"cg03795574" 0.728091367322433 0.0723997483232959 0.0844068551943239 0.0959798301032436 0.0835269222959582 0.339487009339051 0.604945704713514
"cg20513976" 0.820605951978446 0.232467583277249 0.0373187430286126 0.0203602820415218 0.874661435684155 0.101923706866554 0.241245157857586
"cg00446123" 0.854044376692962 0.228349374375568 0.0683225853716078 0.0511040071341849 0.903019120932506 0.116275708907865 0.234011494324076
"cg17768768" 0.9535314593917 0.0780344828213884 0.960879523684672 0.96342316859005 0.962039908489161 0.949372143164306 0.831766315991295
"cg25131632" 0.938648912243109 0.0619363901244162 0.936696987882928 0.92030552170407 0.945976275588264 0.925894680567407 0.749635955861914
"cg13738327" 0.962048453912301 0.0942336206234944 0.964028243998802 0.943311114610236 0.966480596809413 0.930345742597682 0.850926442285907
"cg02212339" 0.952719434931194 0.084479894286955 0.933323573604712 0.930069653974867 0.958698165322764 0.945110500126545 0.791347136827004
"cg19276014" 0.963190419007874 0.126231584340397 0.966533238909844 0.970990743448404 0.971878527228249 0.960980060805573 0.874092637756339
"cg01024458" 0.905849851761669 0.0528547136015516 0.869532898868474 0.883919316651078 0.925291509696771 0.866456961450835 0.789356588880961
"cg11699517" 0.950795326211167 0.119875530578469 0.975650459514848 0.974134290433824 0.936481068749352 0.963162947466352 0.850066553782996
"cg14482811" 0.932633838843186 0.0890555924681968 0.958596095883047 0.936870787219146 0.941129598816577 0.857753541539381 0.801304696160804
"cg16210395" 0.90373812044857 0.0537469778876479 0.901921137467335 0.881083981164244 0.909097744689259 0.876192059284091 0.685988419468714
"cg15348679" 0.874120910957956 0.0837715306872782 0.928430319352987 0.964893529679982 0.910119017123823 0.942726595016127 0.745802202393473
"cg07721872" 0.91578683882916 0.0708290795821019 0.836526117063883 0.877860600352546 0.926341748304324 0.890490529530555 0.824759722011822
"cg20602300" 0.896388189116659 0.0789183328978098 0.903340726263364 0.897277372573806 0.900148271415255 0.892423840652533 0.816918002990877
"cg11661493" 0.865540738123404 0.0528935759637587 0.876500505656825 0.872644119457741 0.868039696832711 0.868192603146984 0.804634672374193
"cg27106643" 0.914333488475213 0.0879669050477511 0.905217454055906 0.921503392614954 0.935032991023892 0.882252143338778 0.74891702714411
"cg21248060" 0.935407771637335 0.0883473873222382 0.941798969444029 0.916414534119772 0.952057521526992 0.772389648744387 0.757336660866804
"cg00464927" 0.939835808892704 0.135822656419853 0.953441152241821 0.955204803033088 0.963500017816303 0.917539766253556 0.845588035164235
"cg26318872" 0.898862747831024 0.0924738502887718 0.899015578846371 0.898337487660217 0.899433368983838 0.8844537419437 0.792333128624948
"cg14936008" 0.891082435731667 0.0880582699502483 0.89827531705765 0.909462230191181 0.896613600968612 0.895761956847633 0.737846823710442
"cg17995557" 0.863640054568018 0.0614261031349629 0.873499728578234 0.867288325989778 0.877785910912179 0.807751135972462 0.797420874899191
"cg26552743" 0.864207844321847 0.0573223898408162 0.887623342193094 0.886176396434211 0.861696424561164 0.856649753912605 0.664316585968095
"cg14066207" 0.92610663847039 0.0788263750835173 0.814362220399114 0.821803175450946 0.933370309196668 0.885652795141957 0.746579371424484
"cg00760938" 0.867917564689797 0.0547200213223317 0.882392972133995 0.878889700864801 0.873053057347813 0.814778076311593 0.657126184984942
"cg04828493" 0.866527822361706 0.107422631103396 0.949044537394895 0.949129650206022 0.960670779246418 0.744107978901191 0.884004596913065
"cg16148346" 0.862144040738785 0.071118404696371 0.879484817787241 0.873797183782299 0.882137951858671 0.874802248231086 0.731045827076965
"cg21596498" 0.882748723067634 0.0676018397617811 0.843715728489891 0.881437777739996 0.884979536735351 0.854749986913789 0.700328207538415
"cg18250453" 0.88811201378077 0.0845162021857938 0.876016629855374 0.880692373403882 0.895303161824187 0.821973965764067 0.814090026397454
"cg01598421" 0.955300572670418 0.149777248535938 0.953213351035996 0.954835572399631 0.959284327645631 0.943260649637537 0.760194618167791
"cg13356455" 0.879518270213383 0.0668282779484776 0.891191692016631 0.869255250370052 0.875561089670662 0.812198257096107 0.692154914743342
"cg26438284" 0.890176171676667 0.0830761847918468 0.899063461001415 0.872960143937598 0.882602798096091 0.828886177126155 0.759777425114788
"cg25683989" 0.869216321059826 0.0681374667803546 0.875441128747124 0.885745962279534 0.866506248866213 0.849257660331714 0.673859304515143
"cg20666585" 0.877176683108574 0.0774812784517357 0.879123036174633 0.857397861880168 0.892656308842474 0.807478639870003 0.778668254341377
"cg01868869" 0.885357950637136 0.0922156114428348 0.890109436628251 0.893268638783235 0.89209129984028 0.885364728642138 0.729740509296941
"cg01869288" 0.857968392056814 0.0518737198902885 0.859815223372592 0.819725168559515 0.875227435604297 0.809786750925015 0.691077430087713
"cg23683962" 0.889946997171384 0.104984607982654 0.891808476841972 0.90100006365662 0.901066719671622 0.875242942992828 0.804535519586516
"cg22212560" 0.679320772158967 0.0493575772956211 0.905384817390935 0.911111616559737 0.872260376865553 0.883945898566939 0.778540415425735
"cg15035590" 0.881516186601616 0.103140389541897 0.90131422587882 0.89845786916959 0.894974574441821 0.880733987878232 0.762107601237241
"cg03980424" 0.883372252728231 0.106503628413949 0.884642297314932 0.912731588499006 0.914994498446137 0.868268785461957 0.773263902085067
"cg15532942" 0.884838179690702 0.0791151946794286 0.883222161313174 0.876766419745542 0.881237490014087 0.846678794316842 0.645289992798555
"cg15235922" 0.849686698461399 0.0573696533824114 0.859454507745224 0.840652200368748 0.83303569825133 0.844405736400408 0.663060526342309
"cg17679619" 0.859931796926144 0.0712999626541654 0.847481297341607 0.864581035904436 0.849513984201207 0.835693313253349 0.730316107829404
"cg03860768" 0.873177516023314 0.060076253010053 0.853152891934195 0.818051345481451 0.861461784576035 0.832906148738918 0.63081687587574
"cg16085171" 0.882211311384327 0.094811152049352 0.855515279592495 0.879376467728097 0.894226330417599 0.880676850250542 0.725410224806518
"cg07558704" 0.921064244095943 0.149263164858093 0.92628781508956 0.92903222425645 0.92453687710828 0.916013672512901 0.857110931948191
"cg26795340" 0.828360677462965 0.0594796238961564 0.855702630578215 0.853666133582728 0.840968685887642 0.822401471926665 0.712042954779556
"cg01591579" 0.934499892714349 0.166939775628728 0.94403622619172 0.938567147732165 0.944494388765279 0.935304265831875 0.879289698908679
"cg13823257" 0.858141746966892 0.0854220747107997 0.870339071193272 0.870212837799627 0.87083539135066 0.839369917777403 0.75296374370813
"cg03402235" 0.864411229161563 0.0936242346403622 0.893481947313593 0.895464784034855 0.829470073415537 0.873912763643209 0.755465042307079
"cg04838847" 0.963694445584502 0.198959721200165 0.970595691125163 0.97149064033146 0.972792241987337 0.96359933869434 0.901670045922422
"cg27565966" 0.857667912852033 0.0634106507181388 0.878391464326518 0.854907860110115 0.866768475613031 0.719391137078327 0.683911530367734
"cg27304328" 0.823263983626198 0.0634155810181084 0.88668222573592 0.876427377362099 0.798333886317786 0.858616740642355 0.661799393018185
"cg27492103" 0.371714692525015 0.783392671464808 0.0979634288473519 0.0756813418788011 0.06764395500042 0.380785934461229 0.62274474165183
"cg14574996" 0.12235753533281 0.84737288862757 0.551668280063042 0.512254845305257 0.138155536433266 0.198577359955678 0.596220757517692
"cg00359365" 0.0865691557095975 0.805694517325575 0.721599668417681 0.547681890786186 0.0921281084892139 0.126248753867249 0.128662325730627
"cg23144473" 0.161826602297587 0.687134126269467 0.220568889811485 0.1829459305351 0.0890734587350448 0.111935419014312 0.13347989340002
"cg22437221" 0.518267366072784 0.846606106645191 0.140949509912394 0.106601014720843 0.121657799455603 0.418416693908925 0.547956214876219
"cg24834394" 0.362182986674024 0.869214656300476 0.292628523232494 0.377232131344726 0.0802158825125782 0.401997693289421 0.592421402115527
"cg02734358" 0.0536948953885827 0.832172762309738 0.365391126311561 0.397094449930204 0.527795106044642 0.101361885782063 0.456032140608119
"cg07725527" 0.148587357867656 0.717270879287256 0.124672375630156 0.11677689187236 0.116827755256811 0.128493926484022 0.586958599631051
"cg07249939" 0.220089120532768 0.795231262088367 0.34264855286273 0.232097996216166 0.197270785550085 0.105391091803788 0.509264626528594
"cg27507284" 0.0651035799779511 0.759727625698402 0.384743926251068 0.334551128116487 0.0611920808694481 0.112592354122226 0.552669681112899
"cg03798942" 0.551091889635465 0.788668351535451 0.091186703349355 0.13917571968489 0.0865277172378489 0.0876484135767639 0.342014354656346
"cg15361750" 0.0827900986015228 0.840625368934347 0.668331742212053 0.701137159924639 0.0704436569256469 0.185462889881177 0.150237670260746
"cg21638533" 0.0703070421790713 0.877326912851379 0.315764808789833 0.422767551191171 0.0748386435745818 0.796496924499535 0.681074355086154
"cg02779913" 0.0380179071060924 0.740814310402878 0.361842008899575 0.362228897319891 0.0372900614182544 0.159667138122302 0.355001311854772
"cg20541456" 0.0641523000869341 0.690010654846692 0.0472164258867443 0.0616384155687803 0.0274147936659514 0.370480358527264 0.459376167774706
"cg07091500" 0.0939250764440279 0.772709473328825 0.162368571029142 0.293638551961956 0.102260239144027 0.505532801181004 0.314940464085391
"cg15354065" 0.0807525069531219 0.818044145312033 0.0785657243104747 0.198945935423769 0.3795413356047 0.644301472799302 0.374881314993054
"cg09849688" 0.0687512052113221 0.728424700731932 0.239038143385637 0.183980788534273 0.0658380203948743 0.194930669711195 0.425854349974882
"cg25518868" 0.0535039028476399 0.712800856082333 0.0877178192491795 0.119261819808102 0.0497692750311514 0.1794287497969 0.654716149212824
"cg25983531" 0.101299827364046 0.83262602236465 0.501021769997599 0.392731135211955 0.0911152869667407 0.1779669723342 0.537423303852731
"cg03889263" 0.0980022593035578 0.762817374696197 0.105356858507128 0.228175901203389 0.0805142579565078 0.588631618043703 0.232569189603606
"cg21291385" 0.37074107047975 0.793019396186527 0.0985246685046953 0.0883907543279474 0.0780710856824652 0.143369734724838 0.615423777845551
"cg20450123" 0.15579906205681 0.750274233130596 0.208804223012919 0.193001687409284 0.0665080656781545 0.0957453304112556 0.461325472718516
"cg09076077" 0.0761854259667807 0.839324518468433 0.535061215855162 0.478414874220803 0.0816023728034018 0.117240369499812 0.510852252526232
"cg20380468" 0.406753831066714 0.855309832361329 0.068290020182084 0.0751809145283796 0.162382255097653 0.434033946525745 0.618194847292332
"cg08698943" 0.0900425368860781 0.856261902102783 0.210359931298385 0.347866927636246 0.3601140211523 0.35097875234863 0.549699727277117
"cg20317872" 0.361715929160793 0.893823137447106 0.049617097279863 0.060437236233002 0.647237541154581 0.136501663144267 0.689817579347973
"cg00874051" 0.0817638643481165 0.884856935708038 0.538397160365047 0.493118671094006 0.0585965867413329 0.386080319101163 0.554922525605277
"cg17950348" 0.0652437710046705 0.845682914932246 0.592414269770389 0.505276811349611 0.0495395009013038 0.0822196449565609 0.492954644458229
"cg25616055" 0.0840246736266215 0.688689285588267 0.0511290634523194 0.0848131316585795 0.0389840760326605 0.115182628923412 0.391962384615062
"cg00902153" 0.0575635045852648 0.793787349580526 0.124867400214989 0.12711658550867 0.0969848658325868 0.600961066544807 0.51570524539999
"cg08682625" 0.0682510329496403 0.77430927452233 0.115693076192304 0.158615907157096 0.0602934839666976 0.375254146269704 0.544272705974188
"cg01054402" 0.259725849067736 0.825797634999289 0.101570886357687 0.132526047649348 0.0747090356598626 0.502165062798882 0.434987486254219
"cg21278103" 0.123114062476753 0.874042663475804 0.426724390356009 0.485509399321923 0.100164475456184 0.465910234302813 0.205201937068855
"cg15906007" 0.280622770808676 0.75333481436975 0.0976739239957125 0.101186789107758 0.11484526638442 0.0865214612754034 0.168508693325698
"cg19268695" 0.146330326754795 0.85925573622249 0.0470489120779952 0.0490071708517271 0.592805489296316 0.106155285405225 0.567484188193726
"cg00619207" 0.129351824665756 0.844922828013825 0.0648345727067741 0.064284381396248 0.483075075846873 0.113460112073633 0.531505074479445
"cg09300089" 0.0578354081907338 0.818948682024762 0.367374290425782 0.188041854944761 0.0524875564085916 0.0927255246503767 0.545880499516018
"cg25336765" 0.071184685353164 0.851871771877284 0.358309783616408 0.322015610851215 0.0683812420254878 0.147686023712086 0.523036301710066
"cg00058449" 0.270555882691784 0.936818951799554 0.421073531223328 0.213890657549958 0.18905241186788 0.0821860751015675 0.618017811700623
"cg01156249" 0.0677304962108269 0.924328828811249 0.298259628618391 0.25335384981747 0.0559782284938246 0.605613812494167 0.650586354263145
"cg19269039" 0.152020282796606 0.864272326951519 0.0435006438373918 0.047215688525611 0.39143952704227 0.101578119759926 0.634359765021461
"cg17266282" 0.151097037314763 0.894493513674444 0.142960884553839 0.18767865812551 0.152270966282103 0.214317780481038 0.6797557441542
"cg23357708" 0.0587043355562226 0.828722327572422 0.148353622361976 0.176910033780866 0.0642239451031994 0.151681429863581 0.408805335106758
"cg08560387" 0.0408543377175146 0.784712327960232 0.063125549236686 0.045635410932604 0.0341386509762272 0.0472004768897734 0.344649987976719
"cg07635227" 0.0361114459802339 0.880971646862822 0.130151973177459 0.131651299754499 0.0288811685484785 0.426784302899363 0.536100768705761
"cg14317609" 0.0591164343394851 0.800669594944648 0.0676631234778529 0.0959963642308904 0.0506432247825383 0.0693259902680985 0.0744094940429958
"cg03429643" 0.0501443270362306 0.831339422558339 0.0524207325510457 0.0486269670324565 0.046656775382989 0.0619588861365732 0.383327559810035
"cg08864105" 0.0684402382972459 0.884403177428062 0.131647695153047 0.150405901507253 0.0565599759851418 0.0981182534764102 0.490822188171566
"cg02606840" 0.0945199891945305 0.855450126534227 0.0448343210256887 0.0387664903485482 0.0420676643907139 0.0600251482233233 0.519590645796267
"cg07679948" 0.956125210213441 0.959121493527495 0.117739759712832 0.341600728962378 0.952137205746261 0.927524510136796 0.940887445049197
"cg16452866" 0.956329228955873 0.957186852166028 0.096367146357689 0.17466227927503 0.953408604231831 0.907133130827885 0.911386915210339
"cg00366435" 0.90436247395961 0.915213723524856 0.0806689005348996 0.359796894394531 0.909286410548434 0.866109899968531 0.782711987195229
"cg01154505" 0.954759607134129 0.783681418449149 0.139706490256801 0.480815043576025 0.958533135186468 0.946074478950448 0.891198005245616
"cg03388043" 0.945106488816185 0.962469263687469 0.0666202543285429 0.0652147843789891 0.944562027412638 0.648638497182987 0.873649748972171
"cg11848483" 0.909261749636504 0.91115452609103 0.0814411430597288 0.199122897960225 0.910711229643683 0.883121954321661 0.741162663343689
"cg19001909" 0.961363310552957 0.970819431167067 0.15619497494234 0.271502426160836 0.963599033179545 0.914138133445285 0.888585211176092
"cg01874152" 0.876768753624916 0.846803930047352 0.0895666597422587 0.466202888739579 0.884548897837302 0.806525534550445 0.632714907990234
"cg07015803" 0.935609159798405 0.954971300000946 0.130721585630758 0.20801541867489 0.935696311062857 0.890865345283439 0.872605376701238
"cg14522718" 0.930696109824442 0.94337449689611 0.107951430744785 0.174050420607142 0.924215053511326 0.732137721361041 0.91044876777271
"cg07970799" 0.935086794724402 0.934730901213333 0.159935366379319 0.547598093895385 0.935030247184732 0.74080259628494 0.838226442671735
"cg26852712" 0.912326754965895 0.848368072719418 0.137973061167506 0.415698016687799 0.916069704808458 0.82435678688944 0.886283803593539
"cg06915826" 0.86074257405992 0.878074079511907 0.088822507931129 0.214444718322372 0.870232895489804 0.828850923372471 0.798231619945501
"cg26166854" 0.862194939144089 0.881201133509272 0.105981151576619 0.496500434975477 0.876115409605105 0.6081380756311 0.754395718878788
"cg10240150" 0.855851349226234 0.89117866741969 0.0818717285477795 0.265116003016843 0.854450655108719 0.772405214792741 0.66679742025178
"cg04340595" 0.914573176038808 0.936297398188088 0.0712809503244322 0.109220906457718 0.90832644468806 0.511140773840783 0.793343687451749
"cg05705140" 0.889178267931861 0.778411747194712 0.0969283026261701 0.283767117130291 0.895113903505719 0.795077493575633 0.737340815008123
"cg24662823" 0.896931937829554 0.913793161289032 0.12702352077239 0.36933364643662 0.899359945986381 0.699896065969399 0.74370149754454
"cg18735089" 0.902683212560135 0.902051294171797 0.116706666223427 0.175790228849183 0.909590818747168 0.805331945046187 0.764597662283859
"cg18650518" 0.904145826446446 0.89900652167843 0.0964569984688551 0.164952544635288 0.897346054103421 0.663213325596982 0.790907780849918
"cg23357533" 0.87815995975223 0.903881081278998 0.166182489319165 0.425086629783274 0.879510108985291 0.870115125041497 0.862362865437269
"cg07110949" 0.952094442569771 0.946233496229648 0.208377388419938 0.320486524984073 0.960793061108072 0.918373951425281 0.949742595790615
"cg24841244" 0.870473388598728 0.895217584849922 0.0712234365943365 0.0742847507755025 0.872732749482165 0.701899693552715 0.712858901159272
"cg13750061" 0.866175692611906 0.88208418752912 0.0831716553573979 0.0840198133714302 0.877257171307805 0.786186996468026 0.72643845292169
"cg25226014" 0.889722353757268 0.875851282534558 0.0817275737368341 0.139357541652211 0.894346935198239 0.550749209625517 0.831258668497746
"cg24441810" 0.867666795809753 0.807299456175263 0.0815447195242587 0.0963120527256498 0.866440968924282 0.761797184507756 0.815304976703216
"cg05074138" 0.858714945551435 0.861735679743254 0.134559696001373 0.385746622677173 0.856158570667936 0.812782107134334 0.770611468187886
"cg16193207" 0.864724887631017 0.879910034894508 0.118889814170333 0.222314587396804 0.874251593587639 0.805528464505586 0.789684115533345
"cg10837404" 0.914055240026916 0.917958654045354 0.238536359342771 0.684910307633331 0.909385767498893 0.889889117533865 0.892892044212214
"cg18758433" 0.828889837295273 0.891761803216114 0.0963451035981705 0.188007477773477 0.902608688739752 0.667119897263998 0.792551850309042
"cg00620024" 0.888934189222563 0.890328588605427 0.194641786319866 0.515630987467967 0.89542696481446 0.844201367897548 0.866518729715191
"cg14477767" 0.872789374877755 0.862154437564423 0.172098006371747 0.724191890231947 0.861671198061197 0.798781342142956 0.550084202734156
"cg07545925" 0.86922948953924 0.843110013682043 0.0619219065373226 0.0626571134045883 0.879865182799982 0.654310777070459 0.640810016440936
"cg13651908" 0.829572322965859 0.875283546871515 0.107684472682321 0.32868821934455 0.849168565161473 0.759489050087411 0.644128842817685
"cg06164961" 0.88342166194085 0.898521426855966 0.0783416789107114 0.0689290681856678 0.88810197962326 0.614182881604942 0.681903194495266
"cg16775598" 0.871815032820813 0.892146750503125 0.124784571172776 0.212024738517708 0.874916643978362 0.815027661758685 0.712114157881999
"cg07930673" 0.858079678555239 0.87944113190002 0.086773875231071 0.10184406813577 0.861761552193011 0.691905699708436 0.725555258491859
"cg12353788" 0.855788614183795 0.88449130871458 0.125820367059467 0.340189613460886 0.837224909181385 0.817962827049325 0.628099158965821
"cg11210357" 0.853592457053083 0.844543840248325 0.0915888522206813 0.101663884302121 0.860290295343972 0.716921649465558 0.80115227169089
"cg08338281" 0.872635758863028 0.799762499468477 0.111407591107291 0.118656486536066 0.887943234363529 0.778697570283474 0.848256142286321
"cg12297231" 0.899132476092378 0.923442909660212 0.20017477730465 0.559778620458168 0.909495104080022 0.692841633994365 0.868911529565004
"cg11710595" 0.875520186894918 0.904602266368777 0.200886384139428 0.625368482783103 0.891201366863867 0.818073897864228 0.712968317738004
"cg04180114" 0.816851245883163 0.833489751594218 0.101757526049924 0.163685388431807 0.852637868677924 0.801807276139665 0.779074683464212
"cg15997393" 0.943613657905051 0.641162926027185 0.102916540387923 0.297941053107939 0.954722346949861 0.485891498904204 0.817699176442122
"cg22230912" 0.868073416994493 0.898948251567806 0.100470605091509 0.198060365668975 0.787477389977208 0.822195361808652 0.559268887116416
"cg00103299" 0.830995206393002 0.748705118253666 0.113207429493399 0.354033877898008 0.831748721263854 0.756426506251515 0.787286589773087
"cg27519392" 0.845496130125083 0.86891132510394 0.131712412488202 0.27781021592204 0.848630696829079 0.815075916359 0.73874912329161
"cg20661080" 0.844467468544084 0.860635013735881 0.0938967178853193 0.165953361849636 0.860994057615475 0.697610293069716 0.685764420283679
"cg17991206" 0.857201843945399 0.795623000848391 0.113307554835753 0.33455758856654 0.838891579556154 0.750732953958344 0.660726430488727
"cg11162888" 0.843612023711304 0.868436316141678 0.120066494903617 0.218360347534526 0.847955948837722 0.819687474596947 0.701872853000132
"cg21400549" 0.0760239250251426 0.52341353142682 0.732623501079612 0.453990115369744 0.118532374376156 0.130240445740262 0.160660833724004
"cg14016236" 0.07415877422167 0.362349202762025 0.79967067795003 0.809647548007124 0.0701104322840502 0.45702301890952 0.181405257622077
"cg27027151" 0.166899171921218 0.0536021045711818 0.678943653870891 0.359173811180632 0.175198328299346 0.132584860721519 0.177219256152214
"cg21360910" 0.141861580050051 0.08440276272399 0.71775875915257 0.579191001230551 0.131491530636499 0.222400116564784 0.186551856126524
"cg02386311" 0.0827591426634908 0.0613353630465429 0.786962244736773 0.719732730747726 0.0986449934439941 0.584191927356662 0.400845011161711
"cg04566677" 0.0619328877397952 0.0517397579328575 0.81307513843494 0.77311710387503 0.236961856057666 0.573835429030046 0.400396805885407
"cg01990910" 0.115872856684217 0.476064702087893 0.842411631115279 0.86977772291618 0.107090164973291 0.438291440673326 0.108222050940594
"cg10099758" 0.0723380230615797 0.108145953129144 0.694838270278639 0.602121228286719 0.152370773359099 0.111654849904654 0.123985144621507
"cg01233897" 0.0717417211864567 0.0598031124647221 0.701213137195328 0.671577734697062 0.0802472225082541 0.245703966938224 0.0868057780731561
"cg26806779" 0.124831328451535 0.245136105787396 0.83831148236952 0.767738121906792 0.143101428329471 0.652052116606307 0.18311152824061
"cg09169413" 0.0783576056692897 0.0769335836368012 0.799756999831726 0.797283282071731 0.15470681084631 0.458749685334405 0.339327941490407
"cg09037630" 0.0422173199761349 0.0356771643424899 0.677639942528065 0.636603238777472 0.0536750430196054 0.0624456216182348 0.197234878793707
"cg19369955" 0.0759446529283759 0.139994666127415 0.779860197514668 0.7616867697745 0.0715424269399262 0.297972400459817 0.388670909785462
"cg27097542" 0.0794199437763169 0.295526509204119 0.820541437953876 0.8607544828474 0.0789345870934977 0.400849543503908 0.226143694173514
"cg16602097" 0.0660015494845079 0.145476104272734 0.789986907994692 0.732493726846469 0.088675927127282 0.459302096314024 0.296478313179534
"cg23379806" 0.0603287497624239 0.0593807408992133 0.754739697977508 0.763902015973248 0.069062805363205 0.398279295657728 0.178522917551357
"cg27664496" 0.138331561563553 0.16395745243729 0.776568753564932 0.771690108820425 0.144445185505023 0.217155129885098 0.0879170344271368
"cg04642300" 0.0490478539899641 0.10161876323489 0.678187600451689 0.605278916282673 0.0483045415889893 0.0637547473435644 0.0711244801902097
"cg20281375" 0.0633079459902061 0.168945156551046 0.765326719380814 0.737307555403655 0.0693818082865215 0.361447621652996 0.140078083905569
"cg09662852" 0.0580629303937807 0.100187289430485 0.683981527497803 0.586596515460797 0.0594439482461901 0.0837527237537869 0.0634132489318123
"cg12465678" 0.0739593602271475 0.571876963523213 0.848367192811921 0.737147230359626 0.0897029494398772 0.112063514358136 0.515111631071479
"cg27058988" 0.0359407200549722 0.0381388406130042 0.679231255247719 0.521796553185226 0.0405654728418115 0.229079630774651 0.0763516100293036
"cg05228359" 0.0437923435551242 0.0477356838767173 0.723219002314061 0.671717924436753 0.0436602293790236 0.323990895382164 0.109096453256109
"cg04742550" 0.0348127362672398 0.496130573662862 0.700046409302105 0.304125340335746 0.0295153828912889 0.0387470382738285 0.116705474489023
"cg09885622" 0.120443369382004 0.343405701171292 0.848677033458422 0.756306572834265 0.235239681788487 0.136061862357141 0.415797224715708
"cg16097858" 0.0706833966774898 0.0715411736410861 0.73739534367734 0.706307804330203 0.0709014182674681 0.21546563994773 0.161890829047153
"cg25978218" 0.072731189719248 0.266670427145678 0.747757497352991 0.667918670924358 0.0598554380246882 0.058505361782141 0.215285478303154
"cg01543184" 0.105422450673691 0.317565433579576 0.841062133572328 0.894585276805159 0.114963689496509 0.381411780161099 0.0894930945903004
"cg01231183" 0.128951223009469 0.0699560776344205 0.796918037641417 0.753060992016535 0.11553212927853 0.416874761192022 0.15840984476954
"cg06650256" 0.0763092218382092 0.519937915766694 0.871134179723561 0.773736250813744 0.0812995894516752 0.30589239767023 0.445503198326105
"cg25394505" 0.11736771730445 0.183151276948118 0.788331741327512 0.723469214429192 0.144909545588627 0.133473504312382 0.254740864501801
"cg25031824" 0.083503385047182 0.201313809079076 0.827207589672061 0.827630245358858 0.0943562138341313 0.50042678110467 0.117770580925089
"cg16261114" 0.0837927001449798 0.252941827894259 0.848408591270495 0.839265537355748 0.0807463628647645 0.501051924788381 0.239059518146133
"cg25025181" 0.0411688282701879 0.17688903878672 0.776672957904255 0.82286364195741 0.0538682094052143 0.303293916926692 0.105353978312879
"cg16922167" 0.104866730491095 0.208946830514366 0.815947982347574 0.802714333135494 0.110287910369078 0.344945473196504 0.13439947374785
"cg07598385" 0.0587616340592791 0.195559745947015 0.717642950578504 0.575930934011307 0.0720586740170093 0.102513895241434 0.0377410971990213
"cg26923863" 0.0489070625642271 0.605495345905199 0.873146960198393 0.789665432526131 0.0506903048894569 0.148397334496309 0.55091983646373
"cg23582982" 0.0971119352111175 0.278493931778884 0.869438520410136 0.884172446835778 0.0978790373581518 0.393043163838116 0.269906885524907
"cg21593001" 0.0924295030727231 0.206771454580698 0.808527798701707 0.836057776273358 0.103717538674596 0.238548071368868 0.0651872969332885
"cg19628988" 0.0512080157028311 0.255752396026999 0.781759057177594 0.72008423537913 0.0899493540058657 0.144780742316196 0.115339575039682
"cg25729350" 0.0619988305329769 0.0715222922475659 0.725401753974684 0.537589649767686 0.07429658784429 0.133585115723853 0.111933398543364
"cg11377213" 0.0546727339343328 0.0893215660059141 0.860111630964561 0.787449463232807 0.0674179239532772 0.669371248001868 0.334757098539083
"cg26402417" 0.0917413983628327 0.174554738310011 0.884942293549168 0.901875793525561 0.124922746041619 0.60332597694887 0.106842987880418
"cg07785552" 0.0707233915801479 0.0573775293616436 0.776436444420432 0.638719846618444 0.0809816163743487 0.154080104696629 0.282641462176517
"cg13468685" 0.0745116085079028 0.281519466978553 0.83143610734668 0.714568968469567 0.069823202362416 0.121125355431721 0.387051804799172
"cg11787160" 0.158775181350079 0.187267463749365 0.886332360928896 0.880191861097588 0.175154874943916 0.332578799889979 0.153878192260017
"cg18150584" 0.0526587268615005 0.125592742201985 0.866691091418334 0.857460826375441 0.0568008715139145 0.630402491044408 0.129257850615969
"cg20455854" 0.0756101382104022 0.120079898335993 0.793901646517431 0.678307162129995 0.0815407061853841 0.14990358429205 0.0544690489632093
"cg02380585" 0.0378055053848077 0.0345834452663288 0.775598402480461 0.792077764154617 0.0443612851535634 0.110419008704399 0.0496702612026063
"cg13448978" 0.0497859385941766 0.0936205941195313 0.82507260314975 0.775541868929518 0.065211206205034 0.272294999561962 0.0547820804488772
"cg00219921" 0.881109031952453 0.892580198002532 0.75821221776441 0.134448731270863 0.877425483767877 0.806159625442038 0.804869430599142
"cg25939861" 0.844419948812061 0.865647260588148 0.698180138655106 0.0736060905345854 0.870025107878243 0.614288384374143 0.634352558834094
"cg14094409" 0.950394707014831 0.874140611991256 0.36668476526209 0.0762163051707243 0.943008462579807 0.256566968019125 0.795782498534641
"cg11531557" 0.868488843307404 0.881881977715278 0.643594701375046 0.154710037258495 0.870875606337494 0.752405210424442 0.754452143738342
"cg22512531" 0.88159781365939 0.894868323266048 0.353234248781619 0.0643066485881871 0.886004575618917 0.297189935947024 0.747017221036457
"cg10977115" 0.893866332593602 0.897687930077379 0.315493398246656 0.065668553784859 0.886897762543643 0.332356573491625 0.721928998225873
"cg02324835" 0.850449133180566 0.873048450527141 0.437091743630586 0.131243881984447 0.865290859755422 0.706629931446195 0.819563596756242
"cg08777095" 0.89476812922134 0.910128483134723 0.365241282169181 0.138389681813676 0.900332751315301 0.708336350855562 0.725423538705999
"cg08450017" 0.911727764181504 0.934642269555659 0.109277596731487 0.083350503131333 0.910767464022493 0.345447183707309 0.787161803477941
"cg10111816" 0.837594439496819 0.843777568133659 0.0812286237463661 0.0830327994964367 0.806322910930628 0.738377232254796 0.755388743757265
"cg03030267" 0.873094795474195 0.847933764666482 0.447362863627656 0.127999498471743 0.868457521863562 0.508949779533076 0.686615150091959
"cg27470208" 0.856824470293816 0.860529130970949 0.0975834400519096 0.0611321708766707 0.865447099556365 0.416046993899762 0.724587568311502
"cg24612198" 0.891421845010718 0.899045702669349 0.121863414152194 0.127009370857949 0.894087725085743 0.709383420374155 0.698733834543062
"cg15392364" 0.878232449877975 0.785024184098032 0.0682268612368382 0.0557341658389301 0.864358339663421 0.496485504960986 0.622094162192198
"cg25535316" 0.851816042952423 0.827476895776577 0.607709336549258 0.188702146615726 0.851416084150142 0.751038647972547 0.721218554886076
"cg26137915" 0.857143231791718 0.871138841551395 0.0860161539220007 0.0853533874437976 0.86424051788725 0.517684102985591 0.726432608012335
"cg09234252" 0.862800855266493 0.875838940966987 0.128543205144052 0.090154957426295 0.882705659896715 0.413617603668987 0.758863326168973
"cg14506192" 0.880549347439812 0.879693246914842 0.51080784426289 0.137154636994438 0.890375141313467 0.242395123362163 0.765544698589313
"cg26518932" 0.886099620590427 0.895324967309498 0.28442568984502 0.148166114832976 0.877859789849359 0.684626148037334 0.641386084373407
"cg23825480" 0.86176453439758 0.884540999276492 0.0841299534039767 0.0967133387512204 0.846047601248072 0.57964965728622 0.713496487549219
"cg06419846" 0.949652521996299 0.960121790249951 0.909151832391776 0.350832449639996 0.954278259751798 0.921874510221153 0.887924835781646
"cg04759756" 0.884666954453644 0.897839706948849 0.369561189768817 0.173042629147469 0.883466660839238 0.644070407927985 0.76318793674242
"cg17477578" 0.849922438790225 0.851706054012276 0.0912082202543179 0.0573440095050092 0.85782955893623 0.32559444239147 0.689554444575123
"cg18174654" 0.835751687525647 0.857837028587875 0.781413036666989 0.225238871206655 0.852090668289516 0.818328647321733 0.612287789093129
"cg26033526" 0.849127405433414 0.705780392207439 0.172871402216294 0.0719557122532165 0.841490896476184 0.54139816843918 0.673825242959276
"cg07728874" 0.843677774880867 0.867585385680029 0.0948695618141488 0.0981460562849157 0.843595860725951 0.656258247821438 0.646957482676361
"cg24456340" 0.857256688414406 0.890877426326333 0.335659277660343 0.0997291120312645 0.848364494041849 0.228406413597355 0.74755155891116
"cg17095147" 0.938839366722421 0.683048225121249 0.135599687214844 0.115001331033108 0.940144086330376 0.466871040689524 0.869232079392435
"cg24150662" 0.94138720137927 0.945238540149702 0.237513671488426 0.204404678548793 0.937719734279264 0.723901742661946 0.818003758563996
"cg03002526" 0.822760554634378 0.833216462783859 0.125258522141385 0.116046342675254 0.828849019004796 0.731790998605045 0.779515166588942
"cg25643644" 0.841552279626078 0.858770295099738 0.0862575355198808 0.0791244719140937 0.841078139767824 0.499890232547821 0.674477715172406
"cg04403423" 0.847212527956236 0.739719868671396 0.159190960954021 0.116157188166225 0.841098289854247 0.692690503289714 0.820589050822033
"cg04042333" 0.948806116829196 0.92328219450771 0.449519828673184 0.152193747955825 0.948586556664275 0.153851830312188 0.678666235426988
"cg09232358" 0.832795641117622 0.887570282305603 0.193556238392381 0.142326778162548 0.863697401913422 0.791463373108248 0.636384813463672
"cg02598071" 0.847935743372882 0.87927225558179 0.442999261836086 0.203454328183546 0.853303088444823 0.826755997227749 0.777117647127483
"cg03172657" 0.642559587982413 0.934732604068328 0.125692849840524 0.0628805342635673 0.662329198280094 0.668365369251247 0.872640152031201
"cg08418872" 0.912336845397493 0.959112966262416 0.568303670974165 0.195164629350937 0.877433301833984 0.347084632208465 0.793870657656985
"cg13443575" 0.0692636870499223 0.0841962778827794 0.5508809584602 0.671454192106019 0.0856861020008975 0.164819464758817 0.0449489123882403
"cg07671644" 0.0553322306839022 0.0785354747797261 0.584233324116193 0.77121454542535 0.0551247919954092 0.64038207005302 0.411079046701231
"cg01620165" 0.0978756911319436 0.276552834468471 0.695272108471316 0.767414089521645 0.099977237692725 0.317755265579429 0.107417097673181
"cg15929395" 0.111883412458645 0.309774878726565 0.763699306577602 0.843862895920909 0.131615585152812 0.503349194365426 0.327660427685382
"cg12118504" 0.0762022134321682 0.0875865836358526 0.63715409074644 0.748380039159847 0.0925745193843374 0.476460201020907 0.13041068447054
"cg19118951" 0.0728935361257332 0.262959055895033 0.619588350783012 0.788861532788513 0.0618708184579646 0.558776930892926 0.221692800793002
"cg24484138" 0.0622558398577801 0.232677747219463 0.691756136179784 0.786618949322526 0.0744937257583228 0.479839077418193 0.22779267763127
"cg19746186" 0.0783362673316103 0.127890046592454 0.718448280472987 0.78000223339486 0.0882680653497233 0.548924732866228 0.133500990889654
"cg09914404" 0.089967322346792 0.305920123059503 0.701855191354393 0.748506201709204 0.0693493134061977 0.148563696878841 0.096787948502231
"cg12183501" 0.0900304725297682 0.356178863490608 0.746365894341075 0.793249038535189 0.0976891367356407 0.307965584206853 0.115502504024048
"cg21340621" 0.065414853142681 0.284752554129269 0.565248710230386 0.759944058433353 0.0873263141199501 0.363411416040531 0.168057253336608
"cg13795831" 0.146317320645613 0.214321112903447 0.829168675821215 0.892973226485436 0.163248774766521 0.685620397007747 0.392812212814287
"cg04905719" 0.032675962268721 0.0507126272221888 0.646358197670238 0.671745854137728 0.0404349804588094 0.114185966303055 0.0389650894301542
"cg08243626" 0.0594203007836372 0.249805148969581 0.679347985646586 0.80973436072321 0.063323127071195 0.551873876166674 0.306785678961758
"cg23018755" 0.16655975375025 0.289483818900273 0.732399797851946 0.829219705516982 0.174099466309568 0.348702541499561 0.130066603676592
"cg18558767" 0.0801571124954096 0.197431395251118 0.74426268058032 0.831480549315682 0.0919161889524986 0.669693160731552 0.210039453867463
"cg13703437" 0.0599028538531991 0.328042893024559 0.797127425369954 0.833283737578527 0.0652412816322479 0.49481200902327 0.256642788436417
"cg20048655" 0.0813473233705061 0.0765506731054646 0.63387367536536 0.799966044506026 0.078559951700363 0.600369368679468 0.376770806844793
"cg13854219" 0.0478651041162969 0.143947312324221 0.749764047480464 0.792150604313873 0.0663650899090663 0.519307934772478 0.208572652769878
"cg12426092" 0.112526544309853 0.157905002963521 0.68933430591802 0.76690081275217 0.10426876692557 0.287778634630139 0.086021454818031
"cg09832245" 0.0714152794305573 0.0589869077636443 0.754737709755905 0.792414648466924 0.0642280633099292 0.546107757733805 0.215040915751364
"cg22948808" 0.0897644115058917 0.216845777804686 0.61107746126259 0.822642765141138 0.207679272660406 0.513697869314999 0.176690969202728
"cg15381475" 0.0344999209068428 0.1037973261015 0.62462124040356 0.728545323222795 0.0442926829636681 0.301185198350554 0.10828955289115
"cg16403565" 0.0618798125116384 0.0587728680694702 0.709937678747362 0.767451791026384 0.0676135620345545 0.440584283782436 0.102312221604099
"cg03664994" 0.0509222462787225 0.121415754955975 0.778138348096253 0.818230695073132 0.0604053460424178 0.595919698337822 0.146066576556804
"cg24902461" 0.0663079080672631 0.0843327277438593 0.726025376252722 0.802262028357091 0.0755686311617433 0.436075203016108 0.263324127928333
"cg00159523" 0.15840330282041 0.164444024495387 0.776218123892364 0.859675778746389 0.190291671665752 0.489731441095395 0.116782661046571
"cg07799277" 0.0681118634072932 0.114742926063625 0.67591249205685 0.796725586900349 0.07560809028245 0.512195635609904 0.128576338814607
"cg16563370" 0.10614106825598 0.172562915964215 0.723205382822874 0.793610291419881 0.103145414451982 0.191514636597385 0.0881470167589616
"cg09145126" 0.0607533659187047 0.07386390836696 0.748721747842159 0.835863677668684 0.0700563409233569 0.62039129593687 0.189203812554947
"cg24401262" 0.042864630629291 0.0821657720245895 0.806763985942719 0.845150414196459 0.0452399855623611 0.574596671803114 0.309287770026444
"cg25711558" 0.0434688463612519 0.0563630055117556 0.692967383555761 0.786514600657516 0.0538671736932004 0.271798394522436 0.0900354898185838
"cg22193912" 0.0524528023424222 0.224976735817469 0.754889138953948 0.855961213585403 0.0772563897337884 0.271953793249744 0.0369925407403022
"cg05398700" 0.864009015421463 0.938913649548843 0.949869528707538 0.955070432708208 0.0909752102905599 0.910294193405473 0.807156864796659
"cg25739938" 0.851722467327615 0.898392421036437 0.901264130409458 0.906265285386653 0.0785549225293069 0.854297512832411 0.730325823851171
"cg22381196" 0.672073888327986 0.929908453274491 0.92848286212826 0.939946339342585 0.0550539593709816 0.878595380356511 0.775852861391041
"cg00705730" 0.819617075748445 0.892140223468275 0.884760060290613 0.882336410820995 0.0713925186018288 0.848699120770634 0.649606111417708
"cg19037107" 0.831937321941672 0.900713951292886 0.902399687292916 0.895499276766646 0.0944962659823843 0.857027791538119 0.756078635832514
"cg00660167" 0.798073922024186 0.955797923750276 0.957853708308861 0.958480181723961 0.132056700590472 0.920446600607992 0.828264651746708
"cg16802439" 0.743888497560233 0.973475260384591 0.971738609589561 0.978934753004559 0.113852015699094 0.87397747723537 0.729308918183542
"cg06270401" 0.810832517804906 0.904050223582814 0.901961634753168 0.889958740498109 0.0701952368753979 0.819127974739262 0.554882461471221
"cg05936004" 0.770163637796041 0.906419395383105 0.90866637394395 0.905784003189974 0.0828606445570236 0.828464115642465 0.691884802751291
"cg12483340" 0.734074437875671 0.896735228085486 0.894871121242612 0.89388478689286 0.0700456157017398 0.840644514400571 0.680314382532012
"cg01692842" 0.79808094765914 0.873437969182507 0.872787266794229 0.859972470184537 0.0689952706024169 0.815203718519636 0.655529557827174
"cg08253808" 0.687861626277184 0.881455204164522 0.894311241407056 0.906052486792214 0.0656317803335425 0.839645093393553 0.723830185424031
"cg13468144" 0.877014410115495 0.903300360704344 0.873707223457414 0.899709354497744 0.123833332482659 0.837933821528771 0.762350180058207
"cg07409471" 0.783597103988238 0.905105806425765 0.901806764984816 0.915918662537824 0.111258142344613 0.857384247649106 0.754593062461411
"cg03340036" 0.72086949998505 0.877424782097209 0.876550465769577 0.888921174019581 0.0833939104905741 0.857212677431384 0.745291348662703
"cg00439981" 0.550171288715342 0.916733737331286 0.91344740597754 0.924919413528339 0.0601453437208287 0.863902317123299 0.763262806567761
"cg11313468" 0.740409414074487 0.875528797349858 0.872763772915633 0.868404804036458 0.0766008269483523 0.798511587842313 0.727121843696982
"cg21792134" 0.85571268891556 0.92062014154955 0.921446603106745 0.925831326594884 0.14796331011962 0.881693432103933 0.763088300724408
"cg08154963" 0.767627415709313 0.876741403598257 0.882596703421713 0.87651174645952 0.0792370012487742 0.808189733963802 0.631595391943705
"cg04609694" 0.795885911525782 0.892364362907113 0.887506950151227 0.894804157819205 0.109207513197521 0.840318985412209 0.729420627138634
"cg04858164" 0.818413060468993 0.883765501073254 0.872253081185533 0.892082946187891 0.117396665590396 0.858139117366564 0.761055667318626
"cg23819411" 0.715324828842487 0.940672927216338 0.93626547030061 0.936607515851644 0.111724286655121 0.870337170157494 0.684094149610827
"cg17852482" 0.80437874497564 0.879404629265552 0.885285417660875 0.8773577487455 0.0978132916114419 0.802187917020766 0.678529319950575
"cg15878616" 0.542568112766 0.970543457235668 0.966747692642491 0.979347466731937 0.105901206589621 0.914848317529882 0.820724704768677
"cg10611016" 0.634179068778671 0.912311217443757 0.911889321881678 0.916525472211301 0.0842971098342979 0.868999174454713 0.696396347085313
"cg03637218" 0.843419161794733 0.886733215535846 0.869245360513835 0.864119505373096 0.107844101329277 0.84116130308621 0.623753899846784
"cg06526020" 0.806345044414937 0.887269294314228 0.863083384687625 0.889275029970903 0.115196284620935 0.84799139261693 0.717630415465065
"cg25605731" 0.452879494381096 0.938896498647889 0.954804466696674 0.957893186030246 0.0768871263987317 0.910832324640936 0.80948478861599
"cg25600606" 0.841928867875293 0.915447667273622 0.908568555681649 0.913370522389198 0.1467766054586 0.864279482035761 0.729047171139467
"cg21685770" 0.644050535409402 0.892252838428765 0.898869883943541 0.900252638671148 0.0676929026982704 0.851924709388671 0.560357750211803
"cg01040749" 0.712819277598996 0.888502688893262 0.889232138037828 0.888172845843185 0.101417424706379 0.850552179189178 0.709220065599891
"cg13652008" 0.802868151653683 0.896652312129363 0.899166227498891 0.902556957989757 0.137381976566919 0.842930214039913 0.777532452602629
"cg01699630" 0.850942485089962 0.8782755251808 0.881281594352368 0.877173686685957 0.132360555898928 0.835643929307286 0.708741255545473
"cg13595556" 0.615551075241251 0.916015096479864 0.90289921348358 0.903642728333061 0.0714963149481185 0.765920798627172 0.64839301167665
"cg09342997" 0.734590722355127 0.860021398221023 0.853068043985576 0.873949262797952 0.0971102955976857 0.825321166074374 0.724471218773947
"cg07790752" 0.712003491525701 0.872048853900643 0.866851163226746 0.830793875141953 0.0682734758358178 0.787170635274878 0.572403813696794
"cg11070172" 0.899528797232795 0.964293450293099 0.962480819883819 0.944528354629639 0.201894785951028 0.897222975020228 0.723601844927778
"cg15658793" 0.683558648841372 0.926850146767577 0.933484203963191 0.912435906109435 0.109184002023183 0.821051321808871 0.631264571452455
"cg11596902" 0.631306127889148 0.908634524627059 0.830305294931569 0.839688195200995 0.0663708630875844 0.795976183093893 0.658561498618217
"cg13785123" 0.799592344482369 0.959722557710555 0.954466585257964 0.96466123423958 0.193803681514737 0.925332175416962 0.806948594946108
"cg17442155" 0.677594510175107 0.869094858969473 0.865947792758902 0.865611000590601 0.0868073985938731 0.807088762896197 0.67089198154795
"cg25968394" 0.686876025741268 0.878351262532042 0.884731917794952 0.8917114074876 0.106812067433235 0.859722254659294 0.676176458228833
"cg09859659" 0.848482999384697 0.889320610684521 0.888727253845819 0.896623661919656 0.152486270691207 0.804600061298043 0.72433060187409
"cg19460836" 0.583173604987132 0.876368439875074 0.869058872372749 0.875150464474637 0.0735400629455476 0.82944639664117 0.681783180367713
"cg23169883" 0.357645315870226 0.968743481163918 0.965186436301993 0.972225153631308 0.0767278270631565 0.923623237314914 0.702478787173875
"cg10487428" 0.725239343541364 0.88975578460889 0.877541678692008 0.880238046236292 0.108934484759107 0.807005365054569 0.650043795438232
"cg17080697" 0.793266806599347 0.897686398649356 0.90016297327595 0.894219540972654 0.147638331736969 0.84741325831378 0.720078292057544
"cg05344747" 0.775137959796103 0.807711123688817 0.873323334253044 0.893554328740277 0.129451552595211 0.854094267885612 0.750939048195365
"cg05627557" 0.651016130611833 0.844803111388415 0.854793090970418 0.847397595305232 0.0674087352517875 0.793089225539567 0.573780782311503
"cg11014468" 0.868992202457329 0.906768737883183 0.902918926501777 0.907188958805178 0.129393142855655 0.862817429618021 0.257196599999715
"cg08817540" 0.0803552979978753 0.402274446059024 0.0800289384491346 0.105709376450129 0.614354827078126 0.215730024304898 0.637407309629008
"cg07754940" 0.295411877754504 0.39728616957488 0.161585762365787 0.270305623151994 0.716125012121973 0.327624472421992 0.532012744503025
"cg05021589" 0.0783696196535486 0.0561663481215837 0.137784435486608 0.210609123833747 0.577514993245819 0.253018015264836 0.510044288037914
"cg10502324" 0.112022954074579 0.576109798503109 0.173994025707681 0.293261232877291 0.716644904508898 0.390482053939924 0.542015182845724
"cg08608952" 0.341531490948414 0.362791982113392 0.339368725398539 0.296445561241461 0.776120887224048 0.328499924975299 0.678564625460955
"cg03722295" 0.231361672710233 0.434418452206183 0.179317659542194 0.191986988475869 0.685336716848684 0.140889752378473 0.62655545269845
"cg08287903" 0.508292894727093 0.0687485106461306 0.352791647015059 0.310727636792334 0.763318722572744 0.333117487964829 0.542909996787135
"cg00324097" 0.385253577177257 0.145486776299581 0.0458886299089187 0.0824251792855668 0.642240420088545 0.352464699883083 0.365513892944324
"cg17934775" 0.554926304670188 0.0839737087993245 0.0973277900454727 0.0834693164578953 0.641571658128264 0.133171131830635 0.23845146092935
"cg26169783" 0.128610106655592 0.334772361337951 0.343438777081102 0.348401305019546 0.700781833825806 0.186587917263751 0.55742281924909
"cg00323915" 0.365044822010412 0.620200012981549 0.0851062835654755 0.10876911281471 0.726635735547401 0.163740709567325 0.544077853585131
"cg21761853" 0.146738993124022 0.24173194406926 0.101438397855266 0.0781450407151658 0.597246228495919 0.132353866491668 0.466943762526018
"cg16047279" 0.333020769200751 0.0537847158727192 0.0604609027803174 0.0543315524242405 0.564352551923676 0.0758719411624351 0.174273699122239
"cg25094735" 0.0711933269102671 0.0425081184473384 0.467289688047243 0.402044284730686 0.67045132458271 0.223565449822005 0.447640941883485
"cg21774136" 0.638230745027737 0.171603332243209 0.175699564859971 0.265796785783733 0.777964453430214 0.336953315837433 0.368124914791533
"cg27058497" 0.166474051663995 0.0885228722226599 0.0578280085707932 0.0414207002823589 0.559051917119004 0.0794783390085307 0.443206570228306
"cg07613391" 0.66437841629647 0.310470660867891 0.0796217405809742 0.085790678001174 0.766782233539888 0.185853086439183 0.440176277575227
"cg11348106" 0.0932792772719426 0.0761380960836964 0.547555117319341 0.576151489981929 0.786961787060456 0.399759172323305 0.658697478666199
"cg15625636" 0.411156247890243 0.639759983996099 0.104645606385689 0.0729448470707921 0.782677332880704 0.124470349821959 0.72146829319168
"cg12991306" 0.104248011382528 0.0765413532289836 0.496306690221506 0.442244556966072 0.736382450620325 0.323065464787834 0.484180053249787
"cg00661777" 0.083586388474344 0.0788657592062196 0.399189723664345 0.248089345819352 0.670163519701505 0.131220966275147 0.588746721297811
"cg11485012" 0.098173394175408 0.744431581226181 0.215672481531174 0.200140130760168 0.744365970739443 0.162305423791442 0.510516458350658
"cg09221159" 0.438363787039682 0.176915199187037 0.0683951335516985 0.0613744734506735 0.691992846736074 0.141995269912192 0.439879319242387
"cg17479280" 0.540343336095798 0.0669118763554853 0.660246710166559 0.474465811546245 0.913447198205989 0.188461144860286 0.786658821807151
"cg25133951" 0.429240901373151 0.0552792488141347 0.28688872225427 0.162020362956661 0.736234951495173 0.137460369988461 0.523645759827812
"cg12810837" 0.652136919139654 0.0539731835861775 0.0563367570036739 0.045211468773696 0.731764841499986 0.13582032208503 0.472324590946861
"cg17843665" 0.0768349535661143 0.0635390075766376 0.207325882684155 0.491813336788211 0.689562215996876 0.283170072393763 0.374777157036983
"cg24310395" 0.629036495312818 0.430299809051866 0.0865320443226404 0.0603413662416365 0.779371156317642 0.128724389591456 0.23893101872717
"cg03889044" 0.471764698050923 0.348961285123241 0.0922796526557101 0.089670722476494 0.805648140625942 0.398272564054823 0.593081195503432
"cg15535471" 0.456199452879444 0.414363643558416 0.239460824414248 0.259846493185343 0.803418634233253 0.141238710570444 0.295806211446373
"cg26360197" 0.69963955300941 0.285607006725025 0.0634903367786211 0.0435820098005045 0.778711322474667 0.132208707038848 0.213448867406124
"cg18920397" 0.6449756563018 0.198254729108593 0.0825282976694331 0.0567035976857648 0.793432693289796 0.165441546359177 0.513626663215933
"cg23280720" 0.593247231849878 0.263700633190178 0.0561197885102284 0.0522934314208309 0.821895932684761 0.339495796102346 0.611431397047598
"cg15474337" 0.0756183311867446 0.0665261686823257 0.238992571554544 0.233541822492016 0.660141818356932 0.157717569710102 0.362021420894187
"cg02368508" 0.287305332381883 0.0403702418716584 0.451621126409606 0.461230131657405 0.80918387819604 0.268303707237578 0.458717841443526
"cg26106166" 0.654055797386124 0.156429941769596 0.133674488930083 0.107501426585823 0.775934747705619 0.149260059523727 0.213071776468302
"cg27051683" 0.49982574267707 0.415398145978122 0.0965428055057934 0.0967790043790912 0.868420095201911 0.461436489658546 0.652140927545945
"cg19190593" 0.120551091995518 0.0489779264905588 0.387969144911451 0.551331100517522 0.84150539907302 0.554233526928386 0.627416577730716
"cg03526142" 0.766668917617653 0.396332155053468 0.0705135539863588 0.0409108342034515 0.848852464402855 0.112047727791633 0.335406863411724
"cg26341831" 0.146599060527716 0.0528256918263065 0.0979162118231825 0.0441684598252541 0.609358899926095 0.0939946740719528 0.13023402077122
"cg02212836" 0.177472735556904 0.0910080907943993 0.155305645192368 0.211303655123255 0.747716990298811 0.319084050822426 0.649750685992859
"cg00754552" 0.124524646164707 0.102256750773384 0.456203254633761 0.413720856742451 0.807840343686647 0.301454035933428 0.556949131854401
"cg00795812" 0.254756613692383 0.281774949018145 0.0760805774348254 0.0986052035573673 0.770947951266637 0.406875811685841 0.506354570256985
"cg07018090" 0.183385910421317 0.0308634802783713 0.576403064390101 0.549923748691708 0.891645379400965 0.379811708322807 0.695879630683186
"cg10699171" 0.516385257753135 0.156453947195274 0.0863124096171424 0.0799674925742633 0.803655118609277 0.135674113669555 0.564359035601632
"cg11354682" 0.100946333103874 0.0529699640350429 0.411750031401212 0.444057970430635 0.837114149663369 0.133603744603768 0.666398210991105
"cg23954655" 0.136031320766018 0.0660326596741326 0.0614436694800778 0.0684410583895586 0.75870983708483 0.16877628585533 0.552084838619311
"cg09993145" 0.0854643964764874 0.142842493488597 0.0525489537654932 0.038566568778847 0.766872013655193 0.0813076519267312 0.476165027692893
"cg12811871" 0.962114495323229 0.807360552110073 0.958125167728137 0.757889518417522 0.970899903604211 0.190257322978688 0.750588089493305
"cg25383568" 0.943111098985228 0.936936175840244 0.928969203510036 0.810926880345338 0.947108320056446 0.218368422128515 0.807330661523311
"cg27582527" 0.848195873302851 0.843486192888268 0.826025669407361 0.664922281516764 0.855341652534701 0.100779336446104 0.55890729843256
"cg05875239" 0.887851083823053 0.90499970225974 0.906694855536451 0.831804228513891 0.91178820437533 0.19811685285298 0.766816237695445
"cg13617280" 0.869069394324214 0.882574778845304 0.87445051328947 0.845885251721273 0.813204009398271 0.160512561039844 0.652035930200676
"cg15956469" 0.941573783910011 0.953851648325759 0.946666760983507 0.846684670705928 0.946400222134617 0.246920169665033 0.849666036322439
"cg00805874" 0.947146804419934 0.963976591883619 0.965705712658615 0.715861644139011 0.937003775850503 0.22801701969105 0.763614497444082
"cg02384859" 0.893678946252066 0.893452419690638 0.883045728682912 0.716260209876803 0.898978662105436 0.178604001444314 0.682802382282152
"cg06202778" 0.832642081137453 0.900114681398818 0.87494284613143 0.72480776531974 0.865703754599267 0.152964055237592 0.627628729764158
"cg21333217" 0.95905242921987 0.965535608434377 0.956483915741851 0.808608160783619 0.962919352105618 0.268228550066991 0.874127556602007
"cg06040872" 0.892439674117331 0.91089867400606 0.884347724784077 0.709704374487123 0.835547321727958 0.17830467856309 0.717469361185227
"cg27309871" 0.887172306982964 0.890682675673729 0.88858352085339 0.750105232316694 0.884328817707885 0.191951481920436 0.724363839404888
"cg07307830" 0.875593963564794 0.890873745419309 0.798511367053439 0.683876841951031 0.886201364746092 0.161982997607563 0.675136636428375
"cg24430034" 0.970692735150137 0.97270738972738 0.965345077405508 0.886307435075732 0.976442341518456 0.293642606222353 0.858938977552154
"cg03538296" 0.862133269242508 0.875244437657175 0.867073370119986 0.747580505002681 0.874755730337434 0.179653272305892 0.682123079522069
"cg02150910" 0.867799704944466 0.836031637301595 0.860986985719766 0.694022362373526 0.861828280326291 0.164700271159711 0.657732745706789
"cg13613174" 0.874036602884604 0.901552462906092 0.833420087616508 0.694663518856751 0.820640911611749 0.176456645033586 0.766189991399888
"cg05653887" 0.873667182632436 0.893517429362641 0.869487018283091 0.717689177910971 0.871562731520037 0.176321935037982 0.598654833648896
"cg21634628" 0.884264233780463 0.832626851747149 0.804140336018393 0.706694279071981 0.889801761436045 0.17098023342214 0.679039611784391
"cg13917614" 0.916083170728016 0.9073990086175 0.934372950371657 0.854614094629698 0.929684064752421 0.244684776109439 0.69854353229787
"cg18672716" 0.85543830690872 0.877663712466672 0.860785108578509 0.678756792304479 0.83814609622449 0.172891574752667 0.694979433816235
"cg22749642" 0.890037404703405 0.888000212981426 0.878065146397696 0.75210185029823 0.874585161451394 0.206804113657009 0.713801799085725
"cg20657709" 0.872926328042089 0.880904984994868 0.878401173104658 0.745493898076212 0.880496584293413 0.197507777352902 0.669669721661539
"cg26012482" 0.86455964841692 0.870171789026474 0.778392033574998 0.685426655940276 0.851029322215919 0.163797184448229 0.664635819972486
"cg21474838" 0.885371072109563 0.895406445020983 0.834168743782547 0.719776921060186 0.882623001928943 0.200566077911276 0.726053337278282
"cg19696012" 0.885310246330595 0.885314899915992 0.850213682133317 0.704331407893585 0.879140358546768 0.202665776365683 0.74908499697585
"cg01940139" 0.883295197540046 0.892657439350266 0.846550996162412 0.716539000836015 0.88457521978707 0.205801284838216 0.724550793980292
"cg24408769" 0.736519045671091 0.949928951676651 0.934189212510567 0.8512104107038 0.699765416968731 0.185822529264537 0.779247464921018
"cg27274718" 0.881576487408957 0.894996354887611 0.909198258352783 0.873968505924773 0.891146974636775 0.240158641800793 0.699631427641281
"cg22488278" 0.88499007577104 0.840685613469842 0.890723145352442 0.760035088959913 0.894106711106538 0.220391923988555 0.756287289321558
"cg14301562" 0.85580304596557 0.876199128728805 0.86518205010743 0.726619730581079 0.812726296739849 0.176827491256212 0.565311139743249
"cg15241779" 0.860540115597469 0.867041995730022 0.850256045744819 0.755831466039255 0.856237453903833 0.198791443607015 0.685843374116721
"cg11978441" 0.86269500046084 0.855674484980709 0.8101766906967 0.681220822527845 0.880192361305921 0.184302831519022 0.679659893405871
"cg11100450" 0.886113202895991 0.89798759596632 0.856094993037056 0.695844308416536 0.889332063159398 0.211103186050742 0.701357740956362
"cg26227465" 0.842257582442185 0.85403534150596 0.791978554166562 0.633609808579117 0.861025759927967 0.159101853742449 0.609189148380937
"cg10796068" 0.843042634180495 0.863363936208493 0.852092310626323 0.752377843675554 0.862155436010048 0.204944235430434 0.758828472457823
"cg23474890" 0.913291339746416 0.802768453853075 0.79580632813531 0.560560407088238 0.888133782376628 0.186581052569482 0.81564030071853
"cg08985282" 0.877351306520916 0.850028588555403 0.866265792116895 0.705305118485896 0.880632524424602 0.206761331185074 0.718711237881899
"cg05656688" 0.896290207740368 0.801881396309836 0.791483096547314 0.580811427141379 0.846193769365078 0.165467582069053 0.697996673359844
"cg02663352" 0.879825045384059 0.773604626424947 0.857165638606117 0.718656191779419 0.891973795193018 0.208140304464786 0.807348876436132
"cg10628126" 0.814270713896138 0.898907170571428 0.843740293223213 0.773547239967036 0.898725991183406 0.213988444797734 0.724648199920984
"cg14384416" 0.863667106199635 0.874974129777612 0.863836700736555 0.720031530627152 0.877804062917146 0.215579575211128 0.721584184287033
"cg12111137" 0.877747032749305 0.897246065229291 0.837594770106719 0.427247958253329 0.878675807288314 0.1780216507005 0.743562728044588
"cg26934362" 0.833031816741108 0.798815641895904 0.779730414007369 0.573851998314571 0.826159038146466 0.127741197152892 0.483727293991286
"cg26275360" 0.856689274963864 0.852542404189357 0.857876868294888 0.789340900134394 0.866625831150107 0.216386467775671 0.701439586561467
"cg19563355" 0.858472572185765 0.905740230245536 0.88385002484122 0.796084904725681 0.851456283483147 0.239451880873951 0.77355622134685
"cg04784635" 0.889164837648498 0.899715860159013 0.799871355394259 0.71826203592877 0.892160721681653 0.209295119711298 0.585198676723942
"cg20987610" 0.768314567201804 0.860283783953471 0.860050939699448 0.797061585275998 0.887064232929598 0.201729223220364 0.648901820447836
"cg18310515" 0.86590914685911 0.880380827865018 0.854933221646973 0.736120189248463 0.874597731212074 0.21355544473622 0.611575381007378
"cg09115713" 0.928426214323237 0.841130536599628 0.851106329541116 0.664084678513571 0.952012336505088 0.243640767610593 0.789835432634251
"cg27122888" 0.0600109173002041 0.091693759230601 0.0885464473677363 0.165341169233009 0.0615832716608336 0.512529162096679 0.220496923729783
"cg01880463" 0.0533197602793982 0.143144253833613 0.247466651591088 0.391931563029286 0.0572328908903366 0.573798802832521 0.179763606650655
"cg15896892" 0.214557629576498 0.0504531605975503 0.0868095822377094 0.213805849946269 0.218764932472707 0.575880787132906 0.183283552647446
"cg15628518" 0.0925478764653516 0.336435547913435 0.430783891298383 0.461153525900305 0.0993612752517811 0.671530030053822 0.184878260893839
"cg19736900" 0.0866718541837339 0.0880326703732698 0.49779395834248 0.540897905329672 0.0866320611635807 0.657064953806366 0.205722966817288
"cg15374234" 0.0713123650612794 0.13746527926779 0.439882432694858 0.486008876396897 0.0834479920661404 0.644533260363224 0.214978879834629
"cg19893585" 0.127370577592415 0.417519778348028 0.541858502308167 0.55909636005626 0.143606253352497 0.74671412919123 0.238670433335898
"cg11147278" 0.0512789198093997 0.220262999745252 0.399190331318292 0.541325717974233 0.0579732042373585 0.67870651153126 0.425536687870314
"cg22442430" 0.167479185854636 0.102143491806992 0.0839566658916606 0.136968153818774 0.349015976872533 0.639866400242014 0.522469843560312
"cg03548857" 0.0461753491594126 0.152870811441585 0.186928326681659 0.273857696813582 0.050736476171869 0.561984340668561 0.113206252964831
"cg09747445" 0.51235172994485 0.228350762093887 0.254181335146407 0.289075255856494 0.546801174064 0.8150844514835 0.327278902647888
"cg15356966" 0.0687345618489359 0.176892139565626 0.349244307089437 0.302575450752304 0.073262483075583 0.612279371831122 0.135601265918128
"cg03780927" 0.135840471290089 0.324157831061953 0.224329897443982 0.226491700597796 0.115852871946827 0.629840483646634 0.140326537652732
"cg17801864" 0.0810154553183263 0.166489732571366 0.298332490335118 0.44734330228874 0.0944812392978612 0.63609310883152 0.179099069712958
"cg26475911" 0.111963407576202 0.502845593390575 0.281473428807764 0.558991359212685 0.209950733248545 0.742764714379666 0.273304122522167
"cg11481582" 0.0504419951073349 0.0416844893414529 0.381065342567243 0.474681730804359 0.056844428599908 0.617802653387937 0.140109069428067
"cg25887844" 0.143327550131979 0.405628486111429 0.199052507841215 0.284974012170728 0.0971205379016932 0.677925116986996 0.369378347120781
"cg01447281" 0.0544645688478515 0.122743449099132 0.0639871280829076 0.171627458751285 0.0562738213309674 0.544343988542385 0.155667415354136
"cg13318771" 0.0598298429172243 0.111038761440124 0.147273891938615 0.248995236539389 0.113679817716022 0.578176687153379 0.146807470401945
"cg17176894" 0.0742463396925018 0.0653475203574271 0.150464366381939 0.323714068464459 0.0761827047386307 0.605701646230763 0.393764622813314
"cg07675477" 0.175302692615835 0.193582841695962 0.182497007775817 0.341002010623855 0.167318231280734 0.658502134447609 0.222811304924948
"cg10491452" 0.0572241109609592 0.145878741285576 0.245799510337769 0.304042387236299 0.0595463152800773 0.597610149907978 0.114144691760314
"cg02381279" 0.0720218619901581 0.160580657111112 0.405029673339091 0.511254892022105 0.0870439214967208 0.676963545515255 0.201803515034017
"cg05608790" 0.126671463838524 0.16417008327665 0.397353298230912 0.628549706255488 0.204578111067615 0.733061830011305 0.248136612201857
"cg22897715" 0.039475995849745 0.0810322746931042 0.201483528255247 0.195005544294767 0.0344916900760861 0.559398544531827 0.114181624618221
"cg09958402" 0.0427132912915256 0.0522994599756741 0.437268256260486 0.55961078561017 0.0576530912625034 0.664512241303309 0.208136651941522
"cg06875488" 0.196005232376984 0.278693987080121 0.437597184485362 0.498020594355754 0.262998153218429 0.771580748094077 0.235413632189474
"cg03837680" 0.0524351411951661 0.162750632108778 0.279169188856109 0.331180249670591 0.06324245356745 0.640540132159931 0.305934107644064
"cg24728803" 0.0940944848057512 0.116891113116668 0.494862105504529 0.619315470088139 0.0950072959079642 0.711025368289989 0.15445833258144
"cg09101151" 0.136752456888275 0.0690902236531832 0.303585292625887 0.396099387419803 0.190370729229591 0.696101755614691 0.419294905511258
"cg24315421" 0.0621547626920799 0.43334933407082 0.291358734623037 0.539360422593591 0.0549891887987594 0.719319071577172 0.289470176050906
"cg04887172" 0.112449393492828 0.144737978178226 0.466107249855117 0.54220596030341 0.0905550405640165 0.705848521929612 0.146763684745594
"cg25045219" 0.112473272204287 0.395348891134343 0.121453839862583 0.643372228437936 0.114590545247205 0.719442026748586 0.205430992090624
"cg07687131" 0.0734118763996211 0.0644137903496026 0.470127236900213 0.513598865485802 0.0621674445649662 0.676555093207639 0.114062569362081
"cg22589728" 0.161599146328114 0.161968610810611 0.218301802995552 0.302289516931539 0.179495930158495 0.677762097905872 0.216585613697181
"cg26823762" 0.050533725425146 0.0663993612886465 0.187927403358362 0.463868430764808 0.0560999454387846 0.623996970063211 0.129492275489591
"cg26971042" 0.123279399438273 0.0687764036612247 0.079113477086341 0.142892539629434 0.139240643150973 0.59520140947401 0.127576978696209
"cg21232161" 0.18872874216249 0.0860259100651151 0.366366581990875 0.468175667266026 0.103859869615411 0.742371449985915 0.50022364407333
"cg26348226" 0.0685766221711434 0.059745397131288 0.260792955884089 0.458286207649753 0.0913791235977937 0.662922764014021 0.196666883959512
"cg13404688" 0.0654379806283797 0.188336595398926 0.469103626240493 0.660834880505363 0.0917130203538893 0.778750945695829 0.369391401791438
"cg09001226" 0.0868844622988706 0.223710786802323 0.36475677803494 0.36372433302403 0.0929792538041405 0.755086553058608 0.576321561708341
"cg27218978" 0.188425047863366 0.132106789278938 0.423183768265092 0.56233379854584 0.0844027701290367 0.804850688263288 0.517120243919804
"cg11173131" 0.0464354554728337 0.111327273182555 0.314786487842723 0.462047187827527 0.0565345814094427 0.705944537871184 0.179435838500627
"cg06117093" 0.0599779074879173 0.15056202730507 0.12397349932528 0.35845685833305 0.0914273307592033 0.721528091073618 0.599919413155018
"cg18881723" 0.0612683548277593 0.0554430322550686 0.0481852054166449 0.181629834791577 0.0773515218453101 0.629864849968563 0.225326247038256
"cg04179740" 0.0536144730453975 0.213505620004428 0.0750025037316788 0.184308930754082 0.0541627274750201 0.692189078234083 0.481910043777593
"cg07381806" 0.0964319842156919 0.0732198276560074 0.110218078984522 0.254324343248061 0.290062179622034 0.742402858441847 0.505886653456479
"cg12273325" 0.0481915703793162 0.0628449266031593 0.10509361758392 0.284730148853717 0.125828309627034 0.674293093132469 0.216144897120712
"cg11358405" 0.0472360460407168 0.0490613832332417 0.310182612206284 0.426532213248988 0.0534401835922398 0.713458848918285 0.158165961440559
"cg17766305" 0.049474705332301 0.0901200956729305 0.224043870323668 0.379711507196024 0.0846888101019824 0.812519369033543 0.193274132838121
"cg06768361" 0.900023661344221 0.960808847553252 0.960728175329935 0.963491309398482 0.910199499138452 0.944226478755198 0.261876763663975
"cg15974642" 0.898504941412176 0.906134482679911 0.906469277827129 0.905474073130158 0.895946422213855 0.89765058267222 0.239119897092986
"cg14203426" 0.953413652311411 0.964210536518175 0.969896397215046 0.969267637215952 0.928439293225382 0.955183300705407 0.305362714399705
"cg02349468" 0.969601931217286 0.950515833706668 0.970570954911396 0.931286774283694 0.961881904107443 0.969344910931946 0.312683382171726
"cg18168751" 0.971139729119634 0.967400586591168 0.969694719326287 0.972003800735356 0.969837873750618 0.965508578506226 0.32531199621948
"cg03445653" 0.898982899076624 0.903474154890452 0.892152984942813 0.910149337033753 0.908164313729777 0.867018011500043 0.269433293061349
"cg17052552" 0.895696068651558 0.907835498128055 0.895187333648626 0.888907179893707 0.903531869176538 0.888855004601365 0.273687895648633
"cg22353369" 0.895155381651904 0.900485589062434 0.875003315102029 0.899138245746195 0.891051577902975 0.893324253205251 0.269233047098251
"cg00344445" 0.779732951344396 0.95094765251206 0.956420439322458 0.961166947003149 0.497680008001027 0.914678878247302 0.214197936847869
"cg20151221" 0.923615709497942 0.937487945829676 0.882870275422624 0.917467715949053 0.925238812461534 0.918599143520507 0.30391889811404
"cg19586199" 0.921288953499042 0.964365300264189 0.957283837317456 0.9629136948957 0.934143242241825 0.957124413993529 0.332875841943862
"cg04643690" 0.889391296575281 0.901264002669209 0.915487789908273 0.91450063827166 0.874307798013409 0.903408518006379 0.290501287078872
"cg20555305" 0.916233312326891 0.907143108158675 0.923682635312385 0.92400824956133 0.921795616414268 0.919581712944308 0.31581338629289
"cg22379472" 0.906809640807648 0.91238480900902 0.904440602305789 0.877781232367956 0.897465582369474 0.892324734051615 0.2976633564463
"cg04120520" 0.877949027025272 0.897972403491334 0.903964437585802 0.904591393663025 0.834628391606956 0.891698231329845 0.281324729361148
"cg10594510" 0.954470708570898 0.961340442490386 0.957804151954937 0.94821238185429 0.949950437991719 0.925723775359726 0.349574410130834
"cg11759194" 0.88909523016399 0.898135190675556 0.88730846204768 0.897260430506165 0.879495724083636 0.870371214795735 0.28671069104294
"cg08221288" 0.91638653637869 0.923272327195823 0.926251618519595 0.915065337762458 0.926171619743995 0.91343718100459 0.320754410555725
"cg06761220" 0.878041782504371 0.89753970576568 0.905646152577052 0.890366773740399 0.830250697860742 0.508194203413469 0.236047604032524
"cg00529757" 0.892805533956616 0.889630155174531 0.892100586709158 0.894695422980787 0.892437141018334 0.888845268021094 0.298431102195498
"cg23044178" 0.855515173165542 0.880316905636208 0.90741042271624 0.899089555649626 0.763274979013091 0.822386632692135 0.26087352083036
"cg14166189" 0.878488749164669 0.891316708550842 0.885199942025312 0.872225017811992 0.892147781296566 0.852274063899245 0.287370551262913
"cg08640475" 0.953849548991761 0.975228010276588 0.957486080308117 0.943629073313025 0.858776604386947 0.951966778894935 0.347761792480927
"cg04228042" 0.890841158483397 0.911675217629528 0.903005017436227 0.899212622306214 0.892726697528679 0.894982018920175 0.306470391199176
"cg26159832" 0.815847928936351 0.878706348985058 0.876186064554307 0.855655258690352 0.78958972357885 0.845251223990121 0.249399308765472
"cg21768884" 0.948141522746384 0.954997579982006 0.951703327600184 0.947171873669352 0.948330126029698 0.947686730589305 0.359138454653909
"cg25580656" 0.934061666608889 0.962531822955788 0.962805561116061 0.959369890140628 0.899600546335072 0.89494566319034 0.345513060145751
"cg12099546" 0.889725215631686 0.889782166169073 0.900624489064478 0.887529330467616 0.898448277852124 0.887638479402659 0.302229922112956
"cg26103369" 0.901240368853166 0.882579049418684 0.910944244822267 0.918569609353118 0.850386967556667 0.901678371705392 0.303922715484838
"cg13928485" 0.823735552400659 0.87718308115083 0.845206583059159 0.854432066599217 0.7721644299143 0.820058528761134 0.240961024815617
"cg09899564" 0.872013091297259 0.885928189688003 0.879352860528073 0.890721015448654 0.863804643474223 0.875642025324672 0.288236237829732
"cg09846625" 0.894614153519574 0.904807949986444 0.900063959066447 0.900910045658738 0.89176206082771 0.892268710093796 0.308634146428458
"cg17528559" 0.899661092652881 0.89792936088405 0.898604481325754 0.900641553209941 0.897411233066057 0.90740741977725 0.311693879338724
"cg13863638" 0.887432424726061 0.892450916969744 0.894125805251994 0.892703535169955 0.853978507755478 0.890441734297528 0.296820300556316
"cg17927096" 0.855350275570055 0.90076909701532 0.884224640136901 0.875422527994338 0.865302421328035 0.886488237497333 0.287809721388427
"cg24028828" 0.912632974923943 0.913083598043973 0.908783391452829 0.917719111325189 0.868396806342769 0.900309669831048 0.316348447056237
"cg25105522" 0.765730573985038 0.892052346362577 0.736386099234666 0.828055941204785 0.656542680115365 0.81876856195692 0.191275150984896
"cg23678058" 0.881022712720344 0.893748436548178 0.846358943323725 0.831327630198776 0.860185523868255 0.822320261099563 0.272737250884277
"cg11926444" 0.94715638259566 0.952567049835699 0.951909420608555 0.956616110006784 0.942798917409192 0.951806711573648 0.363572395219629
"cg17107017" 0.908426050998704 0.906282538930489 0.901468194529698 0.904863058242652 0.906915478122216 0.90863252984331 0.320066539936964
"cg15856832" 0.90208207438765 0.906877987950543 0.906915627463375 0.909082609678646 0.904630334371924 0.889568954319005 0.31751517814586
"cg02814691" 0.889593223292079 0.894880708454903 0.891344956986243 0.897267212088745 0.881008054827965 0.882042343568258 0.304586241117208
"cg26811065" 0.881659184125833 0.860096218563753 0.83418737802713 0.830990596338674 0.844930887045868 0.841495089884141 0.267834514640552
"cg24390871" 0.900375112754876 0.908034394692792 0.914857936389672 0.904423230340205 0.891135169312272 0.892957190282819 0.318055478678624
"cg08890627" 0.887128720574501 0.913920552049299 0.897687678358149 0.909813436734993 0.873111280642269 0.905638819209849 0.312584380535063
"cg07149267" 0.902495761081202 0.90891635910559 0.906936745832272 0.907175848798548 0.906117090479227 0.896108537187245 0.321195004553256
"cg09710521" 0.903401236671796 0.905840256782114 0.900753378217598 0.896991198226774 0.898698294240881 0.89763600094451 0.319225520556582
"cg10018933" 0.872274320315948 0.896805440051318 0.884856637046063 0.880054839047089 0.883845438989936 0.887533285392602 0.30175980195596
"cg13995599" 0.963504339761567 0.962858977798456 0.96725999737733 0.964504788031464 0.964151313987853 0.959931111590745 0.382394461128021
"cg00953201" 0.944007610147426 0.948770704873467 0.95101373698782 0.948838781244843 0.94641463386863 0.941341302361543 0.36529498858653
"cg24138325" 0.275883479485584 0.119517616541774 0.298394817688566 0.243728580994874 0.106209115798185 0.411160661291322 0.589209883538272
"cg19918549" 0.0751830956811005 0.0587904197502436 0.0599629700667513 0.0511009395426486 0.167627936798402 0.0747837400968857 0.434606017308359
"cg08767044" 0.039711387451233 0.0399987684654946 0.236369798054793 0.21420615473028 0.0382734288030352 0.186199363331567 0.466557792496976
"cg01099825" 0.29212236502132 0.204531914582456 0.113883900657741 0.131143474098683 0.389661380729488 0.352701585702499 0.606877277610251
"cg22184990" 0.0470714107435651 0.134757126155121 0.123559251629022 0.0676611345817079 0.0535536999473002 0.0641141300214599 0.435124521766779
"cg09977703" 0.180063233260573 0.299471510516555 0.0321158851975751 0.0242882674646109 0.139683033644651 0.0502044676373251 0.486198890212375
"cg21370522" 0.0483626340307367 0.0351028264452226 0.0960869631415527 0.354607814661258 0.170259638376952 0.295938153927573 0.506791747610702
"cg03638781" 0.0815618375441843 0.102053457213732 0.0920412184000909 0.0653310096735293 0.0894506986491896 0.0687934724277834 0.441070882672539
"cg04754652" 0.103237720530925 0.107590787114942 0.0527581934459004 0.0478061441038491 0.202006591077773 0.0631368907003899 0.457577397582485
"cg17707057" 0.0849842033077326 0.17386441055668 0.0786080334617876 0.0693924109529635 0.0597322387315953 0.0834554517720868 0.450266096004672
"cg03466198" 0.0413119558037466 0.262840151220835 0.197730941362161 0.16960175411451 0.0249955252271564 0.148160481572347 0.492631083584515
"cg05596756" 0.0407441426610721 0.0780981470222964 0.0348497994823107 0.0364477031151443 0.0799277187357762 0.0571618447138376 0.417936577930736
"cg03354554" 0.104715515904976 0.0981845896560724 0.252234787689071 0.233948071297708 0.211846051606081 0.339572211301931 0.557935092364613
"cg19233405" 0.225665042277421 0.0200253318068975 0.0247526390316733 0.144937664978183 0.237347938510976 0.367391040800139 0.541044670015691
"cg00360761" 0.174276893272157 0.286186190028741 0.290014992100376 0.237608093340777 0.17262831556686 0.07085824067392 0.577228556781253
"cg04466898" 0.0513926371431172 0.0542442922444477 0.0652299377645249 0.0584729130977742 0.0540709064299293 0.0542604961251033 0.428741154992394
"cg08317738" 0.127133335027287 0.116924755601968 0.221523735854612 0.313959515409587 0.12822928954562 0.171488291560307 0.548570184047016
"cg04987734" 0.176972835726718 0.0473389460804858 0.149949356264997 0.179517542256508 0.273746307482584 0.246219964106728 0.554030353780419
"cg13538637" 0.278114798823971 0.095354589695723 0.0945447964694014 0.0790497941420091 0.261489765364046 0.332150362597144 0.572599745900712
"cg09742465" 0.0471313148367538 0.0501147035751878 0.198940205975703 0.140700852159205 0.0520548796891375 0.0517104149515062 0.463690358856084
"cg27540367" 0.0509212121915067 0.394076355732423 0.144743610382414 0.0742381523795663 0.0540444849367486 0.118398417604952 0.513831559553387
"cg27485596" 0.284134883080027 0.19496142516272 0.107984086752916 0.1775663588113 0.324846122789369 0.136573722565101 0.600324436748258
"cg05614346" 0.0645121706611119 0.0866734038697001 0.0604654502079381 0.061932866766843 0.061115650305046 0.0623645394736247 0.451590865119641
"cg13203135" 0.0963243520100663 0.0708728957698344 0.0742799851104391 0.0662995774050018 0.465279513715191 0.161240371544957 0.54295309800756
"cg20660269" 0.1857298111685 0.0280115843423765 0.0286425460497745 0.0312377608351587 0.039974205214435 0.0560354552910373 0.459763491046266
"cg03422583" 0.0325064635310754 0.0379009573590013 0.100214781695736 0.142778972225631 0.0357531958411447 0.254421863239562 0.47731849167415
"cg03094728" 0.105090723195084 0.29402337311056 0.136689595592808 0.0944822403627507 0.101346431166421 0.101089626954005 0.525622783903431
"cg09458566" 0.0698797141398242 0.192756554424991 0.240686089484125 0.226982408854669 0.0679852029320475 0.131256718177513 0.535951554328811
"cg13639901" 0.0980123526184932 0.188190800413201 0.118033569644146 0.0951831244180507 0.122492232216538 0.105519000607887 0.51246318000684
"cg11958644" 0.0361159552570978 0.0392252615680019 0.132655914106077 0.240828539324767 0.0465233650283014 0.274142264481506 0.509646053169795
"cg03636488" 0.109792591673906 0.0693804914859149 0.0954762268488198 0.164764341718146 0.175316440841222 0.174565971895713 0.532257695379928
"cg25598890" 0.0419320670838034 0.0945578616056007 0.298669709776479 0.0592427559490171 0.0450993906823969 0.0495701010411403 0.501261880087481
"cg08574423" 0.047538935435986 0.0266616758919171 0.026732710466064 0.0312050448151686 0.0970107207049219 0.111984370098257 0.468857231142503
"cg13415831" 0.0448494898936809 0.305753589551739 0.094626325279751 0.0906735973380066 0.0374317466808635 0.0505903819628534 0.519552332717675
"cg12634208" 0.110378339369453 0.231495852461829 0.470811295190082 0.420644294545809 0.118486516658708 0.289029708919152 0.680551401453142
"cg15153141" 0.0368645759190667 0.0398859707299426 0.34972357956132 0.191648735999155 0.0748021536280685 0.089795644587239 0.548022936344701
"cg20472746" 0.0799159017077049 0.206679889125624 0.0651533651574302 0.0591650047904584 0.193559174650236 0.0877080890176506 0.546255465244153
"cg08098128" 0.0568347118629339 0.138092316428103 0.0421997672120786 0.040561777351198 0.0360943445567383 0.0789161917316691 0.502049471304061
"cg13408344" 0.207857286702397 0.115180521538557 0.079075501103856 0.0644357767349595 0.328746586244134 0.116549205030877 0.601934284649331
"cg13810673" 0.0474563947635359 0.383889038441457 0.0463546638234734 0.0394561174446917 0.0726776270843307 0.0504585449009069 0.546495194251652
"cg07884764" 0.20534619281812 0.074655446627124 0.101410606469112 0.0686456002797205 0.172823872303021 0.0734998745580259 0.572560221722387
"cg02003183" 0.0760275190216022 0.0390772587014585 0.0877023486043877 0.0991722000437073 0.128127980820417 0.112040083171922 0.535433592051649
"cg06637812" 0.0930581532837846 0.104301821446071 0.0591566286688524 0.0702433198847415 0.0862012682311104 0.230826234334293 0.550145487196083
"cg06832898" 0.15408247885126 0.0726768780768121 0.165172005613402 0.390851434031364 0.0595440355137596 0.594299664626644 0.666603218286234
"cg23966363" 0.0684075623498064 0.0970939496661293 0.0819172431239313 0.0487062850220922 0.0509505956773155 0.0558037620434821 0.521627328086156
"cg15752436" 0.0581759101880382 0.0472409079862051 0.0473184432177737 0.0485444294777399 0.112155145321454 0.0540214716067831 0.518571241255144
"cg20979153" 0.0592272576941326 0.525935604931845 0.0756211905795547 0.0611190585628071 0.0674882985713998 0.0859296619376946 0.603045171555125
"cg15694422" 0.0921056960968368 0.151835866137502 0.356096082563918 0.175223605137025 0.0950607361879129 0.542651525610651 0.680092465283921
"cg10768932" 0.392110925852881 0.0471565011265993 0.0555347031424113 0.0475988207585674 0.0515893210881612 0.0687414042678531 0.623507621977511
"cg01722297" 0.118720977280809 0.320741011194271 0.134933673853777 0.128392967138406 0.119152536004819 0.186165251561245 0.706314013539267
