"MO" "B" "CD4" "CD8" "GR" "NK" "nRBC"
"cg26872907" 0.0895622543257212 0.925605922125714 0.935259414463673 0.929725755442878 0.915823492588419 0.928677917587302 0.800574219363078
"cg23244761" 0.146861357552169 0.956750788385102 0.958993776987109 0.96145463071095 0.954748956925739 0.95823414857166 0.900287959600078
"cg10480329" 0.117595907850841 0.895981142708649 0.90201546715457 0.907979344469235 0.840045783452424 0.897234297257884 0.874533269784372
"cg20559385" 0.087523843720412 0.872000270229232 0.867902584064586 0.868684991730339 0.815806262727787 0.862834616705549 0.717449465222486
"cg12655112" 0.128570508636014 0.895249301744641 0.937393758619726 0.944632716526689 0.773819519680948 0.930767797454221 0.752306920573666
"cg11597902" 0.0750823005427727 0.95057347735778 0.956456184067381 0.957837429786244 0.311908042481225 0.934699652588233 0.88277235558836
"cg01476222" 0.119933671521776 0.846309694743018 0.895383581470649 0.898402899038721 0.843614565983845 0.850818742492692 0.834088348869288
"cg05923857" 0.133216163131563 0.895992524325074 0.848784081697965 0.909365488535232 0.829763370714666 0.912708180545257 0.831619537439361
"cg20610950" 0.0965774747529636 0.893426417943651 0.900025720394776 0.898492985480862 0.588544896799692 0.892633802479433 0.866315493209983
"cg16429499" 0.0826402690218892 0.586905271614724 0.896861380683473 0.9010506710108 0.873207334616805 0.870591498886924 0.705006437900398
"cg08908131" 0.101556052091927 0.856743154366145 0.864925701580917 0.863616945826739 0.822025157690608 0.834966871975713 0.654661691615452
"cg23146741" 0.0995908602087518 0.847074612972684 0.857210499171837 0.849492081704863 0.756271453775305 0.840511970839828 0.734276731670199
"cg24954967" 0.0880479155222403 0.753133652869966 0.881604372457871 0.878244629398373 0.740010066961656 0.850316594964573 0.649634216272025
"cg16636767" 0.146379251517156 0.875758192884588 0.878009459465616 0.879167553930569 0.844136063771943 0.872297879519216 0.809826642024338
"cg24788483" 0.191106380958305 0.900840441264094 0.889435683093496 0.938763140672972 0.883432124470645 0.936497193869066 0.835016370355472
"cg10278149" 0.102047242512631 0.813904571892679 0.865979016313935 0.873534790222701 0.695733525665632 0.858054092852702 0.696219425464609
"cg09322573" 0.103148645075832 0.855546146965106 0.868326623321283 0.868682434969749 0.680991237975303 0.839180693329696 0.692254976400539
"cg22675702" 0.121790961699145 0.842609652885693 0.838350949519073 0.839523983789233 0.803298469855343 0.834279663275848 0.835133317824778
"cg18066690" 0.175029563137997 0.892290840019216 0.895195843196635 0.890636005599622 0.881625235679986 0.892950310644735 0.799506236269136
"cg26538782" 0.132129116248261 0.854059798269126 0.851923333967695 0.849061216959588 0.815742782960968 0.855247071153753 0.767652072080087
"cg12422199" 0.0960721446903993 0.758274953300785 0.839758223767218 0.825241125476562 0.824041941220334 0.776699694362033 0.764765122027474
"cg02244028" 0.142076853241137 0.876733517190668 0.871311726980583 0.874129346058623 0.795326337607401 0.865294786036367 0.705118966671071
"cg04468741" 0.139828956689163 0.874776168709781 0.831870939271258 0.862232327681116 0.793551588772556 0.865187036244856 0.814219556668015
"cg00288598" 0.182620253057054 0.940812737968885 0.870755044655332 0.934856186887186 0.752584581299996 0.928656823328572 0.907006020815018
"cg10499974" 0.0861627000433806 0.867178755437055 0.894809920695954 0.901382247195924 0.468953569478101 0.877355673691215 0.632228139937022
"cg27366072" 0.125803786740846 0.83618527780843 0.880363669339401 0.875422278351188 0.716161456583244 0.863132981551052 0.751631537619188
"cg09220326" 0.126367207579527 0.881877817566448 0.887406315280782 0.88311190155704 0.646637055561773 0.869090021052063 0.755692824666073
"cg18990407" 0.18634413232924 0.908824818055513 0.917753525626466 0.917744314873995 0.809738646381785 0.913003877795435 0.8050767766027
"cg24037651" 0.118909036469788 0.826674844948417 0.831562606259705 0.843424465971001 0.827389092097146 0.799749808069795 0.725237466713131
"cg14109551" 0.137554225957552 0.89246903864422 0.884986345166421 0.88995807213175 0.712208212356526 0.878916622339241 0.619284681443924
"cg18770149" 0.155072012743857 0.875386454015141 0.87812773103461 0.878137802130327 0.834449451546664 0.851790654481251 0.676100665520658
"cg18835472" 0.108904255738346 0.831247474647129 0.847965342046698 0.856535525492165 0.675216130831962 0.83738824735981 0.740519286995438
"cg00101629" 0.157893355429159 0.879922953101559 0.882614076730702 0.884280589996634 0.791125332669885 0.876345946324875 0.721380591386191
"cg08442088" 0.104020296752665 0.847367484017172 0.845970770457277 0.778600321157443 0.690078206202372 0.823631100973585 0.814020363581327
"cg26690127" 0.123751177306017 0.789758319032103 0.847786230581937 0.884946829648251 0.705233797261261 0.882047587306657 0.738337597716461
"cg10624395" 0.203321894554439 0.906498772172207 0.903903744401076 0.901694657644935 0.896905358127269 0.893384744311619 0.791800823956252
"cg05669832" 0.157676302162935 0.793531636357544 0.843340846777278 0.886550433465335 0.843435871822459 0.885867989349565 0.808604292179268
"cg16736889" 0.118248005094976 0.744747638481992 0.823759651970319 0.835093686303619 0.83298491625233 0.819274486609349 0.745791709012121
"cg19835973" 0.20416098841785 0.91332873383327 0.900329873436244 0.900769023308753 0.888238340443059 0.895880230651556 0.788491895972092
"cg02780988" 0.128323071390719 0.838819573938891 0.842408061689274 0.834199717246804 0.819462063864959 0.816469523585575 0.610066323500528
"cg07002540" 0.117735834203964 0.877112073181059 0.839250853532487 0.86707643350513 0.707624621366539 0.810121733124344 0.602351085123731
"cg22259797" 0.102326511103432 0.925130612923679 0.878738589420429 0.910246601789993 0.35086988571485 0.906485801366505 0.775149996252044
"cg23791626" 0.134001618089387 0.774619640303948 0.888818158849444 0.890771135985123 0.776889645656485 0.849570054599489 0.529186106121015
"cg24365417" 0.11621611101747 0.851339150010082 0.843500801966543 0.853509972343207 0.764964681748622 0.797260290346369 0.458288332045959
"cg04478930" 0.174248830809975 0.893243532577183 0.905187066510442 0.904684625325359 0.742067110026859 0.875299796122178 0.718836340078671
"cg23261319" 0.0993240185970782 0.873110599738694 0.812025538870963 0.862846348011985 0.526231934702945 0.839675439328728 0.725687594098602
"cg00091349" 0.0876361224007212 0.861990016221921 0.882879257610129 0.884820675498345 0.404520452340793 0.847710665658537 0.614580451171795
"cg07846061" 0.103829390436839 0.84530648969879 0.84086303586839 0.84905478994879 0.597687717796265 0.816075718452862 0.630995890703713
"cg10558233" 0.117521010944229 0.824555334980589 0.778581248617128 0.80334632446874 0.769024976578569 0.806432210685282 0.718086022669652
"cg17883068" 0.119277472694637 0.727660992828144 0.831213294132875 0.837394133560334 0.741239638077109 0.833401269072809 0.757861027629937
"cg24010658" 0.859074611952198 0.609632192584022 0.0530212987524696 0.0542005643755837 0.865295865994351 0.241341702309586 0.737594422925734
"cg09736959" 0.723165979717919 0.0868432247604315 0.0697828992920915 0.0739374099761888 0.724380553143658 0.170177523915511 0.633511117756018
"cg24216966" 0.798830439442499 0.165494827170315 0.126417989020409 0.1335457552634 0.814247530645328 0.236350034820152 0.724587052186839
"cg02879423" 0.755080624507537 0.850283376123143 0.112312728639077 0.139037292515503 0.111725894385855 0.100870246509341 0.598857432142711
"cg12603453" 0.814262733410727 0.876629282225297 0.0996237142138021 0.0966481328309525 0.40014094195237 0.094483476902798 0.753004774032525
"cg15188939" 0.838156258913231 0.126192312802963 0.306767624244937 0.148893188788333 0.86112218238453 0.259238015720754 0.629643783143176
"cg15174682" 0.792044070421841 0.0868575751675305 0.121680427955238 0.0885217898428185 0.790776175735635 0.346280760064624 0.694687815331285
"cg20611272" 0.861079514116784 0.515323310280832 0.11592059322953 0.150837683464806 0.871736300623416 0.169704627218615 0.629527239357041
"cg26768584" 0.850851256730272 0.336849485618897 0.0595237747690995 0.0618789480952843 0.866195572471712 0.417114495908476 0.700812695755847
"cg12476487" 0.877407737975937 0.66680210425975 0.154604984058068 0.0695138322241095 0.887175081372852 0.118027151178362 0.654487485434484
"cg17161520" 0.745837157892111 0.0579710363193712 0.066696579401872 0.072309606558549 0.811255368155796 0.192776435156594 0.587926901293447
"cg20171453" 0.828913591057202 0.162420300464531 0.0930743517805701 0.0983515591071686 0.763084753919166 0.510626530342446 0.65933197370497
"cg27027055" 0.849072955508048 0.497446161122141 0.0797228774497263 0.0820103518349984 0.848320282511359 0.212460196476877 0.678685594629199
"cg21999229" 0.715437012908051 0.0684508330799193 0.0713140571562629 0.0731834968791979 0.717105629005586 0.126430422234268 0.479214692735502
"cg03916225" 0.773055251626214 0.326007763845098 0.079919616830972 0.0792410344132787 0.770391924307848 0.113498625729641 0.471736936828907
"cg14375890" 0.792090921458016 0.30873536418396 0.045447753327397 0.0607789141779387 0.788981804152601 0.302662530839258 0.366432555331054
"cg21577598" 0.786417791944837 0.295835617495206 0.0434864757377291 0.0468545517314004 0.809542991799166 0.180529738719257 0.633828882203735
"cg23213217" 0.802469084725026 0.617699661953957 0.104388004660876 0.113684908450464 0.162929909807433 0.468034454100986 0.701822176651273
"cg20055861" 0.822976311791745 0.0545912201793485 0.154622661297774 0.150455276989667 0.836565026592467 0.386255320997192 0.578578383108377
"cg10639435" 0.81494474763739 0.628397237767096 0.128353249173437 0.152926262791746 0.529151070540841 0.10792865204961 0.57028541333493
"cg16219283" 0.767348882279133 0.0999557568292282 0.0919076533457232 0.0932877097714055 0.782423449676192 0.165647369469401 0.64257841318739
"cg05052463" 0.803633539130633 0.0575313629702568 0.191818044037654 0.0863409017426999 0.814057848894304 0.259417192371375 0.677827231281177
"cg26217402" 0.845475059488269 0.180638082613585 0.17705448296431 0.193841289484906 0.813666770474509 0.352487495085669 0.400632635591476
"cg14057303" 0.795830182380693 0.471680636383918 0.0631143286185927 0.0668614975295142 0.801489262668439 0.104792578217739 0.218641206100768
"cg19510565" 0.771869146098484 0.244389963553938 0.0596034443584866 0.0524376566249425 0.787170105680098 0.101241908434239 0.568335162805548
"cg02737268" 0.856332371231727 0.0473458279482699 0.0460812610971911 0.0560114499349745 0.892290107482241 0.588106079287885 0.738265875570313
"cg07706695" 0.776713162175386 0.243515791645357 0.0476660152020297 0.047089797683556 0.797211818698408 0.11153176862127 0.565492791177759
"cg17078393" 0.832272815486659 0.0947498756886879 0.100214515678547 0.111204004182788 0.838850510229784 0.357669885498195 0.660403275719158
"cg12609063" 0.795386552748364 0.446920945113209 0.0692888526397794 0.0793801856593186 0.655792354297258 0.096293215272887 0.530349108848054
"cg01849093" 0.833221346872704 0.226888881062457 0.200739407096336 0.177837291140012 0.807430540207711 0.135307682486929 0.443046194951452
"cg21830221" 0.772774076280487 0.0717412934532075 0.0902670149900899 0.0983544008861755 0.799352933645176 0.129026357527807 0.500338398139026
"cg20805133" 0.85783537402889 0.229959255430385 0.0577231308766624 0.0627923093751774 0.904058046831465 0.327955580823008 0.652049062624393
"cg03961551" 0.808041280906393 0.302218440628417 0.0758403224908367 0.0776660533650081 0.807137891389207 0.118452133268545 0.447469421075004
"cg26348243" 0.904982760940357 0.187510073407071 0.067150857424147 0.096547003105343 0.923722379130126 0.529141855778644 0.728661242959548
"cg11316887" 0.802794492383355 0.0937454661978951 0.122091823102863 0.0930728281124534 0.858109442136503 0.127378508908104 0.570299816162662
"cg14597739" 0.80793946770877 0.104415028977166 0.102889735916705 0.112430830037349 0.820795309691274 0.176064782253979 0.592535887954866
"cg04722215" 0.842391914625517 0.356559938136842 0.0967011974817548 0.100302239219359 0.779417969477741 0.135397668739872 0.641932714528161
"cg13554018" 0.766073231826374 0.0532096474847281 0.0972454939057217 0.0820614493493623 0.766399681681805 0.0939031730256089 0.525254920115882
"cg21359303" 0.884312552315363 0.413383922768539 0.0613685794268952 0.0648135455824115 0.896883491682005 0.184916824162644 0.816869706441487
"cg08169020" 0.855124522981267 0.406822197661717 0.0442601420817964 0.0524730683181174 0.879653826292035 0.123870653802589 0.693094591124733
"cg18148314" 0.818838321171237 0.283264081152646 0.076326597295332 0.0702152820054028 0.823162591509272 0.108571694030715 0.470223708422405
"cg17169196" 0.802620591020853 0.0722565027881058 0.0745144726080035 0.0767129669645663 0.817240742600285 0.153494213929643 0.646082074826999
"cg06208288" 0.894021571721235 0.499703757812557 0.114576337119307 0.0950029746905499 0.894756801125747 0.0966860040064421 0.587531839382384
"cg14165142" 0.818173165150685 0.230408085425577 0.0597806341285495 0.0642861029328548 0.827103087816014 0.223066456309127 0.234440902492644
"cg21201401" 0.823594775544732 0.303136595191253 0.0683668505013547 0.0698986586992287 0.887244665123755 0.100066476161469 0.210253882016717
"cg19097880" 0.743429728043455 0.0614714801888365 0.0551729288339599 0.0609468129604935 0.705399404064799 0.0903365450039767 0.255160660098467
"cg14441276" 0.777497896035295 0.0512334132518497 0.0571987379340927 0.0667385778800491 0.776657486012618 0.116045474738306 0.445216974968364
"cg03795574" 0.719548120348201 0.0781400747759486 0.0741508991155671 0.0763093928886927 0.0905676517356926 0.333994196137457 0.604945704713514
"cg20513976" 0.862192050919474 0.370574324612808 0.0318509312844752 0.0378284402726807 0.915997943133873 0.0812417990351666 0.241245157857586
"cg00446123" 0.860297591837899 0.310195433002843 0.0459774913315527 0.0478869927129125 0.919651521924172 0.0797513974174407 0.234011494324076
"cg17768768" 0.940944025382253 0.0504602545630846 0.948682220527306 0.95116176720395 0.942081636595744 0.94532096542482 0.831766315991295
"cg01598421" 0.941043942006636 0.0571620586444329 0.938587903947891 0.936953901093429 0.94136339147445 0.929540075944664 0.760194618167791
"cg19276014" 0.955017906247746 0.101483223090198 0.960327820559361 0.961774203793794 0.957568261802886 0.959614305467423 0.874092637756339
"cg13738327" 0.955478845090305 0.0997185454908537 0.961819278301441 0.963377072921805 0.95725145236082 0.939292763900752 0.850926442285907
"cg02212339" 0.948624687582786 0.0826154271889699 0.925507429967165 0.929204320562595 0.947949138499557 0.95010271392808 0.791347136827004
"cg25131632" 0.934672113726561 0.0777900587902497 0.941367624892987 0.942688707927321 0.936568714733116 0.936611885250006 0.749635955861914
"cg05484949" 0.94392255675029 0.104872276539929 0.955216812041417 0.952170271359538 0.945279998476016 0.954599337835888 0.84578838857612
"cg14482811" 0.926636334716062 0.0873520735040953 0.948501454902105 0.947098971787611 0.924625583993321 0.880102819470263 0.801304696160804
"cg16210395" 0.896527245303272 0.0566538671832693 0.904291755442501 0.908617570584094 0.89046011538572 0.895484524939667 0.685988419468714
"cg15348679" 0.872198688936418 0.0904996923409786 0.933608588052512 0.96885195249847 0.89857729642235 0.94956473977956 0.745802202393473
"cg01024458" 0.893173630802373 0.0568393079767166 0.856576750470369 0.881357404074895 0.900931550318903 0.849409022802128 0.789356588880961
"cg11661493" 0.865459657383006 0.0560890264322386 0.878629507882587 0.879827023145066 0.867334363864941 0.878934951991776 0.804634672374193
"cg26318872" 0.888331897374575 0.0728755589045298 0.894295585651378 0.891922264966244 0.879021237425444 0.888224085489286 0.792333128624948
"cg21248060" 0.924714367082616 0.0675798939179845 0.923727365186089 0.889763323508191 0.933239337137681 0.716961017779803 0.757336660866804
"cg27106643" 0.905322329271597 0.0811357392093664 0.875048655751967 0.894304065752626 0.909604456512834 0.88627572254357 0.74891702714411
"cg26552743" 0.867474265395266 0.0595754537400509 0.892127358466334 0.895485240268963 0.863113164223206 0.864865983521385 0.664316585968095
"cg16586807" 0.896854090849265 0.0893222608364916 0.898313242081514 0.89664590101368 0.894041164699463 0.900110830791292 0.810209503658972
"cg09201499" 0.926369615189473 0.130167637849427 0.942095343735304 0.941629324461129 0.91923145057756 0.936069223243038 0.864273805803753
"cg11699517" 0.953423509616614 0.156305709860002 0.973132952269818 0.973388477811113 0.93928126589217 0.969071072327426 0.850066553782996
"cg05524458" 0.859117795415568 0.0479387798735555 0.894119532222692 0.896841086672483 0.752386786508595 0.879301235057148 0.676329019806327
"cg13283094" 0.889843158019223 0.0815523259394988 0.898892559488289 0.896446332005748 0.882155264170897 0.873945206702405 0.717242212564273
"cg01868869" 0.889679734687659 0.0873818895497755 0.894389055777673 0.898150997929427 0.890245635842341 0.893925480297697 0.729740509296941
"cg15235922" 0.846533283473941 0.0584864773655102 0.892933305142528 0.887005018038499 0.825199206636225 0.879245366890936 0.663060526342309
"cg03131366" 0.864877125958722 0.080055689226534 0.898769000458715 0.892622022758401 0.872251993545139 0.864160458959352 0.782076292128719
"cg07145038" 0.879652619580617 0.0726958951679155 0.888494743337252 0.893399006506818 0.865685476504704 0.875611401015146 0.619822912852299
"cg17634650" 0.884338796392934 0.0802656750392434 0.893086838962131 0.900105725580487 0.879127573487669 0.836550070551843 0.725162918777586
"cg14936008" 0.883448993326822 0.0935342096215135 0.899026128750244 0.902950642728447 0.886453464570489 0.891205294771015 0.737846823710442
"cg20602300" 0.878985978226709 0.083297661669591 0.879427952087984 0.873744575001492 0.871756052336979 0.875502040953624 0.816918002990877
"cg17995557" 0.857744815208374 0.0586868514799278 0.860083311725341 0.861161890611242 0.860354171285147 0.810242610481123 0.797420874899191
"cg00760938" 0.860555994704694 0.056793845805153 0.872605178857135 0.877034470969677 0.857005772622508 0.81319231783686 0.657126184984942
"cg14066207" 0.920991281970798 0.086027149387381 0.819960444138237 0.83112165139119 0.925302199264878 0.89756574617045 0.746579371424484
"cg26438284" 0.897946372404924 0.0942548855651466 0.903603738779919 0.902980153946516 0.885847298887943 0.832320119678696 0.759777425114788
"cg16148346" 0.85931017009977 0.0760671831656983 0.872935900628089 0.868788456343676 0.865522607494299 0.874569947352107 0.731045827076965
"cg20666585" 0.873539962455203 0.0784335583013142 0.876129191402953 0.881612018810871 0.877377481363919 0.823938645917302 0.778668254341377
"cg16411445" 0.949107197596674 0.159607398626737 0.957484896133111 0.955998254229028 0.952770074225701 0.945276836360406 0.800791084555242
"cg27304328" 0.835920465454268 0.0676407850914184 0.892114622635111 0.886817407586755 0.822633572370102 0.885404875089284 0.661799393018185
"cg15241519" 0.859133566952058 0.101790398739538 0.920494613343557 0.921999195005965 0.921656792400101 0.825052313051027 0.755762459479228
"cg22212560" 0.650970380946568 0.0479707798900514 0.900952630150904 0.902065164185575 0.851693272098045 0.890451861550215 0.778540415425735
"cg17679619" 0.859449681055103 0.0749505732783453 0.871969603919618 0.873794571971509 0.844571416556357 0.855244241311149 0.730316107829404
"cg13356455" 0.879941645230676 0.079898225285173 0.894177695278117 0.888365412242489 0.863304956714856 0.798458902487457 0.692154914743342
"cg05187549" 0.857877843490032 0.0704899031814871 0.861115631411795 0.862782062929802 0.855372351015175 0.847242270068115 0.663220881275003
"cg25683989" 0.861817915186021 0.0723970677779098 0.86630123783623 0.870266092437185 0.854797821826184 0.834121861844848 0.673859304515143
"cg07435215" 0.83930261875142 0.0603651669856228 0.865777678896886 0.869485995757986 0.784010236629943 0.844193793676739 0.73819307157961
"cg01869288" 0.845675240310455 0.0620492184684008 0.852546050770044 0.850150535002275 0.847923875907968 0.827430402080363 0.691077430087713
"cg15532942" 0.875080312030391 0.0813591531707232 0.878713139820119 0.879511654570381 0.866670194200868 0.837656406411734 0.645289992798555
"cg03860768" 0.860992727059516 0.0663885752789516 0.855640239134396 0.839475406895443 0.848059728408368 0.852744785048421 0.63081687587574
"cg16085171" 0.87600145870011 0.0856621672639563 0.822975858456573 0.866755814972187 0.878406973714003 0.882400214444333 0.725410224806518
"cg04440811" 0.829418433768606 0.0607748638315779 0.861157721633293 0.860386235755172 0.800442892103617 0.851478143068154 0.712639235483402
"cg13823257" 0.857327792932331 0.0800654535224086 0.85908313319771 0.867442455062441 0.86084251345241 0.841097366530701 0.75296374370813
"cg07768103" 0.964168252319803 0.133595897802079 0.933639030175203 0.689183743574602 0.967306340714894 0.947371895640187 0.893345471813096
"cg26366091" 0.0535160194309515 0.727389202487197 0.231429457128971 0.29188642258149 0.0656081714233249 0.160786194044602 0.473458775366661
"cg17478979" 0.098334877777852 0.725145703650646 0.237275546733702 0.183229296619239 0.0950273227337567 0.266786517778861 0.13162198224745
"cg24834394" 0.373353826276157 0.878245504433699 0.31564663348749 0.31544884643466 0.089440896613597 0.412394704479876 0.592421402115527
"cg13991834" 0.0729804915184381 0.751458719950729 0.166189699043991 0.238927994342121 0.0673970546935135 0.477597717491248 0.142885899524176
"cg03272225" 0.120039729080924 0.673348527631815 0.0739564453189836 0.0673323095030397 0.104216782041438 0.103925546345989 0.366170203204003
"cg23433370" 0.0680893534838545 0.836280944121451 0.581294502330358 0.475704323521126 0.040224987739119 0.125048959830982 0.646107237055871
"cg16301004" 0.111759889988534 0.889659072421077 0.367219708543474 0.514444467327065 0.0832070630452944 0.506791441127491 0.644952853399426
"cg00574379" 0.559600447243373 0.815460380398288 0.0956643335246549 0.108836097792997 0.223047874171353 0.087729790872122 0.479523005609308
"cg21638533" 0.0764169894059048 0.877777762433273 0.208605114376972 0.288480396398108 0.0706308184982522 0.844727841783101 0.681074355086154
"cg00874051" 0.0969437456611492 0.878566257918795 0.536395844455848 0.449068977547439 0.0604526728442869 0.36842004116883 0.554922525605277
"cg17950348" 0.0736329482334421 0.849270137521743 0.625124966264526 0.55412510817069 0.0554551863419834 0.0561933523434287 0.492954644458229
"cg07093324" 0.135840239703093 0.824844086354185 0.18905936225576 0.262569251168279 0.0826103598772426 0.488354923397281 0.665067762476326
"cg20025658" 0.260509412501981 0.708730314436557 0.0592256833017052 0.0606592752485272 0.120774764692542 0.0776818693232109 0.315045778939123
"cg20541456" 0.0683143022823395 0.720934672266796 0.0505215370831451 0.0708216620639443 0.0357659627317981 0.435006881512945 0.459376167774706
"cg27492103" 0.394226230037836 0.826884170902791 0.0953846819346485 0.081428584347262 0.0853202070734269 0.441099188970182 0.62274474165183
"cg03798942" 0.555709712405014 0.79463303532434 0.0762149472424122 0.155379809249766 0.102373858774277 0.0599069791799743 0.342014354656346
"cg08698943" 0.0917634643603231 0.85517083755416 0.174712677532965 0.350763176077375 0.32310536138106 0.379367798657109 0.549699727277117
"cg09076077" 0.085478032859317 0.843042030410383 0.511857780878549 0.488471032501667 0.0925311976240496 0.0811485011128798 0.510852252526232
"cg07249939" 0.237699502149651 0.81924591050171 0.277867514417592 0.244934868230126 0.227934009959814 0.0867173259255897 0.509264626528594
"cg07859439" 0.146412589292214 0.785565437888109 0.0753787717012334 0.136255711327959 0.0994904202606256 0.586960359018826 0.159264701964515
"cg09849688" 0.0718794898951463 0.76063686900075 0.258646453409025 0.20491685284477 0.0763342200892353 0.209714071348718 0.425854349974882
"cg20317872" 0.416752788694233 0.893173605986933 0.0518544500596834 0.0785630993438651 0.675326861421463 0.13198561340264 0.689817579347973
"cg22286382" 0.24307233367555 0.750891742179284 0.0802464089264554 0.0831289927843514 0.0902800959346623 0.133412409073567 0.61668375436625
"cg07091500" 0.0980944887311213 0.79185483890268 0.124839637650977 0.173825128617553 0.109391466812023 0.493515205439914 0.314940464085391
"cg20380468" 0.393401619762456 0.850310082954056 0.0664410083048781 0.0761802679961963 0.175342175130637 0.429062277441544 0.618194847292332
"cg21278103" 0.109872066914043 0.862691728302747 0.392064931862817 0.410023044200734 0.0816348975599468 0.424526758061635 0.205201937068855
"cg08682625" 0.086481065255594 0.765200569953409 0.0952528135692599 0.116088227910118 0.0845327647848688 0.377132188813721 0.544272705974188
"cg22446709" 0.0537064044634268 0.654846274404034 0.0511433161719895 0.0590406659337153 0.0434961380533785 0.0603898264127351 0.0834187067018986
"cg20450123" 0.183750919010959 0.786409226864747 0.197265573193576 0.222669180851809 0.068523333632273 0.104348379635362 0.461325472718516
"cg19268695" 0.17249422318835 0.846979199556983 0.0732851573872905 0.0847611893696922 0.61867105505073 0.118694650408634 0.567484188193726
"cg01054402" 0.238344092017471 0.849409823168727 0.105402416476865 0.148146146679012 0.0709096184234921 0.568557234920676 0.434987486254219
"cg15906007" 0.288611332970846 0.758524491898208 0.0800510363749127 0.100790763284143 0.126189566970772 0.0703515333456686 0.168508693325698
"cg25518868" 0.063052311999743 0.771541658218985 0.114256271694566 0.168017749756894 0.0600864705728348 0.216480551323644 0.654716149212824
"cg00902153" 0.0675499094044385 0.876790467564529 0.159465955243124 0.154627094981588 0.0950242992603894 0.731730651344937 0.51570524539999
"cg09300089" 0.0708516328276327 0.819163715798643 0.353937344304946 0.210662372630307 0.0655148675009685 0.10219814303279 0.545880499516018
"cg21291385" 0.398239674444562 0.839114532251672 0.0656073978476728 0.080474066858503 0.0959671776688976 0.156748438203754 0.615423777845551
"cg01156249" 0.0780679322451395 0.918099839214046 0.297914701680943 0.209399871738017 0.0607505064238613 0.651613581693328 0.650586354263145
"cg00619207" 0.148323241421119 0.853641368725986 0.0688022313278649 0.0750916277252706 0.511525424634417 0.107840950739558 0.531505074479445
"cg25336765" 0.0849965720780073 0.852671733051261 0.281119015353867 0.296493373327965 0.0885440732104664 0.156597474727748 0.523036301710066
"cg00058449" 0.307967559987812 0.955281522831497 0.389551256450529 0.313482657326614 0.268790560617703 0.0709448548478852 0.618017811700623
"cg19269039" 0.185993213573263 0.86574097017969 0.0522634794111111 0.0706114691641836 0.423490298248459 0.112100341220171 0.634359765021461
"cg07635227" 0.0493303142057556 0.878291866581642 0.170330583182263 0.125200951894144 0.0401950842747556 0.512741506950873 0.536100768705761
"cg23357708" 0.0661309178573776 0.827537179590721 0.118842290317892 0.166345274605666 0.0671701562411911 0.15469263088754 0.408805335106758
"cg14317609" 0.0684310817523094 0.785982024863 0.0818771532802656 0.0819956099205877 0.0657913132463704 0.0644789757245921 0.0744094940429958
"cg08864105" 0.0910527695196185 0.900273318359859 0.211980803594995 0.233081467996681 0.090255500531375 0.169987944636547 0.490822188171566
"cg17266282" 0.132774839390056 0.907876825543567 0.108133695448251 0.111761698005869 0.129477476922825 0.184084425730444 0.6797557441542
"cg08560387" 0.0441012286039446 0.855190904637768 0.0961325582880494 0.0523612894234226 0.0400869401499167 0.0440335472664165 0.344649987976719
"cg03429643" 0.0594204620244858 0.869718939585406 0.0544432847940023 0.0601362811929973 0.057838952981195 0.0660602382316724 0.383327559810035
"cg02606840" 0.0988560504683148 0.890417195297373 0.0445295829089175 0.0473046225586906 0.0538568397801938 0.0636330664491213 0.519590645796267
"cg01154505" 0.939363154689267 0.787672411087876 0.0847512904754466 0.367547742222921 0.954062842114455 0.951154667250576 0.891198005245616
"cg00366435" 0.895360359370894 0.915054658355377 0.0587873665835636 0.223358649111643 0.904409982262571 0.879514241021229 0.782711987195229
"cg07679948" 0.948558848752072 0.957516598895442 0.138499915099487 0.312683677675318 0.954161324351487 0.956709996991675 0.940887445049197
"cg19001909" 0.946102192609095 0.958460156464963 0.108977707014645 0.194891847927159 0.952863358123637 0.917895122672764 0.888585211176092
"cg11848483" 0.896571845616228 0.893156550838043 0.0630539782634307 0.127457222156936 0.90365401434552 0.903314522360929 0.741162663343689
"cg16452866" 0.941939587697371 0.953130301040683 0.123831367950523 0.186567786402628 0.946249808826848 0.949565691181369 0.911386915210339
"cg01874152" 0.853289813577425 0.851688083093489 0.0822962706681423 0.450262199340007 0.859161952355083 0.798517010429361 0.632714907990234
"cg14522718" 0.917412917111431 0.942554693675041 0.0650130404578211 0.0748070010460626 0.920206768450657 0.721737779718319 0.91044876777271
"cg07133479" 0.84956286844081 0.88033365535445 0.12897948928368 0.614570198365018 0.830865182218281 0.82855464895443 0.764452882745109
"cg03388043" 0.920347936362493 0.944621194171127 0.0691880118520111 0.0839010572859516 0.933054235995021 0.713637953134685 0.873649748972171
"cg05705140" 0.886047972091243 0.778214994766428 0.0890239406129473 0.330862956595423 0.892475217919489 0.852756703360076 0.737340815008123
"cg18735089" 0.894587508335804 0.907331044777576 0.0827210178105796 0.11733977506987 0.906117354452407 0.841221669451156 0.764597662283859
"cg07970799" 0.921921664987502 0.926128510096519 0.1674696486084 0.558434842768033 0.927028448887515 0.769095788927502 0.838226442671735
"cg26166854" 0.849201180478795 0.877083698169555 0.104233629850318 0.527561938598789 0.874745440422449 0.631058579286963 0.754395718878788
"cg26852712" 0.903627956362818 0.913560421157745 0.188023824685135 0.551448815631853 0.913731582888203 0.886603220343244 0.886283803593539
"cg24841244" 0.868504874569732 0.894631724800842 0.0523806732932319 0.0722370383548203 0.871036738554885 0.761935640568999 0.712858901159272
"cg05931551" 0.861057999878407 0.878826436456028 0.189301960533185 0.740691406989461 0.869249391023974 0.864946559524553 0.814859544472911
"cg11710595" 0.867612067443068 0.89752389351037 0.172569117725481 0.645768732638489 0.880691856215773 0.856013565385394 0.712968317738004
"cg23357533" 0.866707814196197 0.888688636073108 0.134321387286259 0.362231892066407 0.87478706280946 0.877795408025066 0.862362865437269
"cg07110949" 0.944289917779093 0.950402893801709 0.162083204480004 0.203906418499259 0.951778046223865 0.917246428682347 0.949742595790615
"cg10837404" 0.903975527353253 0.914696207424609 0.206626242512003 0.622533905224411 0.907005691551162 0.900002186124572 0.892892044212214
"cg13750061" 0.856996338995493 0.874293076516575 0.0658119392007716 0.0779227528235845 0.867112728526492 0.834916684888855 0.72643845292169
"cg01490728" 0.828283322884065 0.847809869670709 0.066594745852992 0.214546545989341 0.82296503605431 0.842066575906496 0.63893823404228
"cg10558740" 0.872064459983307 0.899225853889219 0.0933516754349451 0.136482108959605 0.877261328540452 0.859727416913997 0.770139290389692
"cg16775598" 0.860541837661509 0.881805211796742 0.0905515943326164 0.182108162462172 0.873956014454821 0.85302639914452 0.712114157881999
"cg04340595" 0.904805254735714 0.945386978011187 0.0684876780183158 0.0989258778226637 0.923941772162595 0.579483479318013 0.793343687451749
"cg24662823" 0.880472438589328 0.897256048085088 0.10242058169081 0.281868827604636 0.883241845794705 0.724851992705456 0.74370149754454
"cg07015803" 0.919153801440181 0.9415278345494 0.164554566581623 0.223099163115145 0.9257328727858 0.937995975413751 0.872605376701238
"cg06915826" 0.846731932928228 0.857185500829488 0.0853848112752627 0.157611450546578 0.852228741911893 0.830208359419688 0.798231619945501
"cg21254135" 0.844938579364097 0.860688237561439 0.0911507361000283 0.230887335514519 0.846620422174057 0.828031217682866 0.648517841126024
"cg23896695" 0.853275376184644 0.8715565705864 0.0706156251701509 0.0895117654589835 0.835809535248728 0.82804296026618 0.682883084406841
"cg18650518" 0.886654188150676 0.892020333989747 0.0703739737962599 0.089104849621478 0.886780354731352 0.671474016737957 0.790907780849918
"cg14477767" 0.870368882666475 0.881122847728326 0.188282713940874 0.723409286791601 0.872824598862615 0.822086548934474 0.550084202734156
"cg24441810" 0.863855190320214 0.805514041008914 0.0831271582414362 0.0929968747377082 0.868835776148215 0.844802132773053 0.815304976703216
"cg09695307" 0.861062758986771 0.813615332305742 0.0740431753360507 0.160632026333451 0.853175737116876 0.79107948628315 0.656357229423166
"cg26400113" 0.849077233222077 0.866455909358812 0.0783976826297427 0.0973123041909726 0.858003532593192 0.814985694521435 0.704390269298881
"cg11162888" 0.847981347887227 0.88152253499776 0.0969348439793413 0.131965074527652 0.865848629336358 0.864380357345113 0.701872853000132
"cg14136214" 0.855889734199203 0.820045930853704 0.106008180137673 0.220123754029495 0.859216021400553 0.856569691108 0.773217280700479
"cg08338281" 0.871507168735514 0.86016067961351 0.110092063789529 0.133345843080437 0.888406955875316 0.844610168368834 0.848256142286321
"cg10240150" 0.836750844961396 0.87143131444901 0.0855286582787151 0.215654649763339 0.834343817001039 0.775071821015638 0.66679742025178
"cg05074138" 0.847280509121667 0.855091774832278 0.135989771852861 0.379751297554615 0.848403681252655 0.847557094105696 0.770611468187886
"cg08639389" 0.882458782241519 0.857096762509334 0.111285241314608 0.178325048861858 0.883552683914125 0.814957811184524 0.793701822986355
"cg15039797" 0.93796030821058 0.946343976147865 0.0838525776950292 0.316147464110487 0.942349580143478 0.276344425147636 0.851440862553775
"cg02387618" 0.889046749933287 0.911674511696885 0.112599982466166 0.118026993520813 0.90407036941983 0.801824427234156 0.764231288258036
"cg10111816" 0.832565891592578 0.86980463140157 0.072706589187277 0.0972168257809575 0.807364808864901 0.81365317278598 0.755388743757265
"cg17991206" 0.8544406520548 0.819196201032737 0.0895331089976277 0.252107084211397 0.845163217141691 0.769860856436943 0.660726430488727
"cg16193207" 0.84392777874744 0.859018977809006 0.0820623581129173 0.0977929882950891 0.846471797973207 0.807559996483999 0.789684115533345
"cg09526469" 0.854080994952777 0.743924129282911 0.0897625561626484 0.378825792793459 0.864032075672438 0.816397553941197 0.323465728508052
"cg27519392" 0.847930897711048 0.873144720255544 0.124919987259671 0.258047197420854 0.86771167009377 0.866543237796359 0.73874912329161
"cg24008435" 0.861104184316199 0.880858838907135 0.156107907119075 0.394364162990241 0.863259260829679 0.855839950413723 0.819318396926272
"cg07837085" 0.0873264545519967 0.541660177250721 0.807900739145188 0.742774298083114 0.076296718012904 0.129311773863077 0.43699027391162
"cg23671196" 0.0718887397835935 0.0638784036493575 0.826940213920593 0.84380999952807 0.0608097781152983 0.738617315991275 0.169864086496946
"cg24448340" 0.0677634293553366 0.128056959137803 0.876057132932775 0.880348357380103 0.0595250381061926 0.783585466065023 0.571098692052145
"cg10376161" 0.0760404221491873 0.0509414244667136 0.844813882338644 0.796808080343048 0.0791003590982667 0.776872820999612 0.444099601602356
"cg11666770" 0.325686902114269 0.300257009795931 0.899560993976381 0.851485602636253 0.293744487825446 0.300017179860011 0.224135556382025
"cg19369955" 0.0837461300702007 0.103802093624062 0.753649978530086 0.741614905987193 0.0786783556404679 0.253525420378562 0.388670909785462
"cg22742001" 0.0705877657099191 0.108180171501516 0.849149304657557 0.843751713699829 0.0668715549447801 0.697186869560929 0.413147997242051
"cg06650256" 0.0954830538582085 0.621069927108998 0.905587914973459 0.893156157593801 0.108501430102444 0.359471789117037 0.445503198326105
"cg01022219" 0.146616838963362 0.757654203112819 0.919334046872461 0.902018190575431 0.117657193071489 0.30308740659012 0.197510742806868
"cg09169413" 0.0825719066173629 0.0750198528663042 0.807170652710944 0.822181981963848 0.167520984269092 0.405351018138004 0.339327941490407
"cg20806175" 0.0796344226540494 0.868141042527032 0.854083331337199 0.636219875726311 0.0644327605836519 0.102040899841276 0.552234427354599
"cg22152931" 0.0903951888633698 0.0900623802049101 0.894859845283906 0.888160754367436 0.086775761178706 0.799027159943994 0.614836043033831
"cg12465678" 0.0901480268172035 0.672295858645501 0.867035795738341 0.844719068913302 0.0981441296656993 0.120787457862099 0.515111631071479
"cg15982099" 0.101095915996669 0.0826929825166209 0.869011580450174 0.873728760674501 0.0844571130584616 0.822812130109471 0.138844060143763
"cg21252105" 0.0986186523445847 0.897208873506273 0.894946462108969 0.844057967830688 0.0650793643065929 0.0876516932972277 0.476731848618779
"cg27058988" 0.0411573340892889 0.0345926814444201 0.6652320429623 0.517140132895044 0.0382112521674369 0.209731494941117 0.0763516100293036
"cg07834069" 0.0805456747730371 0.199492407477496 0.89232532660808 0.88889346349705 0.070990375670385 0.679768615074265 0.602782553706448
"cg27097542" 0.0873803904455541 0.271330587394858 0.818385989612932 0.833973458786347 0.0660460775392059 0.362358821251556 0.226143694173514
"cg16602097" 0.0729713659094144 0.0757603858270309 0.780352208107048 0.736168681506169 0.0853782725370767 0.412393934630408 0.296478313179534
"cg26501007" 0.129924665060751 0.130858538986476 0.829968838050281 0.803953291219849 0.398968962793428 0.130372872847048 0.406797688513764
"cg20281375" 0.0750057284538111 0.101325576984134 0.767624387789485 0.761851239034835 0.0658822971627061 0.350258431929312 0.140078083905569
"cg05228359" 0.0498616703473462 0.0451346595849292 0.735523423506653 0.723214578664586 0.0455140391932661 0.326776335317056 0.109096453256109
"cg09287328" 0.128601201484699 0.0819784706348568 0.949313762062128 0.945569043643067 0.233844798831602 0.80072061230073 0.631943328210622
"cg16261114" 0.088834255982159 0.19579917796628 0.833150922435258 0.822374413216092 0.0729313860921474 0.494524582712056 0.239059518146133
"cg01543184" 0.0950741864646526 0.219742297255316 0.795862018315124 0.848335647288352 0.0802351389034528 0.265815641644784 0.0894930945903004
"cg16922167" 0.111049868836132 0.252908667208243 0.792542090870671 0.743759176668308 0.0964204067857457 0.242139051479904 0.13439947374785
"cg09885622" 0.127195943583175 0.321855448942191 0.853090196221781 0.831693578869443 0.26947855105588 0.119762750612698 0.415797224715708
"cg23249922" 0.0829145807172916 0.059711465452193 0.957863853854364 0.95686214405403 0.217138757339908 0.892279381453506 0.593916912292308
"cg26402417" 0.0798592474285953 0.0892290900789382 0.832194435954588 0.837865738943394 0.0861301725421909 0.531832077915194 0.106842987880418
"cg16097858" 0.0952011864667771 0.0908493364681483 0.774419577984682 0.772451407807466 0.0974530029845165 0.210003184039025 0.161890829047153
"cg25031824" 0.0911616200016522 0.0693270017338742 0.80722509117465 0.796344598739612 0.075221580588441 0.434976087336616 0.117770580925089
"cg11377213" 0.0636146997799441 0.0926404553098475 0.863306951948723 0.782197515317678 0.0716773133708565 0.698824493664139 0.334757098539083
"cg18150584" 0.0653879184522931 0.0796050894750018 0.864611298689208 0.87186721008858 0.0611998642218961 0.704838067947635 0.129257850615969
"cg21495704" 0.0996804452466401 0.733394435115479 0.915986502591411 0.897674967339108 0.105378695883788 0.102393815725167 0.432138525891463
"cg27027151" 0.169807626947171 0.0572179765299693 0.739306377706789 0.453059454443035 0.175088331600877 0.13067870977506 0.177219256152214
"cg19628988" 0.0604100089183453 0.288118879212893 0.767454719673704 0.687344923279769 0.0827873701817153 0.0694576717951988 0.115339575039682
"cg26923863" 0.0600658819126075 0.612835804983068 0.858691041447039 0.740190889767021 0.0496260793670177 0.0775202283565721 0.55091983646373
"cg21593001" 0.0750826056954374 0.15307970826587 0.761615504811964 0.747520992066321 0.0561873522945686 0.112610094556493 0.0651872969332885
"cg25978218" 0.072100993205937 0.239840612041838 0.789224513633491 0.808067638592273 0.0625486456369821 0.0583895050779723 0.215285478303154
"cg23582982" 0.106876244073533 0.259057727658217 0.866093492944222 0.858103656801805 0.0694589872535813 0.342907663380517 0.269906885524907
"cg13468685" 0.0774458925245869 0.316045252858422 0.831552128357694 0.832697427820372 0.0675389108513669 0.110456897888179 0.387051804799172
"cg07598385" 0.0685342755427865 0.153095817573409 0.726037691310372 0.594338250274157 0.0516298108591649 0.040635853547525 0.0377410971990213
"cg02380585" 0.0428131585757154 0.034751021197946 0.725081091535224 0.747289016747578 0.0384267065883439 0.0432185973902299 0.0496702612026063
"cg09037630" 0.062126744930249 0.0524873217740641 0.762764856617005 0.761966751746656 0.0771365956985943 0.0613750149780285 0.197234878793707
"cg07785552" 0.0806523239419694 0.0609602282234247 0.766742673024395 0.644374461101099 0.0690500634175166 0.106438932039058 0.282641462176517
"cg20455854" 0.0954937728413087 0.126331555133265 0.762970761114345 0.659170399288559 0.0654320942576496 0.054593507036931 0.0544690489632093
"cg11787160" 0.161490989409226 0.166686880964234 0.883815232854158 0.86323954448851 0.148716528759619 0.257063557694872 0.153878192260017
"cg25729350" 0.0663115460445007 0.0592732571727408 0.773503152897534 0.671788215702455 0.064771160765287 0.132935788750738 0.111933398543364
"cg13448978" 0.0693777148537486 0.162249746242014 0.823266760096234 0.766051598454712 0.0577417953324885 0.21375561612742 0.0547820804488772
"cg04742550" 0.045017757030857 0.604850970762233 0.8303549879177 0.439312449047789 0.0412468504492965 0.0365918556514208 0.116705474489023
"cg00219921" 0.872383134274402 0.879796584164364 0.756102324794973 0.152245782886788 0.866637237183527 0.833715191017656 0.804869430599142
"cg25939861" 0.834831329001062 0.865373178922922 0.631958655294613 0.0829520345362898 0.857837802798776 0.622741339605915 0.634352558834094
"cg11531557" 0.871802153071078 0.887143777166543 0.771844631301035 0.193974506086407 0.878745257970877 0.831659310355795 0.754452143738342
"cg18483549" 0.870376801946185 0.808034192041021 0.543049325681336 0.152207820674012 0.871785998286236 0.877248969527313 0.808949841810833
"cg25535316" 0.854473168327482 0.867780747027477 0.598161219684149 0.150510879834198 0.847733409864918 0.770857108037855 0.721218554886076
"cg12655059" 0.848708819033232 0.829963818554519 0.248063469788178 0.0984734988598108 0.846304230682938 0.840273848650764 0.735152699263768
"cg02324835" 0.836590021372233 0.872212657233516 0.509864435474005 0.142561045336183 0.857592945441337 0.740575023455335 0.819563596756242
"cg02598071" 0.845142186655669 0.883099601814541 0.382400217837919 0.142282922194667 0.854533761099618 0.846176978673618 0.777117647127483
"cg25226014" 0.891961890724525 0.880208928891511 0.0646551973153688 0.071416767805777 0.899590240268532 0.574140312941171 0.831258668497746
"cg08450017" 0.924288937344452 0.941913469324716 0.221593826715483 0.113098433596588 0.941362685138775 0.503822074937963 0.787161803477941
"cg04394724" 0.868002190892781 0.870384560770825 0.764309283397551 0.197058900825522 0.86724233152303 0.608698042045719 0.86514021187448
"cg18174654" 0.825524411872335 0.869701755693324 0.773505013496007 0.213395331979722 0.847932901514767 0.85560789902538 0.612287789093129
"cg20661080" 0.831945086592126 0.87257347415369 0.0637002824601516 0.0671606097702067 0.853137407257448 0.697897403163989 0.685764420283679
"cg01002223" 0.907077960660712 0.913203824965601 0.807187914301811 0.2814514451573 0.910730266051414 0.911883589892823 0.795998392003918
"cg07545925" 0.858059267491399 0.831418524813845 0.05209148836484 0.0635753019679626 0.868099524963435 0.665045626851993 0.640810016440936
"cg26921093" 0.881026647017719 0.898131585103424 0.111567172077562 0.115416440859053 0.888176650573319 0.740780870758895 0.760539888129324
"cg06164961" 0.867755230935441 0.885430222292498 0.0677534011887718 0.0780136742105707 0.879804401192242 0.622229308748254 0.681903194495266
"cg26720010" 0.841509271886209 0.87573650220678 0.126516984202872 0.111457374002318 0.840990888629495 0.799989872466213 0.779854022075255
"cg26033526" 0.844124289134424 0.783810558357051 0.182548187616243 0.0769775445861451 0.862344175416434 0.63710775806368 0.673825242959276
"cg07781401" 0.878093904214764 0.879835554979847 0.154173358130538 0.144263182684455 0.871003226583305 0.84926285311577 0.813983367087374
"cg01949403" 0.848361702882492 0.85445905868605 0.81261871840823 0.246346796895298 0.849452137372578 0.835429714256627 0.772235285051252
"cg22765299" 0.839459430400514 0.812693615763984 0.0710212529337909 0.0850447012619428 0.849028306446365 0.738350722294205 0.76151256770829
"cg18149207" 0.848394718605095 0.887113784929886 0.457641964414805 0.171553170839516 0.847836544164143 0.741277526309102 0.707610384559796
"cg10977115" 0.883970068157277 0.90168536947561 0.309262474996824 0.101023557419286 0.887314449088345 0.375244353356747 0.721928998225873
"cg03002526" 0.817185214960491 0.864041978494813 0.102655520559301 0.106821409944333 0.823389966158183 0.796336345474898 0.779515166588942
"cg21407196" 0.835193180787283 0.859368270143791 0.100515791756076 0.109766107532725 0.816249321424645 0.793792556386404 0.793854010164136
"cg11210357" 0.840052511630432 0.829280995222219 0.0811457516063631 0.0985195242236612 0.839485081157343 0.741271416510989 0.80115227169089
"cg24402372" 0.822827695750002 0.840708169193218 0.111448704656797 0.095962655266545 0.836199093416255 0.726310136991871 0.708323278504347
"cg04180114" 0.822330600716535 0.833694639339712 0.08585702039918 0.118970517595941 0.859574582043266 0.842654634684646 0.779074683464212
"cg22277485" 0.866275586143443 0.875781185708491 0.103539921476639 0.118597079015478 0.858646895529428 0.723043818515899 0.780414252703301
"cg15935770" 0.0743275551820925 0.129870708550978 0.872001600347203 0.878584259694367 0.0869238697909314 0.785945011527593 0.462093398258843
"cg09145126" 0.0703358875836684 0.0671941789515005 0.690910499853943 0.785188691442661 0.0668462023546732 0.618452363253652 0.189203812554947
"cg21340621" 0.0719013821483021 0.247335366753689 0.583120185626524 0.752630123576911 0.090703442037269 0.342573937899376 0.168057253336608
"cg20048655" 0.0984183174781199 0.0767475396624089 0.640307101265973 0.796552297066722 0.0744321943541207 0.612348599391678 0.376770806844793
"cg00034336" 0.0472388271901175 0.047452520759288 0.627237744696842 0.650274606781247 0.0439735917204363 0.0341307358438233 0.0299556451146317
"cg26681770" 0.0668786158384664 0.0521443216687895 0.615945691593858 0.665682143893898 0.0624367502496802 0.077357065155212 0.0457927600365074
"cg16207263" 0.0716940688478656 0.0805451598994588 0.551596583329949 0.664288932254072 0.0660296934424979 0.0922224067455668 0.0593617155267912
"cg13854219" 0.0561194436761531 0.149460270042953 0.765307212962965 0.80564330484074 0.0842723768143663 0.543349744279198 0.208572652769878
"cg07799277" 0.0791420910893492 0.12494012704068 0.628143438512746 0.765512775059496 0.0775988689329257 0.477292030372825 0.128576338814607
"cg22948808" 0.0994460675530487 0.228596592789955 0.555220609876435 0.813293250897915 0.23022677462933 0.516813491745841 0.176690969202728
"cg04642300" 0.0645275863726423 0.0916509857121262 0.653613684019559 0.683741240688483 0.0602024160778296 0.0662989958732319 0.0711244801902097
"cg01372366" 0.0625421367673225 0.121793665630317 0.743433556219038 0.776802924368764 0.0532873082293283 0.387841173467479 0.348354056978665
"cg15381475" 0.0454523109566782 0.0405146920898163 0.619374846755556 0.710138866962743 0.0360295585514589 0.311676452142033 0.10828955289115
"cg20545410" 0.113336013720127 0.0892440564215329 0.793344707010215 0.832130679707073 0.303864425372368 0.293034447512612 0.438030177299974
"cg01233897" 0.0791241578658506 0.0603499677476814 0.705030164382148 0.740970623545545 0.0850385753403002 0.24848958888171 0.0868057780731561
"cg09914404" 0.100810683708828 0.233555907384148 0.669617638772297 0.752922953157856 0.0844527298380441 0.143177558953992 0.096787948502231
"cg23018755" 0.115923178686353 0.153127161503134 0.639719020101681 0.750364169061287 0.0862051794687426 0.19862644315212 0.130066603676592
"cg24401262" 0.0517063141097375 0.0420123441121701 0.781849500091014 0.809015610051975 0.0431607225950116 0.551099434200224 0.309287770026444
"cg25025181" 0.0564874388225119 0.252290601308541 0.747539094492118 0.779444026214914 0.0710646410739829 0.231486882164575 0.105353978312879
"cg09349128" 0.0801540443538748 0.0847091421461393 0.533227020128986 0.724110767698248 0.162581786984216 0.147305832031891 0.171540745636015
"cg17329534" 0.0851689320869248 0.717233992217689 0.137203890961286 0.810671298982988 0.0861684998007262 0.414254302155698 0.280603118476349
"cg25711558" 0.0501720821741215 0.0463917318235599 0.623827054280125 0.724188667631056 0.0474859889127086 0.197741348890429 0.0900354898185838
"cg24902461" 0.0704623373727234 0.0767628847759938 0.656973085873022 0.803740575607842 0.0698204515710952 0.435453749233575 0.263324127928333
"cg16563370" 0.109472181765293 0.138224156977265 0.681822973405173 0.780412439950617 0.082827385423232 0.103128516739842 0.0881470167589616
"cg22193912" 0.0532953621565367 0.0979982269204964 0.666888267397743 0.781259299160642 0.0419502842222902 0.142013029874272 0.0369925407403022
"cg05398700" 0.866811782110056 0.93731025716241 0.943395168527277 0.949043629171006 0.110895228934093 0.928456315296437 0.807156864796659
"cg22381196" 0.650776171747857 0.921290658665882 0.920955061106055 0.921198028799213 0.0501036681809132 0.895774848737343 0.775852861391041
"cg25739938" 0.854757420217784 0.896512073377807 0.897562103296787 0.894532878133937 0.0836100158673819 0.874867546593648 0.730325823851171
"cg16802439" 0.763849134295334 0.970223945366215 0.972539357727918 0.972574251429801 0.113372024590096 0.92838205654929 0.729308918183542
"cg19037107" 0.834464910687822 0.900644171844229 0.899286380932478 0.89819907327418 0.0945731450502595 0.875984560995503 0.756078635832514
"cg06270401" 0.804642621829207 0.898971073980038 0.893481148957458 0.894077792950958 0.0691882510385125 0.852051222673865 0.554882461471221
"cg13468144" 0.883044122039037 0.900224363813571 0.890810475711142 0.889217487205265 0.112472255307337 0.846753544361293 0.762350180058207
"cg05936004" 0.780359311121055 0.905389265466869 0.898009894737642 0.900234551310071 0.0892721492417136 0.845603030976099 0.691884802751291
"cg00705730" 0.81916378608575 0.870408167047748 0.86985046761032 0.855408143659184 0.0781041789075718 0.844144766336444 0.649606111417708
"cg01692842" 0.799478706363172 0.882570600576044 0.872563205050621 0.875769654148032 0.0795498054633406 0.835505407802094 0.655529557827174
"cg12483340" 0.736341617489026 0.883315571347148 0.886760439157883 0.883273497451024 0.0755875170677434 0.858500418775066 0.680314382532012
"cg00439981" 0.588664803854465 0.906492597677402 0.905395572357015 0.903820817085513 0.0655216043106683 0.886822381455746 0.763262806567761
"cg07409471" 0.756322812436304 0.906357606297171 0.901228700159295 0.909812598228284 0.102411512301285 0.878165076994132 0.754593062461411
"cg25600606" 0.848416165854557 0.906314984130714 0.902853946217573 0.901841429147944 0.123153082230384 0.879861144838892 0.729047171139467
"cg08154963" 0.781647415669392 0.872724246948407 0.871912925625206 0.867575354651962 0.0769030986252988 0.831059682397353 0.631595391943705
"cg15878616" 0.524167529910979 0.963312801313476 0.967476330611668 0.965369790397965 0.0998985511567735 0.940663818160884 0.820724704768677
"cg23819411" 0.733488924411276 0.928292170173405 0.924364403983349 0.928985073909778 0.110906945262396 0.891910948954483 0.684094149610827
"cg04858164" 0.8259096460591 0.894781782904138 0.889750565773533 0.892239800174158 0.117269562608252 0.876388445891733 0.761055667318626
"cg03340036" 0.745347091964262 0.885838109306787 0.885899287023207 0.886056783214838 0.0948731226100511 0.871861477849808 0.745291348662703
"cg10611016" 0.66463941661091 0.908131390123618 0.908672512076966 0.90267552672033 0.0884443146405913 0.887135486288715 0.696396347085313
"cg08253808" 0.700316579115249 0.872904570715621 0.882524543935522 0.887778758597536 0.0798698393243924 0.857368914480907 0.723830185424031
"cg07790752" 0.714686515416226 0.899732696984156 0.888872815402175 0.889291497561923 0.0783590322648926 0.844018143414422 0.572403813696794
"cg17852482" 0.799772009903961 0.867483625620782 0.872391418742769 0.868171680689648 0.0894947758646061 0.824638324347663 0.678529319950575
"cg11313468" 0.729715700365046 0.868282647256442 0.862874529875211 0.856050219587777 0.0723877278014312 0.814505232444196 0.727121843696982
"cg21685770" 0.638720077380923 0.896422734046476 0.897381359711933 0.893493703248033 0.0706797110922276 0.875475614822815 0.560357750211803
"cg05627557" 0.648025779212685 0.860362493731834 0.860266116506166 0.863100162556032 0.0530606532202407 0.843536412470811 0.573780782311503
"cg13595556" 0.62444816465204 0.903213941209761 0.900314646808134 0.898248178746495 0.0613581475368949 0.775015069159451 0.64839301167665
"cg11596902" 0.684706899930471 0.89830214926234 0.874942380966703 0.882236747812078 0.0872027722270698 0.846669180991238 0.658561498618217
"cg04609694" 0.785496218496512 0.869855518726101 0.866796733161528 0.862042912319632 0.104586083624193 0.841031974868943 0.729420627138634
"cg01699630" 0.857694185733612 0.878619953365905 0.876166686756696 0.88133229157235 0.128391645291496 0.848487086654356 0.708741255545473
"cg10487428" 0.727025587462361 0.88687671676509 0.880282153685016 0.882358254318296 0.0969996166757083 0.836675293067967 0.650043795438232
"cg25605731" 0.471461511957048 0.955919890680651 0.95441171078825 0.95399220724276 0.103741388178377 0.93214105759668 0.80948478861599
"cg01040749" 0.703158791925723 0.872166272785209 0.877535587007367 0.866806798357773 0.093821022255451 0.85488830918164 0.709220065599891
"cg15658793" 0.683502428526038 0.928568341616483 0.921770926258322 0.918876839187202 0.112877929189755 0.861424733929529 0.631264571452455
"cg24737761" 0.792528809424723 0.88002078985249 0.882363410995701 0.885483432371024 0.11560901693816 0.831928288523321 0.663795397660134
"cg19867914" 0.625758913241753 0.895052051905241 0.887772544521475 0.89138048552422 0.0814516223538036 0.823420296503264 0.668591553669343
"cg09418321" 0.760724895929611 0.875033061871802 0.864428411941273 0.865436155246879 0.0834164672605726 0.790186517480914 0.473437292889196
"cg09342997" 0.731469280052558 0.863057900572487 0.852510679326299 0.861107422034783 0.0986180649425271 0.836963745117175 0.724471218773947
"cg23338668" 0.8309243030326 0.878313028168627 0.871439585471392 0.876354437713997 0.134776972942721 0.862583946674518 0.651096377118649
"cg03766264" 0.847420049009072 0.876056327597441 0.865718128610205 0.877588048764695 0.145886598841696 0.859416066763939 0.777771399103795
"cg00660167" 0.815047957557211 0.952338753551818 0.951558186602524 0.951501312021005 0.200481824129039 0.935284095971719 0.828264651746708
"cg19055828" 0.564435126030623 0.86509072757647 0.872897582113216 0.864262017099409 0.077082225791727 0.85425351652488 0.705409498537788
"cg13785123" 0.803211642594939 0.953988867833186 0.951830649259734 0.95417368758936 0.199314897273042 0.941177595970547 0.806948594946108
"cg04855678" 0.538655589680751 0.899285506519944 0.911546753158944 0.910241091315217 0.0798379516819472 0.78390996026517 0.693271485476326
"cg18023065" 0.442831378318176 0.947024600344813 0.934641453382131 0.941590882486661 0.0998364366723081 0.910138754266837 0.711705014899619
"cg13618969" 0.854966830998945 0.882416756941145 0.884592970495025 0.883836407460767 0.155929923860713 0.866119160047548 0.687151986178771
"cg21792134" 0.853012873929713 0.907676634103411 0.909245786804118 0.899359471458983 0.176312526631687 0.887843719426924 0.763088300724408
"cg13396713" 0.616357878545201 0.886953366658165 0.881607280062131 0.886101562256785 0.0689435300751703 0.847628174109345 0.188057930499492
"cg12809098" 0.627985004318411 0.901048577205287 0.898694811872118 0.894310577851284 0.116150053615577 0.882282531244654 0.687732236187436
"cg12157761" 0.534777039579031 0.884378104460939 0.884093436186662 0.885018203992981 0.0771091024466295 0.85334660473402 0.594534041822368
"cg17322655" 0.774463001072333 0.429138192082388 0.0830939169737705 0.118769142904 0.920678216684899 0.553529003191825 0.718261019884418
"cg17843665" 0.0719859673358318 0.0653130628478895 0.208121116640964 0.466518713070612 0.705901357483482 0.232769595465368 0.374777157036983
"cg26404422" 0.7278129101014 0.222257421353419 0.0756684136402754 0.078651676384657 0.794029419098886 0.166402272842634 0.5642532488563
"cg17479280" 0.549303259176253 0.0625576093367073 0.607407586084153 0.545408223460467 0.917343231506275 0.148157830060777 0.786658821807151
"cg21774136" 0.656202008562737 0.21822610400326 0.200533272015249 0.267979750374131 0.855300309265097 0.316329401930187 0.368124914791533
"cg14480046" 0.838749065886441 0.193597818417566 0.0993699372934292 0.114652863807852 0.90566150036213 0.489423413558131 0.813471719455329
"cg24893378" 0.67306273742459 0.0638898394901805 0.132257340555712 0.0828485731703042 0.792047557663032 0.26119934331321 0.537616041964897
"cg26360197" 0.665658550912456 0.263871865530065 0.0543577801596576 0.0600514126150557 0.759210896531993 0.101019080641755 0.213448867406124
"cg07613391" 0.663863497335598 0.250819547687977 0.0719066492020703 0.0760493710048151 0.784788260497085 0.140900511095774 0.440176277575227
"cg25133951" 0.451432649975874 0.0610708581196845 0.228113323482694 0.112439128517477 0.736408768872173 0.0981789275634448 0.523645759827812
"cg02368508" 0.293091168600976 0.0421589230756479 0.417951867672385 0.455346046180247 0.811520502287546 0.226385557486958 0.458717841443526
"cg23280720" 0.590796372469977 0.256933242132275 0.0423878757172114 0.0524014183679826 0.812134115595593 0.365108599386589 0.611431397047598
"cg07018090" 0.221174393801971 0.045454276549625 0.585658732883277 0.540672774171155 0.892244600041958 0.402066920215986 0.695879630683186
"cg03889044" 0.475269416063921 0.352673589274958 0.0742480002926704 0.0941046627228771 0.837512825407624 0.438568845324198 0.593081195503432
"cg26106166" 0.671029686901881 0.185263717845717 0.142745878370543 0.118395347848202 0.792619006105864 0.109653754010275 0.213071776468302
"cg19190593" 0.105583448022115 0.0476408552985277 0.215685900299021 0.410136786589906 0.795561933981496 0.484147198879099 0.627416577730716
"cg24310395" 0.614318875877528 0.313431703195042 0.0593311042030159 0.0586394460802529 0.774134920594464 0.0831981247248943 0.23893101872717
"cg18920397" 0.645169148137029 0.215479350957476 0.0592973096747471 0.060021324980914 0.795482392616792 0.114754939001087 0.513626663215933
"cg27051683" 0.489804104910309 0.410681572247403 0.07917573932669 0.113937776797405 0.88328579582426 0.478195877671442 0.652140927545945
"cg11354682" 0.112982443604217 0.0597154019025527 0.483922036680117 0.535520867745894 0.823630280660088 0.121136970117777 0.666398210991105
"cg00754552" 0.108720816232802 0.0809959189848654 0.39263110289245 0.384112346500802 0.803590693998683 0.248855471936013 0.556949131854401
"cg15535471" 0.45959361269925 0.392039822307119 0.0999794614442269 0.16345025685257 0.812725832115975 0.0921062116449496 0.295806211446373
"cg02212836" 0.163299788362324 0.073812706519148 0.0807824942747666 0.0918876166226044 0.727461531428256 0.243522874103549 0.649750685992859
"cg03526142" 0.716011249388252 0.389047374155941 0.052603532393113 0.0538294660997555 0.850321422517638 0.0802138147887112 0.335406863411724
"cg00795812" 0.235756068588826 0.241733584830138 0.0770038252314062 0.0956786258537932 0.796710375081092 0.411364692378517 0.506354570256985
"cg10699171" 0.539450308698756 0.16080480340356 0.0797215261080918 0.0824556580991832 0.817649045794091 0.108972882127538 0.564359035601632
"cg09993145" 0.0909792288041766 0.160670909670297 0.0649862278039968 0.0626043366571823 0.750550755251533 0.0914386632857738 0.476165027692893
"cg23954655" 0.132117995981068 0.0614558929481083 0.0594395541826459 0.0692327170652489 0.770585206268147 0.151346661027086 0.552084838619311
"cg12811871" 0.957888030028829 0.889268831999774 0.951948292642805 0.896472457922765 0.964796635192301 0.145627577347418 0.750588089493305
"cg27582527" 0.835446901975803 0.852878345688824 0.844625886152559 0.813104379140453 0.841707819777838 0.0670341647284185 0.55890729843256
"cg00805874" 0.935186199365616 0.956316716888625 0.929759877376129 0.82640361439299 0.937898162780126 0.158485771789557 0.763614497444082
"cg25383568" 0.927118349358196 0.930580356060212 0.924556084186684 0.895361290284971 0.925853678395086 0.16979936311599 0.807330661523311
"cg27274718" 0.86681567836953 0.885098920934568 0.880285381515068 0.853351084015502 0.874588839694629 0.118653634434744 0.699631427641281
"cg07307830" 0.868411056978237 0.887130246519682 0.869587151760294 0.805227459600439 0.877578215733052 0.111393026342174 0.675136636428375
"cg02384859" 0.893831399599828 0.896825867627616 0.888645704234817 0.856585866748575 0.895058711840829 0.137837443758038 0.682802382282152
"cg06202778" 0.823485139904636 0.892550589565593 0.882188905951243 0.852163372357767 0.858466833288785 0.110426142219366 0.627628729764158
"cg22749642" 0.893184292477411 0.917134210555962 0.900044515679081 0.882014728988737 0.891938516973857 0.151315025882476 0.713801799085725
"cg03538296" 0.855365348858503 0.872764936107808 0.856656563034507 0.783054096628041 0.86655460011248 0.103777078253347 0.682123079522069
"cg21634628" 0.876680281594562 0.842068056079768 0.807720805060784 0.813986439832578 0.881862119063827 0.106741227673424 0.679039611784391
"cg06040872" 0.881487152758363 0.899084286407966 0.892518310280463 0.858382712643566 0.847328440872758 0.137026283118923 0.717469361185227
"cg20657709" 0.872009539089429 0.874499159234611 0.875924812179985 0.858738881873015 0.871400861994794 0.135086896070077 0.669669721661539
"cg24408769" 0.776442927739771 0.937038834986746 0.915858155484034 0.883437060647455 0.806276062241999 0.131345935380826 0.779247464921018
"cg26012482" 0.846038566647885 0.874171472934129 0.790833278015749 0.775090032591935 0.841679467383133 0.0954930670950522 0.664635819972486
"cg11335172" 0.902345240617834 0.914483973680949 0.908442998784046 0.890401802390689 0.886681634703284 0.166396124030866 0.686087815883882
"cg05875239" 0.876334803636387 0.882206209061809 0.874110550881985 0.859749321254294 0.883572773948557 0.148319966372189 0.766816237695445
"cg27309871" 0.884204981828558 0.888420290715704 0.884207504166324 0.85427227241735 0.879178632390398 0.149168582759366 0.724363839404888
"cg11978441" 0.849084008553023 0.8717033378253 0.800153601094936 0.72804977878147 0.863981497688419 0.098727124902357 0.679659893405871
"cg13613174" 0.867526238510451 0.90020180034268 0.886231540500195 0.862322994560611 0.819311694763365 0.145851538777944 0.766189991399888
"cg24578857" 0.942345902919718 0.939072757767845 0.90338940994836 0.849934020921007 0.939392825956682 0.197651669998179 0.823719024386425
"cg15757195" 0.860090804983065 0.880095060258199 0.863099329946049 0.851452735001387 0.864901408086076 0.13803618234251 0.641596080275195
"cg05656688" 0.897601902548784 0.913411230556485 0.864252303833233 0.739674988918522 0.854312143035536 0.135787192522259 0.697996673359844
"cg05593759" 0.868575300634531 0.881820221615391 0.864462529235868 0.826716619858373 0.870706897651034 0.138203822317971 0.635054188167749
"cg13617280" 0.894846266435246 0.923425088426919 0.915616759170815 0.911042452348907 0.878815465599141 0.178014958011061 0.652035930200676
"cg22488278" 0.88212681582973 0.866829989172975 0.883171934418964 0.849743564380892 0.885795417153774 0.157250988780887 0.756287289321558
"cg21828319" 0.873066834303322 0.824047556640313 0.87684223322741 0.855640952104574 0.883046412202529 0.148894037563167 0.785234967835368
"cg13995453" 0.858255907029578 0.877562747490288 0.857691144594567 0.7867665527917 0.858888102708204 0.127327542255081 0.655648842613921
"cg21474838" 0.877213338761901 0.893633749390746 0.872514381892194 0.853141886116207 0.884139352150544 0.158005409849129 0.726053337278282
"cg02150910" 0.855137665472955 0.868182350578007 0.865176329048455 0.828968470618673 0.843061234156511 0.13156086773926 0.657732745706789
"cg18672716" 0.849594461433007 0.882043291683942 0.875624744956221 0.825880011620213 0.843832551633307 0.137294028067477 0.694979433816235
"cg04784635" 0.879993880959939 0.900585177579319 0.825174763565533 0.81063420791608 0.877597344147795 0.135529612064909 0.585198676723942
"cg01940139" 0.886275724220714 0.887235772113269 0.874707249598323 0.846400499181831 0.873790827622691 0.1582669275503 0.724550793980292
"cg26275360" 0.848755338684715 0.865203397827259 0.862552291341941 0.837855385257439 0.864984473313321 0.139728500876521 0.701439586561467
"cg21333217" 0.955283859892102 0.958642134030121 0.951640459791888 0.923632386161199 0.95784476491296 0.238742922030877 0.874127556602007
"cg26227465" 0.841453336581408 0.868237554127402 0.840595711828577 0.753182551564402 0.854339994250998 0.113650662263437 0.609189148380937
"cg14301562" 0.860321172020735 0.881614683459723 0.866549423039248 0.838069945575478 0.815188594690565 0.131781036153813 0.565311139743249
"cg10796068" 0.844953152491283 0.877257920471216 0.865694140148949 0.831776937046285 0.854389689898663 0.145707732703843 0.758828472457823
"cg13917614" 0.895291229797113 0.902179620133115 0.888959653552963 0.842200982475515 0.900081066869887 0.17321312571847 0.69854353229787
"cg14058851" 0.845128544184272 0.89337868858346 0.87723021906845 0.856978311833854 0.860084106894965 0.157925201805341 0.762142986352416
"cg20987610" 0.780899298095016 0.889563946232565 0.884619890248474 0.876178730570225 0.882505133518935 0.144652873159032 0.648901820447836
"cg05653887" 0.857762495924026 0.879240665911835 0.864564939286778 0.833435377721697 0.861831868713187 0.142784825287076 0.598654833648896
"cg00719568" 0.848588118382237 0.821983791994551 0.860338122134809 0.839672815070366 0.858750509266886 0.10959497654265 0.233584066169674
"cg18310515" 0.864822618340096 0.874705985446433 0.866987989384926 0.839786688840156 0.877312949132796 0.150340834768629 0.611575381007378
"cg02663352" 0.881621190615668 0.876117659080269 0.875253456289185 0.852521614501503 0.887417701022531 0.172911379910902 0.807348876436132
"cg18352710" 0.84393334901659 0.871798593444615 0.864551223975854 0.816763319257491 0.860704692676606 0.138717154993843 0.599935920892448
"cg11650164" 0.866943774924585 0.891280176514072 0.888534252811229 0.851952765779428 0.860086197479747 0.142486274643701 0.346940561370616
"cg06022561" 0.852017431432876 0.888689464925158 0.85791048592065 0.845197172582895 0.819084936358667 0.118995258175139 0.249422905119972
"cg08985282" 0.874744428318636 0.875144710775992 0.869160330890755 0.829232627027552 0.878945541560493 0.160806196472355 0.718711237881899
"cg26678144" 0.898322514274323 0.730432510969288 0.901395423829918 0.873243553166028 0.903015024801841 0.158991957453491 0.670854899690776
"cg20049422" 0.0790720395843415 0.0737011592007354 0.82733240205883 0.862222213042909 0.159052854446816 0.858130431834242 0.341451105804736
"cg27122888" 0.0707954813819639 0.0894394054108206 0.0829382410851145 0.134870414222186 0.0738314126113995 0.574022931700148 0.220496923729783
"cg13318771" 0.0694057444674814 0.0940728603286633 0.131051509089227 0.165302787985169 0.139027984952906 0.597500597998822 0.146807470401945
"cg22729539" 0.0590505925072524 0.7833463946652 0.197042452657544 0.278896042373864 0.0534916062886236 0.73317686389507 0.150854592767509
"cg24728803" 0.0999224972370396 0.117404694622572 0.44190646127381 0.555607792448971 0.0901881899998332 0.726420629164457 0.15445833258144
"cg03677056" 0.120633851265949 0.131094401703112 0.629421055440851 0.695842095593368 0.112121515004717 0.797920756231703 0.169685471319531
"cg26823762" 0.0591224711729774 0.0575469032580915 0.152031317927276 0.328168131269883 0.0588245163825978 0.608405327119101 0.129492275489591
"cg06101180" 0.133863823742605 0.139150031259677 0.333327053939867 0.270596005268535 0.122275742979454 0.677898154276474 0.17366054964328
"cg11948905" 0.0685810527145218 0.2640336340789 0.397499359916836 0.479391381999704 0.0506128095620681 0.742332792725647 0.532505836232375
"cg01447281" 0.0668286091775461 0.10703881174909 0.0735735611379238 0.114261062958925 0.0730988544144794 0.577104500813816 0.155667415354136
"cg07675477" 0.174399307296039 0.183979638413162 0.251959791430508 0.342939931310273 0.169732438732193 0.709345612728352 0.222811304924948
"cg00629585" 0.104810421104468 0.117669320007801 0.151309691414849 0.172711536401653 0.105293757330666 0.61943205297374 0.166920030363052
"cg25887844" 0.173525472326485 0.475715311812444 0.229844663374269 0.280728704394719 0.119783101903708 0.745627840645839 0.369378347120781
"cg07687131" 0.0849669229232617 0.0760747895608719 0.494548253930387 0.557376419410671 0.0780969177449693 0.729811155213494 0.114062569362081
"cg17801864" 0.0834479639054526 0.0991883732981407 0.221657223981071 0.329888183003806 0.0842115932160828 0.649393841438146 0.179099069712958
"cg19736900" 0.104835880063622 0.0989801760305331 0.438319393373627 0.546345840514993 0.103084537819479 0.737416368653913 0.205722966817288
"cg05608790" 0.135910474232565 0.102299753416613 0.281162712531595 0.554232258219256 0.233493160551535 0.745081607426803 0.248136612201857
"cg10491452" 0.0617145698093233 0.0618370037795749 0.153398613903774 0.247677489756722 0.0623319268399537 0.605228971140151 0.114144691760314
"cg03339537" 0.107954790379838 0.112397287396857 0.437976529942766 0.317851072973884 0.108557671905305 0.700383567286874 0.161053790358
"cg11481582" 0.0545237668332064 0.0417508906518253 0.379853389990859 0.44211791496567 0.0564015442029555 0.682100438443419 0.140109069428067
"cg03780927" 0.150842239535616 0.275443986486686 0.184738929959639 0.15011637932946 0.153497720058205 0.679751936346213 0.140326537652732
"cg09958402" 0.053520778295993 0.0517628711367091 0.33943562552233 0.494671360489771 0.0672602628011059 0.69576270825016 0.208136651941522
"cg17087974" 0.0785163588322743 0.0697574161862746 0.437889620743571 0.61347287322707 0.0726460177863115 0.749836679317257 0.292192963040874
"cg26348226" 0.06780075552549 0.055871453899418 0.264686825862132 0.427122198951548 0.088836917709439 0.678284489084674 0.196666883959512
"cg04887172" 0.110640137945646 0.113972222452026 0.364087598400949 0.413727007215685 0.0888945794047782 0.711757686182525 0.146763684745594
"cg09747445" 0.494573632632669 0.155263994736313 0.186176715576163 0.129479562707899 0.517594997110508 0.815514415155572 0.327278902647888
"cg15356966" 0.0631178573848104 0.0789484138293132 0.244797303606547 0.164239944065113 0.0637178746631368 0.628924578030356 0.135601265918128
"cg25045219" 0.132187741929977 0.451797994935128 0.105782362785513 0.621299730718992 0.161473307253089 0.787506752979986 0.205430992090624
"cg22589728" 0.168048850167022 0.124218909002233 0.175352104647605 0.179911803818163 0.196281180226413 0.689244022610125 0.216585613697181
"cg09101151" 0.145408926325053 0.0813174620135755 0.220089420908106 0.275621683193937 0.17112278416208 0.71152345271878 0.419294905511258
"cg00084338" 0.156840526305078 0.170752992674506 0.118113944038603 0.399222735367199 0.137267304390231 0.711505838131141 0.145813158519223
"cg26971042" 0.113112400230028 0.0504240566147387 0.0605903853260934 0.0592215966504967 0.122459927305145 0.61348582127878 0.127576978696209
"cg22897715" 0.0443458292569222 0.0718685254979618 0.223954258955828 0.23184661800269 0.0403058084448088 0.649263934762409 0.114181624618221
"cg14649507" 0.100990073057009 0.0817862202851498 0.496636439995281 0.479497134326438 0.133110152177622 0.796611031531572 0.372230579401559
"cg09001226" 0.07576800876891 0.150637847342669 0.217318277098452 0.171008849436466 0.0713646889834778 0.700875677150015 0.576321561708341
"cg25817701" 0.456300957033079 0.0407520580781517 0.225517139858179 0.182955009980447 0.574734333073324 0.870262925585899 0.596640977270356
"cg21232161" 0.209664997495894 0.0902409125562245 0.265518036954381 0.343216416300096 0.0887250891855597 0.767776563057528 0.50022364407333
"cg22442430" 0.145566829673822 0.0917883537851307 0.103204029428101 0.117253276138568 0.314116059783007 0.731950044470159 0.522469843560312
"cg13404688" 0.0867863002060006 0.13684288875742 0.344707880003593 0.558984101927315 0.119476012641688 0.808099639556386 0.369391401791438
"cg12273325" 0.0560711876389009 0.0650865727065521 0.0966544479004868 0.179202889650387 0.131065650136129 0.672571307193613 0.216144897120712
"cg27218978" 0.231871955359078 0.150137635120269 0.344414872996059 0.461177417615434 0.0942846746036323 0.833066651294961 0.517120243919804
"cg03837680" 0.0509048644033537 0.0597694207871122 0.122401259563748 0.192695588225963 0.0439848191472718 0.668923150021613 0.305934107644064
"cg11173131" 0.0516858078180467 0.0572167680943332 0.230752463027336 0.334953212813124 0.0484949232876849 0.709862770344807 0.179435838500627
"cg18881723" 0.0649872274689475 0.054499807589261 0.058123096039318 0.162955286268496 0.0867468775818851 0.681132085514263 0.225326247038256
"cg04179740" 0.0647936236754134 0.176893843577606 0.069600961821413 0.0720659349508102 0.0691185262017879 0.702146911151589 0.481910043777593
"cg06117093" 0.0765958027255465 0.182555509781287 0.180028680560416 0.361834722221761 0.0948834799178145 0.798501852745948 0.599919413155018
"cg07381806" 0.110742769931033 0.0882516184497184 0.129197116505059 0.156933718412764 0.271911247269136 0.776280529538996 0.505886653456479
"cg11358405" 0.0492357637444656 0.0441823271546376 0.207834994368927 0.320355192023617 0.0422360330482003 0.74902542468187 0.158165961440559
"cg17766305" 0.0532422377743554 0.0489123252956868 0.0882504885087308 0.19689451520317 0.0855506695292306 0.826558465236331 0.193274132838121
"cg25105522" 0.893397483865699 0.920571965447633 0.860708271396105 0.872900887116285 0.86784820019241 0.860531975184281 0.191275150984896
"cg15974642" 0.877914409982238 0.885831650461166 0.8849462994462 0.885109774096935 0.873771457377477 0.877847312854543 0.239119897092986
"cg06768361" 0.85552086570301 0.934122710910382 0.933699782058321 0.931823173029941 0.878269383348675 0.888671241682302 0.261876763663975
"cg18168751" 0.960397106158802 0.961896280373937 0.965650707820992 0.965806334846309 0.958370475346172 0.964030475830523 0.32531199621948
"cg14203426" 0.927103056586329 0.942595969607402 0.946228469526945 0.940632631037159 0.90867614360906 0.923013042557009 0.305362714399705
"cg03445653" 0.88881686656026 0.900791394795123 0.890627662292453 0.900240201181403 0.897283130296722 0.856410024096182 0.269433293061349
"cg00344445" 0.774665545923926 0.935342767186839 0.947215096958467 0.945581838003739 0.497227912276272 0.907903431035598 0.214197936847869
"cg17052552" 0.887908620998327 0.897873941216304 0.884262041778836 0.880073177720085 0.888953953689675 0.878850190671965 0.273687895648633
"cg20151221" 0.915684519280046 0.93186979966757 0.903386139133061 0.909922166922853 0.919909757207032 0.906899142822998 0.30391889811404
"cg02349468" 0.920146566439248 0.931187348817338 0.946073853363142 0.877706539040144 0.920152551807121 0.941097854738878 0.312683382171726
"cg23678058" 0.876062835528765 0.897953955622036 0.885981501435925 0.892346548061365 0.865474334441365 0.841459947245583 0.272737250884277
"cg20555305" 0.908872709224407 0.919243311289175 0.923122664412948 0.927267266415745 0.906911723522359 0.922186571254351 0.31581338629289
"cg25580656" 0.95083548259504 0.958132909068973 0.95647667469083 0.956184376279559 0.952781917758735 0.904535597369325 0.345513060145751
"cg14160419" 0.71615219996626 0.911755526256896 0.911760699523285 0.923851318849292 0.850524990138483 0.898261197441474 0.260877535924139
"cg22353369" 0.874952809878196 0.882408403640117 0.853574186501257 0.868409703279979 0.867510469225264 0.872742176847275 0.269233047098251
"cg10594510" 0.952384240905595 0.961570765062715 0.963171001157491 0.95910902521113 0.948658261766804 0.9106171899414 0.349574410130834
"cg19586199" 0.906942726440045 0.945801653930793 0.942504183256626 0.942020276747077 0.921257406479653 0.93175543151937 0.332875841943862
"cg04643690" 0.874413814312731 0.891527115032221 0.904270254164073 0.903195466789379 0.859013810242651 0.888729014903994 0.290501287078872
"cg26811065" 0.86328887045415 0.874793939378318 0.870409006527173 0.869992124625405 0.85390765470446 0.838044320416785 0.267834514640552
"cg26159832" 0.807782701656323 0.872860555146986 0.872955030467799 0.873832696950231 0.786707030242289 0.845770428698421 0.249399308765472
"cg13928485" 0.821729262166997 0.871705599418157 0.854141812330178 0.852191881180708 0.790741021059861 0.810147624494914 0.240961024815617
"cg17687789" 0.884023506151202 0.905149315189523 0.91047929505375 0.910226032173722 0.887759098899498 0.902068593888795 0.309461000983251
"cg11759194" 0.873418467888351 0.880758655015652 0.877415821428909 0.879463217480656 0.871607997221964 0.86903856993594 0.28671069104294
"cg03767333" 0.833132640251654 0.867503285539125 0.854433117113392 0.860003775553175 0.81972295084855 0.809367927206053 0.252227574833812
"cg14166189" 0.87063075448967 0.884316100387125 0.883328315812763 0.88351081663223 0.881531687493024 0.844327203279842 0.287370551262913
"cg12099546" 0.880289939911178 0.887481437154276 0.89514871680099 0.897611840309665 0.885443818066911 0.889923173400658 0.302229922112956
"cg00529757" 0.880857102906997 0.883916801651838 0.88303282749608 0.891349133070452 0.874793749292566 0.877950437731509 0.298431102195498
"cg24134897" 0.907113795764031 0.926289499169954 0.923045056718594 0.927011941665529 0.91271731217005 0.918643089322263 0.335572694221911
"cg10018933" 0.87255600481911 0.896914718247973 0.889924816600282 0.880958572073444 0.878723342537766 0.887242475254893 0.30175980195596
"cg04120520" 0.858989455865958 0.877651000614884 0.87607074472454 0.872124470457858 0.833302474687916 0.86433018110963 0.281324729361148
"cg26876834" 0.881843270236241 0.900800826302383 0.88466225033803 0.885571195610403 0.873938284081209 0.887275902002823 0.303717673810396
"cg14267862" 0.825923015520038 0.864697304440699 0.870546060269892 0.862047820846624 0.805776011277173 0.833634818168644 0.261259974637219
"cg13904968" 0.867458327716682 0.877311163032103 0.881180859799509 0.878207971749094 0.860137088917074 0.862131981542133 0.290138989787853
"cg21768884" 0.936389647612751 0.941703709634621 0.942466350309791 0.943341764544962 0.935093263067413 0.938815671942151 0.359138454653909
"cg24108508" 0.865157995103443 0.890874408357826 0.899339580294076 0.894582846901589 0.790225966524652 0.881524552878529 0.289478192799118
"cg07149267" 0.898662741222062 0.905454532448992 0.901980479365348 0.904357052695322 0.899058087518839 0.899198596869017 0.321195004553256
"cg09899564" 0.863831731196144 0.870905657093881 0.873863592834851 0.87734383463807 0.857262969140367 0.868335566792102 0.288236237829732
"cg16666745" 0.887798613816374 0.905212256803526 0.900103387096653 0.901155795551648 0.888395267618807 0.891954506532096 0.315541502763457
"cg04228042" 0.879527052298785 0.896209295883084 0.895436882941938 0.894137832018365 0.880596491743926 0.872639150795718 0.306470391199176
"cg11926444" 0.941086173237857 0.943906074032722 0.944813458528388 0.947972694736399 0.932656757850511 0.941635455302585 0.363572395219629
"cg12973904" 0.862697586448906 0.89047901326895 0.882782760046206 0.876259925731575 0.86604800658649 0.863088234798207 0.296906859424106
"cg04276938" 0.82949250395077 0.894909449926149 0.888491604853816 0.886104077352545 0.784095905500157 0.817814921014978 0.272858678258133
"cg12077754" 0.866477847224019 0.895470249432508 0.890171754640292 0.889062618260839 0.812583483771993 0.864927983006736 0.293642712773517
"cg26078436" 0.812488575728812 0.851112971753367 0.848211260839478 0.844062863590839 0.814719185215085 0.826980738904564 0.256411121248254
"cg24928687" 0.874793298796371 0.897356678439427 0.896670748103875 0.893172053605513 0.876973402735678 0.809650770552616 0.29958751125044
"cg09846625" 0.880947857200529 0.890440225517938 0.887289531399739 0.883516218882873 0.877018407600939 0.884638676829696 0.308634146428458
"cg10897459" 0.888238370083508 0.922989561765274 0.916941654479123 0.918461946776493 0.883048366137773 0.903137699991111 0.330084210647988
"cg02814691" 0.873448179567915 0.881435545236017 0.883014725321188 0.888854719321314 0.874851506622291 0.873233074956046 0.304586241117208
"cg17927096" 0.838843003467671 0.882990136698193 0.873784354822846 0.865883074027769 0.847180443754535 0.870999720666232 0.287809721388427
"cg23044178" 0.831059732264561 0.874215951854113 0.883425976937202 0.879897373319095 0.748077386311867 0.795322951689021 0.26087352083036
"cg04754652" 0.11089754312129 0.102717110220009 0.0617831091506469 0.0665162499961302 0.237635754402981 0.0769365185111354 0.457577397582485
"cg03094728" 0.148548765344395 0.326688760314051 0.17160156966662 0.140815512286881 0.142013774441082 0.139229404378006 0.525622783903431
"cg03638781" 0.097727540690628 0.0980776171077627 0.0858534479758522 0.0766386854662343 0.108940361786507 0.081643747670285 0.441070882672539
"cg05021589" 0.0755163566649287 0.0633407133617595 0.0780799027903455 0.102598407690163 0.47533127820135 0.177999034496626 0.510044288037914
"cg25700533" 0.189497592324673 0.05944783541385 0.379293619287284 0.208530674576875 0.268513215490965 0.537787533425126 0.622300780430601
"cg19918549" 0.0815573349639728 0.0548670723824282 0.0565170698863252 0.0547235636991467 0.177140521750464 0.0654171953811221 0.434606017308359
"cg09742465" 0.0584978360083429 0.057817149459811 0.251782078629662 0.186295565470556 0.0612600806687981 0.0585510213794092 0.463690358856084
"cg09458566" 0.0836561145182884 0.22487502060032 0.295491843144841 0.294658974822032 0.0844917602272336 0.140583512355232 0.535951554328811
"cg27485596" 0.35685963580881 0.243980066631457 0.0931936652152738 0.106986356229334 0.456759373276894 0.1785371917717 0.600324436748258
"cg19233405" 0.255212669910707 0.0331617938474758 0.0336811847062876 0.0733280373245428 0.29143051280005 0.388313997406509 0.541044670015691
"cg17707057" 0.0820507482922429 0.172324041517466 0.070109967641619 0.063898833474885 0.06148898373184 0.085978952264411 0.450266096004672
"cg13538637" 0.29663036392393 0.0824336770934383 0.0927426158102915 0.105296721840733 0.299882278252812 0.358298684283059 0.572599745900712
"cg05614346" 0.0911625136763303 0.117816762469453 0.0678801473971936 0.0729237749897506 0.0773808043268138 0.103750207586746 0.451590865119641
"cg09977703" 0.172596059780507 0.274289705891833 0.0377117067156506 0.0409410213217087 0.141346667988275 0.0535526132635742 0.486198890212375
"cg22184990" 0.0555379550620361 0.0909879684546956 0.0851110324707705 0.0727909459016353 0.060834427416013 0.0609290280474932 0.435124521766779
"cg04466898" 0.0594830401868689 0.0601570185264134 0.0631938088320137 0.0658394763577287 0.0623417788724929 0.0566595740560639 0.428741154992394
"cg13962347" 0.0621566875665774 0.0527859859317634 0.0459810832563634 0.0463836379346327 0.1184459493541 0.0516992816554464 0.432896098197413
"cg01099825" 0.309688303997484 0.112700800444095 0.0976018696131353 0.0826753864146771 0.43219107298211 0.354055863870872 0.606877277610251
"cg24138325" 0.256153455838764 0.0812981801018502 0.239986502675821 0.180688658622211 0.108121884936487 0.429867368909443 0.589209883538272
"cg20660269" 0.193711357672405 0.0425099293334325 0.0334998596301026 0.0398939229260003 0.0494752959787321 0.100129531971352 0.459763491046266
"cg27540367" 0.0633197169165589 0.378648706139531 0.132589961370538 0.0736275986405344 0.0606079279337789 0.128705873031683 0.513831559553387
"cg08726900" 0.321957667775352 0.494974977236303 0.0742406066391838 0.0706678776213226 0.425469396326631 0.0986872085692225 0.631047348651574
"cg09729012" 0.17487560459726 0.157143558379312 0.138780231621706 0.151693772754646 0.132279540976631 0.1543209361731 0.533278348942709
"cg10825530" 0.181188932439268 0.604305934692165 0.149385321829468 0.138567948718335 0.343292287903008 0.117815901833353 0.633356850053638
"cg13203135" 0.100345916910544 0.076189571889724 0.0770063118170747 0.0765589690023218 0.486717625577797 0.158425996744891 0.54295309800756
"cg08574423" 0.0666443050476787 0.0368329724955588 0.0355286384489402 0.0436716867014473 0.14023068010617 0.138882709167068 0.468857231142503
"cg11630392" 0.321470502058363 0.172372806543957 0.0846359405732085 0.0844983699202417 0.52280352200364 0.115799915014372 0.618482324405375
"cg08317738" 0.115226778244957 0.119331578297958 0.186199906102527 0.240427507719544 0.122977085089113 0.131294660774731 0.548570184047016
"cg03422583" 0.0437855157017382 0.0454232441059399 0.0650368408800583 0.0499505858688941 0.0433780279891216 0.211171462101672 0.47731849167415
"cg13639901" 0.0968087880363088 0.136509576191432 0.0975139202638353 0.0873432118186565 0.127964339362542 0.0971154204070976 0.51246318000684
"cg13415831" 0.0538895432845118 0.323621461711414 0.096575654808959 0.107185106217956 0.0465187086795776 0.0600383859828492 0.519552332717675
"cg13408344" 0.246422268356906 0.140099141063632 0.0932016399184308 0.088625567518628 0.403610298086022 0.133871085004008 0.601934284649331
"cg06637812" 0.113042064445238 0.111393271478344 0.0839271657462559 0.0867810714114687 0.123380869550355 0.302870408070808 0.550145487196083
"cg11958644" 0.0452324990837131 0.0426942786446407 0.0916651409734233 0.120870905417769 0.0462903932537994 0.228780111852969 0.509646053169795
"cg03636488" 0.117270088127147 0.068305831563912 0.0792478703769603 0.0876382934884229 0.173568028230822 0.145960433290035 0.532257695379928
"cg25598890" 0.0504446738879081 0.0676761028356482 0.193674749986344 0.0689504777394405 0.0552011540658624 0.0521092221692828 0.501261880087481
"cg20472746" 0.0948253157215833 0.220457549947532 0.0693072874819205 0.0693692292620976 0.191898031829945 0.103415758916923 0.546255465244153
"cg20979153" 0.0680472827268041 0.634905442954732 0.101378385342738 0.0937704926845702 0.0822358568034332 0.132353917313482 0.603045171555125
"cg15153141" 0.0526830939565368 0.0494488507951197 0.290810689572988 0.163188205464673 0.0861156721233414 0.0912549677044551 0.548022936344701
"cg04987734" 0.14575165807346 0.0482085613114206 0.0621444246147854 0.0705509395836301 0.230580675883979 0.189076599371719 0.554030353780419
"cg23966363" 0.0883596855440171 0.125428246240058 0.109038745394432 0.0709429565416951 0.0806292086743952 0.0817584297417665 0.521627328086156
"cg06832898" 0.173132436943333 0.0649391803271698 0.186716722958862 0.343817056307992 0.0714279868373061 0.610751030308772 0.666603218286234
"cg12634208" 0.131063465513006 0.21989053250574 0.428344373510698 0.389698400264104 0.123394952076062 0.244408271812776 0.680551401453142
"cg13810673" 0.0543100807279087 0.386390630372321 0.0538178009582309 0.0513449737075871 0.0805978631814751 0.0550754940396545 0.546495194251652
"cg08098128" 0.0640439190142768 0.085764234461486 0.0488630290494907 0.0457485451834242 0.0459002932566987 0.089378144543653 0.502049471304061
"cg02003183" 0.0889569522624375 0.0552915384006227 0.0649932278458369 0.0689079124890002 0.15021741922623 0.114340816215729 0.535433592051649
"cg15752436" 0.0628828667820482 0.048690532642851 0.0466674862620505 0.0451322426807721 0.149962359096149 0.0517524092443773 0.518571241255144
"cg07884764" 0.198875010001978 0.0773845223374964 0.107922349035552 0.0794633458382499 0.153603847210102 0.0784606113376636 0.572560221722387
"cg10768932" 0.393078625710131 0.0481071376495509 0.0462755528407212 0.0485548559345997 0.0547485798747012 0.0660130627598538 0.623507621977511
"cg01722297" 0.121993148788112 0.333732207732354 0.111423515403336 0.104532514138322 0.113988233486814 0.201611926753922 0.706314013539267
