"MO" "B" "CD4" "CD8" "GR" "NK" "nRBC"
"cg26872907" 0.0890798944285304 0.940967792059551 0.934989734007046 0.930736838649592 0.918306945700089 0.929918562012765 0.800574219363078
"cg23244761" 0.141390825356869 0.965417053280976 0.960776433693749 0.963558062831261 0.955458968976095 0.960795507855347 0.900287959600078
"cg05923857" 0.0971617196020362 0.897486429399968 0.85230858041701 0.920027876237477 0.813520556627161 0.896180229568147 0.83245005528563
"cg20559385" 0.0921574171245778 0.899409008290737 0.89899771519726 0.901599313167009 0.847508290616562 0.889410438610328 0.734754168694577
"cg10480329" 0.138231457249318 0.903956853489913 0.913802165364554 0.917709812827184 0.85891155877549 0.904455027770807 0.883414868814313
"cg11597902" 0.0513625624085834 0.964336382322691 0.965161596871383 0.968629290183683 0.17977048323249 0.927468097780251 0.883642989171623
"cg12655112" 0.12448357059774 0.906408283999249 0.937988875101946 0.943419541299053 0.778312833127464 0.91947310203026 0.752306920573666
"cg01476222" 0.132967418305224 0.858484318810288 0.9084617137651 0.911496408324822 0.844397334014021 0.860214963312762 0.845629808030333
"cg24788483" 0.168270914208701 0.910024415625082 0.904409451026052 0.955275717135771 0.888349237746324 0.936507383361067 0.835796155354805
"cg20610950" 0.10791089376498 0.907168409369147 0.909073714276938 0.916516363259637 0.554862597134929 0.903522367857242 0.876674408564386
"cg12422199" 0.104541589097095 0.802513997452454 0.885179531959283 0.872734468193784 0.858369193159509 0.812285417755497 0.780820755691037
"cg00288598" 0.16020585597226 0.943376024598609 0.869734801760798 0.933126434176141 0.769416912053082 0.912737160243891 0.907006020815018
"cg23146741" 0.112897448834534 0.862718703778748 0.872824385386731 0.87689645255982 0.786289847794679 0.850860327726753 0.755493058369884
"cg22675702" 0.135752255292786 0.868406295777025 0.861894508380188 0.865853611519664 0.825795638756776 0.859314061124019 0.84667831897038
"cg16429499" 0.0955199029583369 0.647899352957779 0.893317229750045 0.895886609641146 0.871243479217988 0.864291058280677 0.724238770300543
"cg08908131" 0.117026238409682 0.874521812165109 0.87537407097051 0.869862856238204 0.836708587903657 0.850182103998419 0.674535191024161
"cg10278149" 0.11292064721044 0.845031066358191 0.895936535732132 0.897948952521318 0.728086884636574 0.87478863598755 0.716262102212138
"cg26538782" 0.149183968977172 0.875538012253126 0.878025797372973 0.890520989182922 0.845297782550691 0.887569892988155 0.787891414555605
"cg18066690" 0.180637891819508 0.910320532736226 0.906625649547943 0.906167009176036 0.897118057412346 0.905292202830044 0.813106839589607
"cg04468741" 0.154713753649773 0.902029081931052 0.860298629724578 0.886473270616412 0.818551158892214 0.886046587432833 0.825533718681637
"cg10649130" 0.122587872277851 0.850114351066809 0.876072673974439 0.88277653644193 0.719132448260401 0.867634622306044 0.779517599704597
"cg24954967" 0.103083643838714 0.772481355681223 0.895071330127895 0.891076369960989 0.764019405729536 0.863034151108342 0.671270156583958
"cg11186858" 0.153721675522923 0.952754449807058 0.966291861420038 0.969772318906336 0.435828443987701 0.925826894606585 0.914409998540231
"cg16636767" 0.173882413733853 0.890567973709219 0.889512725670543 0.902761646061343 0.862817334188572 0.879620682927125 0.825392671690836
"cg09322573" 0.121056946639624 0.876674533498918 0.887020390053905 0.879502040327428 0.723151123127982 0.860299172688873 0.715836354822986
"cg16736889" 0.126924867644146 0.782726390890709 0.850472314472913 0.863951204055466 0.859776696851821 0.848755839719497 0.76231239706748
"cg22259797" 0.08985248504793 0.932363510528382 0.88302957608091 0.915090164893836 0.380993559848265 0.879928354163198 0.775149996252044
"cg09220326" 0.143124061843754 0.902182296918588 0.900885424300063 0.902872275281985 0.697686753661812 0.875313493451304 0.771990871232852
"cg18990407" 0.18332731386526 0.918178482488175 0.920526692847048 0.926476417019745 0.796699653152651 0.919073025080602 0.8050767766027
"cg05669832" 0.166385480838951 0.824308955178932 0.877191334911906 0.912601514742286 0.859199195521778 0.882672032292588 0.823492723681633
"cg00101629" 0.164436571840801 0.900655927542939 0.90478595758089 0.906701986743458 0.817890178547942 0.886098393018615 0.740876867111896
"cg27366072" 0.135961292024432 0.847553471458074 0.892754503994888 0.889949749346217 0.709688842572708 0.868938044776101 0.766851366633428
"cg24037651" 0.133600175700719 0.839190231981436 0.84988977542901 0.861133827599382 0.843527243693756 0.811187112440906 0.743960688229887
"cg08442088" 0.131565556229085 0.871459164235725 0.868153855301355 0.821725287338128 0.696314316491919 0.848999798527195 0.824678026869388
"cg26690127" 0.137530091488316 0.819822205963241 0.867027992914072 0.894847572249353 0.732250747739158 0.880747447639952 0.75667840911681
"cg23261319" 0.107338957561048 0.893984527782271 0.836968161484478 0.88168954493924 0.556266319235911 0.850379817171853 0.746327898088054
"cg10558233" 0.136771227216499 0.858353460569202 0.826226273417396 0.844888767402234 0.814468588461554 0.842207463076802 0.741165961046034
"cg10499974" 0.0991047254661643 0.882351423252944 0.907478821947409 0.91580444016893 0.496344503474341 0.868875962484024 0.652529481911033
"cg19835973" 0.189782796354564 0.906946928896995 0.883775092388078 0.875143246564579 0.879218250275825 0.880334489554787 0.788491895972092
"cg27059140" 0.10437660505268 0.895540577018761 0.885558124146837 0.892150911955977 0.46945407338409 0.840002131327118 0.735707071235626
"cg18835472" 0.133263889267551 0.84745635806555 0.862706378380631 0.871284371049155 0.693773329925405 0.828901189722905 0.759528106792986
"cg19145082" 0.112023543586564 0.811769747124358 0.831170028234984 0.84729612253127 0.685938852310612 0.809683625711802 0.745290513015398
"cg03313271" 0.129071508869574 0.887160952718148 0.906068131114785 0.916400594316728 0.4645603886126 0.854644243606919 0.814728516464748
"cg18770149" 0.173036809864153 0.893007087981926 0.897534456945218 0.899350634418178 0.84709324500893 0.862014798395765 0.694051421848267
"cg07213487" 0.201852398201582 0.804597844325037 0.920718241821099 0.92311785155212 0.903138630801096 0.847072413267834 0.858109540138684
"cg02244028" 0.169245888509544 0.88950907482642 0.882510192960264 0.888966778480608 0.803292708962578 0.869897423514762 0.721303322215513
"cg07002540" 0.130825836050305 0.895028960461882 0.856983700800786 0.885162419642179 0.732317032697768 0.825370691991765 0.625619296141436
"cg21459713" 0.196076478501914 0.877718310048334 0.869517031201461 0.879717004929101 0.858387209779243 0.875327409342036 0.831074134168258
"cg26326621" 0.205964304216996 0.913512673502296 0.901802304995899 0.917602106787668 0.85112477184086 0.881197283115624 0.783625249824417
"cg08467103" 0.0943615906693798 0.862434983501732 0.866187951241604 0.901092494064873 0.326982067871733 0.878213767615911 0.770369549161896
"cg03772567" 0.56412393599898 0.211034178297023 0.135415193778912 0.362565445210514 0.437858270445474 0.49273812968839 0.221405919888537
"cg19825589" 0.365851407706126 0.0198422536698403 0.0194747390878209 0.018950306126642 0.320303645597914 0.0548676341957884 0.149671535756009
"cg06779553" 0.477895378457583 0.228538695530343 0.132568647930765 0.13926926039071 0.357192457703225 0.171551513309753 0.22016432339394
"cg12075498" 0.418069699355776 0.0587698446575641 0.0722079921582007 0.0833646767436278 0.261070053470182 0.0870973449475811 0.31481001757598
"cg23220823" 0.50877601110355 0.250450249431174 0.0976520207596633 0.097497381908114 0.494161106567963 0.169310418999043 0.264452897263768
"cg06495803" 0.755217925856156 0.452290515976156 0.407109009886234 0.319973954639607 0.74196850660289 0.444796937683684 0.470519928034574
"cg27511678" 0.561356861742118 0.319047060917282 0.168877805946452 0.230272560678433 0.552292390531144 0.114963814326666 0.238721185118987
"cg19009471" 0.402978308938321 0.0568912308675699 0.0487781803089428 0.0461616215499103 0.324568386037545 0.0932631624415667 0.105084399199332
"cg11775828" 0.617751076456979 0.449279940174928 0.154401558247052 0.195634546588467 0.441059089929527 0.174559998646311 0.507345871528266
"cg17830204" 0.500905186612379 0.158385281313185 0.0772478031939221 0.0803264513162027 0.343782104441608 0.100721890709873 0.446155326071445
"cg01986630" 0.45741429669866 0.199010751253469 0.0893878326036293 0.130812394547714 0.257656671818748 0.0767681504412415 0.204463976488782
"cg19638572" 0.486631219191592 0.121891171216429 0.0671076916180567 0.0591286613158841 0.493458355263762 0.118461188838553 0.195352842981465
"cg00781658" 0.51471128970624 0.222312022690538 0.109067193013703 0.0707180421910707 0.414972765349222 0.11854304209005 0.259456869938981
"cg13027206" 0.562727294660089 0.301748338675165 0.0770206044056538 0.0690359336497312 0.298110218648792 0.190805979498862 0.532157356850085
"cg14392772" 0.512043480696623 0.0569706460579153 0.0598216922474323 0.0588496471180254 0.448867804120786 0.133493597307089 0.346322962938048
"cg26601310" 0.574111296972978 0.15721199112656 0.0810885541872017 0.0751665564780248 0.570068214497781 0.123187386806586 0.359451419584179
"cg26509250" 0.721191768027667 0.243248463088158 0.482802988499022 0.412812475771941 0.118258961620002 0.470414828235361 0.51915498897693
"cg20491695" 0.74677582056117 0.293864895393871 0.335074234753235 0.332724544003004 0.73685645566677 0.296757111569981 0.328297742632207
"cg15464148" 0.822248727329297 0.289426908598802 0.505146505020498 0.321019509181567 0.823432752992591 0.369630569520911 0.386181903367148
"cg09621572" 0.558301375091873 0.056249190955893 0.0528417628951375 0.0494127278996033 0.524608719151388 0.090520816541274 0.287028063608414
"cg02291020" 0.616295529491306 0.641934801661337 0.137501214884424 0.0993417708373428 0.119438253234323 0.129365805185763 0.27473730501544
"cg14711743" 0.730407735167213 0.38580689128814 0.225000195513932 0.102877811517932 0.691725899052533 0.183162510988487 0.44266007346914
"cg04444104" 0.677298432773884 0.15471330368444 0.123467621577598 0.147415456487689 0.638059175720945 0.430586286014006 0.265263377754998
"cg27551910" 0.770147092550268 0.333696554767044 0.147857062815267 0.206621657452358 0.735682506629358 0.442626221004344 0.385554495011677
"cg05106502" 0.620719848166181 0.122508370845065 0.049140397838997 0.0422368804027536 0.631837028622445 0.128984449476068 0.322034233193183
"cg11688410" 0.800899360533195 0.468676194133357 0.252945212845245 0.234428171914502 0.797169899528308 0.346286890710563 0.241503871484829
"cg00912580" 0.770715599915993 0.0590666048049825 0.263018364685153 0.195482201544283 0.688142449135226 0.435940532087237 0.495841075350282
"cg23919844" 0.674263714055903 0.253757608124466 0.178587630519968 0.130329439895752 0.583997996095692 0.149522302567403 0.237833525723334
"cg12894371" 0.651689520447792 0.367927978195452 0.0486942602590213 0.0469590752212828 0.596802402350089 0.0992360143115283 0.205488685966815
"cg12216435" 0.689645959926756 0.0527082124129977 0.122453897332157 0.114421402062742 0.621373969906747 0.122770661062597 0.524764142189081
"cg05132828" 0.701757763603244 0.271075218341156 0.0818116933393787 0.0847979129746451 0.704012783897833 0.15218577586483 0.318591475022374
"cg18825221" 0.662795670713467 0.103482136010617 0.0470284714362521 0.0477312213652575 0.636492379902382 0.182378944504627 0.367533208038759
"cg10578938" 0.66438384866928 0.20582997566686 0.0621019154610838 0.0602267784683275 0.18688191376931 0.454009186960983 0.448209684460645
"cg08462055" 0.646124324630213 0.0939317638308981 0.0575157008953968 0.0605237285288726 0.547523345509686 0.119202196561502 0.382964088432078
"cg12102235" 0.675715222566442 0.180460291408326 0.0804990414489916 0.0754315335001796 0.0764379593842134 0.56456013892329 0.495185638476097
"cg04858631" 0.7569362843025 0.319262138683221 0.0826381310718872 0.0798637845107092 0.753611865686109 0.230046273578072 0.358011493817952
"cg10639435" 0.818698404623198 0.617047480522172 0.128597597698467 0.160163393359086 0.513662279737313 0.118360125141489 0.591221868640295
"cg14437551" 0.67891347092421 0.0587599593658898 0.0597388433950077 0.0521339964034245 0.680964538900842 0.0892648524443445 0.326964100016252
"cg12609063" 0.807039564113844 0.478774745636393 0.073559439357113 0.0835168701538898 0.686240650593197 0.125657625881798 0.554493165366952
"cg14375890" 0.813226521156481 0.374852960839821 0.0470650386108762 0.0663155141255108 0.778393877775051 0.367048949627637 0.391472932089284
"cg01849093" 0.838776808026563 0.280421941564584 0.217653684874925 0.192395739969793 0.820573310516858 0.181043174790757 0.464736995951403
"cg03289764" 0.860508166602909 0.428428056717278 0.303817772567536 0.225609358032564 0.845930168003527 0.221412593986333 0.251078187852134
"cg26217402" 0.85624417116808 0.206324756493528 0.153346800053474 0.172531955691926 0.777304563807233 0.35411856496899 0.400521828929606
"cg03795574" 0.74854037868404 0.0926859983497643 0.0849304805492701 0.0739117567890373 0.107092849283335 0.391514226548195 0.634991037479156
"cg14441276" 0.802676217812577 0.0656849830849959 0.0694816795347929 0.0752010345974968 0.797761327883412 0.179340203779794 0.472318551284995
"cg14165142" 0.82530977621078 0.271544236987187 0.0598822069589022 0.0609717317998368 0.837655015205828 0.259823709723228 0.25294957997354
"cg19097880" 0.787802118930097 0.0785194563281106 0.0665650770592619 0.0664956437025976 0.729327848640348 0.15037380806188 0.279442594397046
"cg21201401" 0.839797706911189 0.289407201524125 0.0535464489792285 0.0554039000163967 0.891209488944821 0.107428234944707 0.210253882016717
"cg20513976" 0.870479414235627 0.338956928740657 0.0238854256292749 0.0236184363692452 0.924088685118964 0.108081264457856 0.240764780345458
"cg00446123" 0.880195323743895 0.318567895477833 0.0599244667649231 0.0579171126064045 0.923276204282127 0.121107969298464 0.234011494324076
"cg17768768" 0.949977728601502 0.0392029388563053 0.95717649143088 0.958366718972514 0.951900483920066 0.949165165318947 0.831766315991295
"cg01598421" 0.95122428021289 0.0464138185637955 0.945517587622327 0.946546619007858 0.949381379873635 0.937439608233571 0.760194618167791
"cg11699517" 0.95065604648358 0.0728350618059171 0.972597613719429 0.973800714168306 0.932851320832643 0.968801285060389 0.850066553782996
"cg02212339" 0.95408429638229 0.0539467745029142 0.917774049557011 0.921828162926619 0.954054129059432 0.951049627315625 0.791347136827004
"cg13738327" 0.96011666266239 0.0838374484909725 0.966513340795056 0.966072860091154 0.961953922034722 0.940985824086164 0.850926442285907
"cg25131632" 0.933628700605815 0.0537691487984032 0.939344581382391 0.945519190027632 0.937166692084457 0.936323478045606 0.749635955861914
"cg19276014" 0.95859866185663 0.0948946359679481 0.960335839122955 0.966153104152698 0.961693053008122 0.961173926316162 0.874092637756339
"cg14482811" 0.936472143886281 0.0716165349752292 0.957143358281498 0.956450239253432 0.946571433330208 0.900369913778672 0.801304696160804
"cg00464927" 0.939002818397675 0.0849830281270568 0.954302237295037 0.958146899654602 0.957457613539972 0.921219584768547 0.845588035164235
"cg05484949" 0.944866276909519 0.0954108395166803 0.947332998430673 0.94845647708024 0.943525291091683 0.943675904069819 0.84651964299171
"cg21248060" 0.934106231590331 0.0419221666070836 0.933202518949051 0.904118920279305 0.946351980471507 0.711555162912775 0.757336660866804
"cg25096107" 0.954494942966726 0.109114922483371 0.96123995542573 0.961957026489947 0.961848704666931 0.960785182966847 0.799645506285411
"cg16586807" 0.904438498475894 0.0697346630733974 0.909544263734086 0.913853114600696 0.906508864849334 0.90900088782637 0.821732364807745
"cg01024458" 0.90195046742483 0.0596452421146693 0.875422633065934 0.897764322867911 0.920113538197452 0.865654156595832 0.803133471047842
"cg16210395" 0.901674025769974 0.0576279116719339 0.917487242440532 0.915819950239824 0.905542295433786 0.902448047854812 0.703643968417204
"cg09201499" 0.936895804781115 0.109506576086502 0.945466294294714 0.95090189837633 0.920203721912281 0.937243942124023 0.864273805803753
"cg15348679" 0.88409410352644 0.0849398618206445 0.940241012806109 0.973851936010173 0.91439665391138 0.954757248651266 0.746175827954572
"cg11661493" 0.869309351719857 0.0578826985214635 0.883806876047025 0.880904033559092 0.874815005831889 0.881477961487431 0.819060743758296
"cg07721872" 0.910271132549618 0.056550105489169 0.78398816831574 0.843533497494668 0.921757167371297 0.874977698946482 0.824759722011822
"cg26438284" 0.896797296023106 0.0558527814265327 0.896322525381958 0.89910470507786 0.884070303908273 0.820700518640125 0.760052178133939
"cg20602300" 0.891929855098358 0.0821670452253142 0.900665112021996 0.890564349517214 0.893046917927126 0.895147779581297 0.827778040639984
"cg14066207" 0.923113638370408 0.0589869851406533 0.805489408611808 0.81717813424819 0.9228253019378 0.885907073373752 0.747151069515152
"cg16411445" 0.960142087053339 0.138727878413224 0.965981802490507 0.965751883931208 0.964165535332362 0.948716295514163 0.80148026997774
"cg26318872" 0.898416846548244 0.0859863118984035 0.899887591912659 0.898651956398783 0.896716272579238 0.89182002853829 0.80646426274794
"cg01591579" 0.931893395630392 0.127716288677095 0.93641186201726 0.929381757460909 0.937561918750748 0.929405236025458 0.879289698908679
"cg27106643" 0.909138323492209 0.0775571634414353 0.879755300296963 0.900506343031337 0.913111925044486 0.867731557647268 0.749068964780702
"cg17995557" 0.863806421480638 0.0653168903049019 0.871604946490113 0.86776199996357 0.874821587208441 0.826680425724668 0.812271672946429
"cg01868869" 0.892209202571426 0.0870083299494192 0.899772492033075 0.899523048347988 0.899873919081444 0.899823493712481 0.746315491811359
"cg07841371" 0.909761531897137 0.112834125438571 0.904750557781679 0.909544559094667 0.911155587902492 0.918229430028337 0.825850215348437
"cg26552743" 0.872216798626424 0.0645056795481522 0.897442407858312 0.893841226342643 0.870222412258188 0.867842227927882 0.683465690635657
"cg17634650" 0.888966050252119 0.0806342157650856 0.904001355414725 0.910068684986429 0.894719167085712 0.83667030040922 0.740170187249693
"cg15235922" 0.854877330581704 0.0560435468688294 0.900719950288191 0.891760707617505 0.839374021463573 0.873374048431787 0.682236606946605
"cg07768103" 0.967349897807165 0.118095114970012 0.905862710324394 0.64912498206229 0.972397484803935 0.948183060431175 0.893345471813096
"cg20666585" 0.875284301244901 0.0775393074900656 0.882323783099743 0.890654405287814 0.890121641071176 0.824424899679791 0.78921971600075
"cg03131366" 0.872756139498068 0.0938859241732725 0.91231880345003 0.908996780924658 0.895035899986266 0.882591255940942 0.796877536550694
"cg00760938" 0.866141250980165 0.0540568483225831 0.884890405119908 0.889121554066232 0.873604522695176 0.814210050848834 0.674922621152076
"cg01869288" 0.85485275434141 0.0554320813354195 0.873429103959597 0.874154531469057 0.872177668494811 0.836795552445076 0.706064913553767
"cg07435215" 0.852353073553792 0.0596516757608117 0.885765818049077 0.884834008389035 0.794016400710823 0.86044919576064 0.755931269104447
"cg13283094" 0.894315397323978 0.0926781867702124 0.90862637129235 0.900056480511232 0.886299129938877 0.874077954313714 0.734958762559057
"cg05524458" 0.856628887538662 0.0510033016699553 0.891217364188862 0.893504896582213 0.750669843360208 0.863993253684992 0.694913348962487
"cg16148346" 0.859909068105854 0.0748498090533065 0.875598725473031 0.870217041053097 0.872479950716369 0.875583765222607 0.745882710814739
"cg13356455" 0.887993152250227 0.0800939371793065 0.906671601403265 0.89872604339994 0.879418757268606 0.802847486000288 0.713187428493078
"cg07558704" 0.91146210157951 0.134568108297969 0.920092670003708 0.918978511819142 0.911190487301278 0.9143173878358 0.857110931948191
"cg04828493" 0.860679498198092 0.106750766102363 0.943489893659362 0.945658880716117 0.949334549381411 0.677311822867018 0.884004596913065
"cg16085171" 0.885892960095604 0.0899480970204897 0.846662676385565 0.882650467165554 0.892472209620598 0.891598770440135 0.743900417033346
"cg03860768" 0.87537188329272 0.0644819156781502 0.868596872106103 0.852433346801341 0.866008151964418 0.863109776949462 0.651265506896851
"cg17679619" 0.870127294577076 0.0824220550929979 0.874890386930171 0.89575651619851 0.853672989493019 0.852925407796466 0.751945518408395
"cg14936008" 0.889209181341057 0.106041846100548 0.905182653429934 0.907262974847319 0.890718297794815 0.897739677590963 0.754995510633507
"cg25683989" 0.875346189020022 0.0777656845615421 0.879583093995675 0.889535982562788 0.870255858498645 0.853316140801258 0.695237183953105
"cg13823257" 0.857960205182519 0.081290390737622 0.869811167747735 0.877849915562495 0.875595912841652 0.841805348751643 0.766589121302486
"cg04350675" 0.439178212464448 0.901297601048001 0.554371932619609 0.63180778144645 0.0787059860037239 0.191270643343104 0.210524054713217
"cg07725527" 0.188195594785333 0.776202033635708 0.152360258026986 0.146789114003953 0.154020183756612 0.144336875758525 0.613936567273689
"cg14018471" 0.331003933930092 0.818978120406503 0.149830325710476 0.179763001482743 0.214230042863113 0.527392670326038 0.22945807965046
"cg10168457" 0.230522902419503 0.78441877559782 0.143190015401449 0.21533347407109 0.0943906263089393 0.437911499187541 0.332319605595631
"cg27492103" 0.400415896687049 0.85655311929369 0.109689338273584 0.0845569858135933 0.0993540599069988 0.436399502156507 0.646250214030377
"cg15354065" 0.0958384110712456 0.827422977968718 0.0886932277948694 0.115362085743556 0.435940537549744 0.699767154008607 0.397865866163655
"cg17478979" 0.0847370021423606 0.696261334367552 0.206087952151789 0.175017497740312 0.0814550610322224 0.245352360546476 0.13162198224745
"cg22286382" 0.253102522178279 0.7784272407583 0.0851805345654507 0.0820549803487504 0.10271359537225 0.138476535219571 0.639651998247366
"cg07249939" 0.24261655720371 0.834647960774861 0.301261953987353 0.271242824970531 0.245508684843372 0.098995377506539 0.530511815940493
"cg25983531" 0.129916225686582 0.833327325466352 0.439892697506237 0.373013890271751 0.112814873161895 0.149319612741645 0.562628574223277
"cg26366091" 0.0589776090332953 0.771506850603113 0.268623766950951 0.324738821704689 0.0943597879075742 0.169445555492214 0.499741996673762
"cg20025658" 0.265302450015751 0.733333630494796 0.0685403162719145 0.0667509111470617 0.141139402565479 0.0822553978536262 0.338328660615337
"cg20236089" 0.102299041752767 0.714637990583 0.186324796863302 0.149693193346453 0.251439574737854 0.0957140005030665 0.16026197723341
"cg00874051" 0.0999448649407679 0.894082950081562 0.56812502135835 0.48876801506245 0.0740280709659338 0.374277585403977 0.580050778351236
"cg09849688" 0.0925132889394581 0.788791884720002 0.307711222604533 0.235968842061155 0.100555269994537 0.235774296878321 0.458217805195737
"cg16301004" 0.112909720994859 0.892275326060773 0.351114911455719 0.50290961333402 0.0779191273996995 0.453851460115623 0.644952853399426
"cg03889263" 0.105730954552902 0.752458086440243 0.0905355022174426 0.102074516367038 0.0885518707918417 0.567878349860774 0.232569189603606
"cg08698943" 0.0979837701771375 0.874051868847415 0.182146958879602 0.367008683001657 0.349724290555281 0.40008739853751 0.571056927829624
"cg09076077" 0.0931898106271428 0.861631873676732 0.548421047098596 0.501657835222074 0.104354676065869 0.0832451653967426 0.5319642068417
"cg08682625" 0.0883179799617109 0.785584602912513 0.0993784827323855 0.10249661412742 0.0800217557940764 0.409183258626859 0.571899269229278
"cg13991834" 0.0940597417800286 0.787532560188472 0.213513111351315 0.291311949098038 0.0883229674659972 0.535455967397481 0.164633390921196
"cg22729539" 0.0683465880828679 0.80870753672273 0.218525657182981 0.292292646022517 0.0615837341417013 0.731792257256272 0.168532678090419
"cg03272225" 0.0836611737545621 0.697762125607455 0.0516612463282731 0.0509925621581404 0.0541992575016118 0.0543571518687212 0.389940241488105
"cg07091500" 0.126963001413329 0.818690846915468 0.154415276960759 0.204199910690631 0.140208695043705 0.544560772021852 0.348029304029142
"cg15906007" 0.333969296153244 0.779625399831074 0.114300667598243 0.134736713299949 0.169891066366516 0.102418452489732 0.190216776433087
"cg21291385" 0.408205512045594 0.852816133724385 0.0699827298772421 0.0812347209453914 0.106472726395515 0.159884763601297 0.633587388340721
"cg20450123" 0.178476739806981 0.789491994295315 0.193430517888978 0.214897447738791 0.0765220353398394 0.0802490544831704 0.478213003602715
"cg23144473" 0.178737954515021 0.763563159504409 0.24841200618489 0.217513665109124 0.12215438253102 0.120588468568187 0.155098558509874
"cg25518868" 0.0724688371415819 0.805107564546012 0.128014656918509 0.182229843393723 0.0714319662389878 0.22430585650952 0.674838125956014
"cg01054402" 0.272416563423351 0.871322617115892 0.118765206770359 0.145493287541812 0.11103344634958 0.553212486216807 0.460979127498038
"cg07859439" 0.171219803929958 0.80710970970507 0.0925276078397573 0.157426144677369 0.129812721542339 0.596782093247852 0.178641508800692
"cg20541456" 0.0750706205000538 0.783010748202056 0.0482377240816446 0.0694752223549857 0.0437932602717988 0.447038484608502 0.482749410834088
"cg21278103" 0.147437703263605 0.895220902447268 0.444249729236398 0.456133341442567 0.125694157241641 0.472211610103339 0.228121396884746
"cg09300089" 0.074698063136719 0.839166521308285 0.375482328223793 0.222297430880641 0.0708823315852554 0.0927377361447919 0.570578269684466
"cg00902153" 0.0778251079301791 0.890662830498511 0.171316475815443 0.167060357542273 0.132663974693539 0.719760556293185 0.540742242236528
"cg19268695" 0.176897510365067 0.888934754663053 0.0499152563861658 0.0610082497121672 0.622216926325688 0.123271585918661 0.585183944012374
"cg00619207" 0.156604236557837 0.872475968410834 0.0753841088119581 0.0798830000958007 0.530412730895292 0.130690726680546 0.550999162752763
"cg22446709" 0.0732801463306076 0.699822750427237 0.0685622441538684 0.07232648070123 0.0581932850057449 0.0737737386588169 0.0985129723429462
"cg19269039" 0.200019944469287 0.888485306362656 0.0505906381019994 0.0654348671968553 0.45646776150981 0.114756957551596 0.652435206532213
"cg01156249" 0.0754517737443213 0.931173432766115 0.335756288799426 0.217878619236195 0.0564966175977099 0.638116787683775 0.650586354263145
"cg25336765" 0.0989026064340579 0.873520992114361 0.300948180150665 0.327304264820264 0.0947321691298186 0.149729361328237 0.553559548721997
"cg00058449" 0.276100531075324 0.955315683465291 0.356796256921486 0.271185192558525 0.230066778716605 0.0709373899935788 0.618017811700623
"cg17266282" 0.16220906067687 0.890898943289988 0.132357203745173 0.13090047091464 0.164265568586643 0.196864978220214 0.6797557441542
"cg23357708" 0.0733469719234398 0.843612362839466 0.140302154513166 0.172262480355539 0.086804568186579 0.165504490578138 0.433113081603908
"cg07635227" 0.0390604217831557 0.907663763549278 0.160176344481083 0.105940034579275 0.0321087147180941 0.470860344095239 0.536100768705761
"cg14317609" 0.0623944065356725 0.798523085772424 0.0671475074840713 0.075028835389156 0.0518386596741666 0.0551146002234858 0.0744094940429958
"cg08864105" 0.0705681030374741 0.914822335828896 0.176179886800228 0.207312784133053 0.0608406172213673 0.0910762876812697 0.490822188171566
"cg02606840" 0.0978471890015759 0.901812627563884 0.0525608426892935 0.053050056081706 0.0672144957077084 0.062038704345482 0.543828548541028
"cg08560387" 0.0495568177129379 0.868676991301156 0.089294038030396 0.0577339915257918 0.0485265137763651 0.0478167661117431 0.364994105839146
"cg03429643" 0.0655271610917258 0.886894898436247 0.0647103126731862 0.0636524079498428 0.071362669671221 0.0681173902166064 0.409353104263652
"cg01154505" 0.952170179442033 0.800157227916635 0.0459543171592467 0.313673518185878 0.968808413794583 0.966424567391946 0.891198005245616
"cg19001909" 0.959540506407529 0.96885053392128 0.077676412939025 0.161915145447303 0.965651013454486 0.942952404145328 0.888585211176092
"cg16452866" 0.949112022040583 0.95576213886 0.0716144334617839 0.123309025183319 0.955373208272455 0.957169081088935 0.911386915210339
"cg07679948" 0.952392280022754 0.956651453090319 0.104457346369583 0.257752593713913 0.955089922059653 0.957951578073783 0.940887445049197
"cg07110949" 0.946413351225128 0.95716727835251 0.0845331287308223 0.101121339284188 0.956072094560793 0.919493830369464 0.949742595790615
"cg03388043" 0.942919037285694 0.962979214764713 0.0420069235577334 0.0469835739408801 0.953803062785307 0.699664876403359 0.874414748402794
"cg14522718" 0.927389326552787 0.95103233829948 0.0421496984986029 0.035194980589832 0.937054549073277 0.727871239935759 0.91044876777271
"cg00366435" 0.900514431585565 0.9190937348048 0.0590364087738166 0.237619317272013 0.909458451118916 0.887045983033384 0.797097576786986
"cg11848483" 0.905694018856123 0.912598414248875 0.056640701301625 0.105071858060785 0.909080822065797 0.911983727491598 0.756457085934063
"cg01874152" 0.873493182881108 0.884442912569877 0.0791703151413262 0.535324566243312 0.887237886940538 0.838670051442716 0.657662644517032
"cg07015803" 0.926340885648083 0.953159317390209 0.116540630647095 0.168371557509705 0.940589422426864 0.95225114763086 0.872605376701238
"cg07970799" 0.933167624878977 0.934208178610285 0.133340338637586 0.568038355144391 0.934126927078101 0.729970328714626 0.839076711409185
"cg18735089" 0.90195838005989 0.918357445918773 0.0840767593065769 0.117148501748957 0.915796212650031 0.8588069754229 0.779788911596732
"cg26852712" 0.901058394303144 0.913222546227124 0.153297134783497 0.487675949311523 0.9157344320925 0.889126913415512 0.886283803593539
"cg15039797" 0.944813490700139 0.956304516539657 0.0708146625902941 0.322829035814864 0.955949878024657 0.276104847751434 0.851440862553775
"cg05705140" 0.887229539959408 0.775326886428947 0.0806530927129831 0.300587393628036 0.904297768064225 0.847678338214657 0.752966720016087
"cg07133479" 0.860445422796337 0.890966803637212 0.13299145273808 0.640920020848979 0.834925807884719 0.840134644744176 0.777674491430762
"cg06915826" 0.862932475083273 0.877990341177152 0.080570398171049 0.136980154407367 0.878362825212969 0.859058316323341 0.812357033599298
"cg24841244" 0.86105124605045 0.895428537660287 0.0419830115751139 0.042442974884703 0.867141510195501 0.741600685939139 0.728615597503468
"cg24662823" 0.893785159649223 0.914840021258205 0.0957467775459197 0.289531249732772 0.901205277126118 0.730737223142952 0.759466173584725
"cg18650518" 0.899848930883101 0.904850276094473 0.0673864869450981 0.0681730134748371 0.900012490984758 0.684614396962409 0.804817492874666
"cg13750061" 0.867646299587976 0.889669834541317 0.0650898669890713 0.0592444806588393 0.887671532815937 0.839751094963044 0.743579452521867
"cg10240150" 0.853459625873106 0.901151252652249 0.0712160355427408 0.220683631186953 0.862038037728306 0.812173211475314 0.684203081558216
"cg23357533" 0.878017838016094 0.903784543598227 0.142424491560184 0.374435322778944 0.891205895004802 0.885316999087067 0.872600774351656
"cg10558740" 0.874018413858116 0.908137825708076 0.0984998647997253 0.141618937833579 0.885704227590723 0.873104959188981 0.784705249437192
"cg01490728" 0.846003224419253 0.862390717367234 0.0669652530994231 0.219616216672908 0.840852766430055 0.860621924936102 0.661076292824569
"cg26166854" 0.862013597717261 0.889793538748406 0.120237818047919 0.588692174814504 0.88409110199053 0.629807311526386 0.773137045702761
"cg08338281" 0.865914859970853 0.862912243977268 0.0948310427659531 0.105882025683844 0.881875019342885 0.842645474030779 0.848256142286321
"cg16775598" 0.87181661846969 0.893060201486667 0.0971254656504335 0.187890085062444 0.882304440270861 0.86786180074493 0.729172951318776
"cg11210357" 0.846206679683452 0.850618960740405 0.0667057689059037 0.0665321503416907 0.864202921325142 0.765227266949752 0.812270300745655
"cg09695307" 0.874694071801546 0.841863009956531 0.0765910662889722 0.170079320960929 0.871538004278998 0.81809259746207 0.67776020389974
"cg17220933" 0.88782708304562 0.910338228037603 0.133517400561985 0.266882440193648 0.879459224935628 0.858588631779961 0.825465239907793
"cg12297231" 0.891190472051782 0.913126509716023 0.145353271450659 0.436680680012759 0.902265138401786 0.680579953127477 0.868911529565004
"cg24441810" 0.858601452221142 0.790191352938947 0.0745261887326574 0.0763212971206063 0.855460762832845 0.832883625299126 0.815304976703216
"cg23896695" 0.863599481538022 0.886066637474316 0.0751050020147434 0.075012415541127 0.850273339362849 0.853330151078393 0.703195250575723
"cg16193207" 0.856342938759649 0.874458354876059 0.0873846262031407 0.0773743755462264 0.86649290168609 0.82586459707305 0.803187761136812
"cg17458693" 0.872120729190724 0.879805026630734 0.0658488639612118 0.121575816608286 0.867672697633179 0.669176829547059 0.720421578111653
"cg00017826" 0.933111107114607 0.935378670787227 0.180133946215352 0.308401864072455 0.949244864233362 0.839837185586381 0.899788686390433
"cg08639389" 0.892572289423299 0.87672445128965 0.11985252099787 0.179499340734765 0.895095331520464 0.830331456564047 0.80761494345701
"cg18758433" 0.803503449491528 0.901262838747507 0.0710847597859363 0.121820965985781 0.889886807283396 0.688597960940155 0.792551850309042
"cg17991206" 0.869261683729491 0.845012226042422 0.091057868729408 0.273124122328276 0.863488527609037 0.785010500241124 0.678103513481416
"cg22978477" 0.836225330742566 0.877533446063371 0.0768396763088202 0.124100932953473 0.845331785856853 0.810077985124039 0.729122292378764
"cg10111816" 0.843282963410697 0.874810129807708 0.076882150245429 0.0814089438763697 0.808278328858679 0.827169989122843 0.772587128052131
"cg05074138" 0.852337413832657 0.856628032282583 0.129665036726763 0.394385817113138 0.85578725083288 0.844127381125188 0.782951437753966
"cg26400113" 0.850340809764398 0.86625527815962 0.0828800040592216 0.095378126692438 0.863098842014835 0.835599072945549 0.726681916253835
"cg11162888" 0.836657457590366 0.87736898832487 0.0851249066949525 0.116868643734324 0.856311744148318 0.855176403335343 0.715951382688516
"cg26280976" 0.907754554570201 0.913159537633924 0.131167920732435 0.134218539771877 0.8969667965731 0.82494478784615 0.819164363915811
"cg02387618" 0.894760205799305 0.921616561019729 0.122635078903698 0.116134538003236 0.909315889493439 0.827702920536982 0.777488543915397
"cg14136214" 0.862400953591 0.814698186781407 0.110928982225157 0.22370377534444 0.865556537451504 0.858990388531909 0.787948948481761
"cg00103299" 0.838069161738411 0.788966461434456 0.0969582589446673 0.283148536625 0.84826098146141 0.775180067525421 0.800541704716769
"cg04384810" 0.21936952383468 0.297705849189534 0.689462509029171 0.590475366089048 0.264394309443076 0.0661205386380718 0.111278931667089
"cg00026290" 0.0415352704591426 0.0403590599764956 0.554750266024225 0.511938694693014 0.0416086234112449 0.0412468491401836 0.112943625701533
"cg14117392" 0.132044405239881 0.0975248985014416 0.628228163098924 0.585889239548483 0.1374097705011 0.170084812034685 0.095869868451348
"cg09370867" 0.105150269660503 0.119128651205702 0.625622246007345 0.609668250992294 0.0851533806339929 0.178300395743401 0.0997047490149561
"cg22250531" 0.0454571043274371 0.0622288371722469 0.607027167292697 0.581860943806665 0.0397992548125071 0.130485945962431 0.228416118386087
"cg00818106" 0.0926027546713772 0.202605782306699 0.629022408233592 0.52291489084462 0.0891134128720735 0.127426887935638 0.151100936970303
"cg23904595" 0.0944345665148748 0.221739101005136 0.646774927001474 0.622353431941004 0.082642599835255 0.174615541465413 0.122330241603068
"cg02013741" 0.0998006976761482 0.0718998253341468 0.666901362823232 0.583651285256283 0.215628831114899 0.104746020471021 0.350303999359175
"cg03766174" 0.0923665855004283 0.102365094497722 0.624561267061442 0.588880363638053 0.105294286170914 0.131237503259842 0.120917604533353
"cg22155039" 0.0960778925618624 0.111024836294009 0.669643919810056 0.656130590997821 0.0944768632603717 0.287728336685511 0.21329637058137
"cg24904788" 0.0566463270381522 0.0444413441292172 0.54810741817556 0.369772325807016 0.0456566487579896 0.0435461261796426 0.0461927842910098
"cg00004667" 0.0696275445624158 0.0577081531252734 0.640724611763649 0.554980447008803 0.0681280893778759 0.284807343744165 0.217917439961794
"cg21400549" 0.0937945312079542 0.576102467977746 0.680116677063378 0.350470915991565 0.14764098898053 0.0768927316972017 0.180162374231443
"cg09763644" 0.0726672419276073 0.0574273418542427 0.628729503885483 0.446733608064437 0.0982541472167329 0.102101267203159 0.33840832190632
"cg23019886" 0.0709074294389987 0.104159039274004 0.641017632784777 0.543185972901432 0.0957205137580998 0.268589637505394 0.148572449911016
"cg13506288" 0.0958984174444916 0.239949746898989 0.63769333700397 0.461115906646295 0.0840928152449509 0.0949507671520336 0.176310559129323
"cg11859584" 0.134877390151765 0.140694556018681 0.64549204764267 0.477066436483685 0.0863448133914495 0.238094866245217 0.113645888363696
"cg09895920" 0.252207370710725 0.252959463944574 0.753281799069984 0.620157512904992 0.222845692764597 0.328107510132721 0.144963822081872
"cg10765877" 0.0972096399354307 0.0719657096336211 0.615590404282595 0.168563481557044 0.0852265784087471 0.0963488109869379 0.421654893553425
"cg25306006" 0.117006400570775 0.106839170008147 0.671115476738188 0.541767062704798 0.126327874022287 0.233101937213465 0.225901733700493
"cg08529852" 0.233373552475472 0.148193304417316 0.762520586930009 0.762407012706822 0.245983727165099 0.331534700530124 0.154182444469914
"cg01616876" 0.0915939415473569 0.211195882431878 0.667263609771227 0.653026392983591 0.0704135060143596 0.130241192325523 0.139364772076975
"cg04416898" 0.211591946083611 0.305836695295809 0.766835685102837 0.571688019483518 0.276304573189847 0.178583437040155 0.245351130499555
"cg16144883" 0.274971976550717 0.342684578227919 0.899666142716944 0.803286329932931 0.30019014124465 0.484061839497959 0.412992372058927
"cg14871225" 0.083880799816849 0.185241263847687 0.658356637796667 0.571653236177758 0.056455694029071 0.0547314705135496 0.0699303177581714
"cg10099758" 0.0950982247009069 0.144075550824952 0.709495675620885 0.67841122974928 0.203957083879001 0.0987215312156602 0.142673819046764
"cg08284263" 0.081341072432411 0.130821636909464 0.7417508442428 0.595632740939462 0.0938656357745264 0.14797195462678 0.502697444380559
"cg21360910" 0.197792228313647 0.102722901028649 0.761447275338945 0.668585418602532 0.197260419360659 0.231543959931901 0.210173318369212
"cg18048071" 0.25627482417492 0.3080929167831 0.803216632733714 0.766544676651175 0.197692644220712 0.114426650113889 0.178487750100082
"cg00329618" 0.20011196236181 0.234335442303156 0.81050793794648 0.795647290325577 0.179468368281133 0.271288809130717 0.194182955675139
"cg09662852" 0.0744208708534434 0.116465867532799 0.688138923750502 0.694810814900601 0.0704450218252943 0.0835165606450206 0.073578656053543
"cg01231183" 0.125891693436508 0.067260320841037 0.745370621834843 0.693818779987134 0.100317405279576 0.320083866446229 0.15840984476954
"cg04642300" 0.0641632639646162 0.0897316386561344 0.694528378793424 0.726878140971071 0.058533832711918 0.0640643935270983 0.0830344600552457
"cg25394505" 0.114469967692246 0.196643723035112 0.790505152133939 0.787186565551596 0.156836548769544 0.0977350930992536 0.254399803612985
"cg27027151" 0.187739787950213 0.0649714702330987 0.751482430306967 0.474919857772168 0.195372255564277 0.144622768833997 0.195002647277661
"cg19628988" 0.0696537874634408 0.328939757414669 0.768845301508977 0.699112578731003 0.107257219435075 0.0866701740441582 0.132617980761938
"cg27058988" 0.0487737040812646 0.0445687540654655 0.705111164376156 0.566572123261742 0.0502775960729531 0.23027294537917 0.088275529691582
"cg16922167" 0.123353505707199 0.262932583475959 0.822525976411369 0.796560265197789 0.101309927923115 0.274364373909232 0.151484302371298
"cg11666770" 0.312788434503472 0.284739388364376 0.931203041472968 0.892148253224177 0.256944004156853 0.292979073077985 0.223319353671584
"cg27664496" 0.109996393167609 0.139519760771199 0.77710222998143 0.763109849852259 0.0898755232475396 0.104509877377047 0.0879170344271368
"cg16097858" 0.0947515346296168 0.0885084623005788 0.805384035338957 0.819830579936831 0.0937107141209444 0.233644577741891 0.18170069990688
"cg07785552" 0.0827132304568125 0.0587786272630975 0.779648989027776 0.649278853032664 0.0680153334371165 0.0937670327251153 0.302920319322316
"cg09037630" 0.0546790816196313 0.0420758077341172 0.781765989739384 0.782136814738649 0.0676383655333893 0.0554572999434845 0.217206775213102
"cg25729350" 0.0836337439999424 0.0799864435839682 0.800082218799228 0.69687032349878 0.090620162438169 0.163914346921658 0.126796930711525
"cg07598385" 0.0434479754378927 0.116945729687443 0.743674203358022 0.600153093422083 0.0256945188670815 0.0241758897245292 0.0369185805979156
"cg11787160" 0.171602308419869 0.201769676767254 0.907980927368544 0.896368683965226 0.165401895806533 0.264835224069759 0.171981406648981
"cg21593001" 0.0755782312443295 0.204990490786219 0.829180651529483 0.845066671804002 0.0526027321292321 0.126432685081611 0.0641595773508718
"cg13448978" 0.0497858382192654 0.106299597721864 0.798276787725994 0.721484498666755 0.0330856284409335 0.160345606593223 0.0547820804488772
"cg20455854" 0.0752421371438189 0.116308054096083 0.791330686223674 0.660820681288131 0.0352924019968824 0.0373766333281464 0.0544690489632093
"cg04742550" 0.0384171707783396 0.579698335250391 0.851841426813561 0.409513690783262 0.033190614042074 0.035468628518207 0.116705474489023
"cg00219921" 0.885662438213353 0.894005232474043 0.748654900185128 0.121762848248352 0.874643206428056 0.835461584370797 0.818654347038308
"cg25939861" 0.843735966109932 0.87348207738115 0.647391868852302 0.0640907534749722 0.871161976244132 0.65077872435719 0.653633957161742
"cg11531557" 0.866692437297761 0.890457088374228 0.746132863492154 0.138594535196367 0.876538321977307 0.817676817933016 0.767697999378907
"cg02324835" 0.848220926561347 0.891423065288902 0.511333940717385 0.10827986614333 0.871925391760853 0.750591855416958 0.831313435359296
"cg18483549" 0.875049006171252 0.819568896136301 0.547907694103609 0.13752278781634 0.872892821513195 0.879917428183825 0.822999451933057
"cg04394724" 0.895144661541775 0.900264727313945 0.782790294228438 0.178939318734159 0.900115248440199 0.640994330238015 0.875734713572452
"cg06419846" 0.947285670393485 0.960456669204964 0.886328068509713 0.268528433448508 0.951704525025889 0.951842215786541 0.887924835781646
"cg12655059" 0.860519620705631 0.843381790028124 0.273633314840218 0.0903613663482259 0.863550571990067 0.859795725404805 0.752152370719261
"cg08777095" 0.883722131480421 0.905750700680259 0.255132847212682 0.0846000073383242 0.892245122155885 0.70448727306674 0.725423538705999
"cg02598071" 0.861125408704019 0.892225349267778 0.399509272097754 0.12985510802658 0.872493129777426 0.864803330831842 0.79240492491843
"cg10471113" 0.91799262106167 0.866997662713192 0.210850099629938 0.0970003224973028 0.939499509872255 0.601817312611791 0.82405911490457
"cg25535316" 0.857647936615514 0.874563538151505 0.606673455151423 0.145595335039517 0.857458710846323 0.78616912692704 0.741500157435811
"cg19993258" 0.885026360665476 0.875493990049514 0.192541202470709 0.108365847387197 0.892336327599326 0.842012906357968 0.745647746264946
"cg01002223" 0.912877179777899 0.920811310201434 0.816825650147065 0.247133227609782 0.918473324029413 0.922134669645405 0.809471157660049
"cg01949403" 0.860084388090615 0.871375835345782 0.830936573034673 0.208766924920832 0.867527121982164 0.84782299607806 0.784349546644948
"cg24405716" 0.846033930105295 0.864930031455676 0.287168993871451 0.0746139974206868 0.84835809087758 0.502441245343275 0.760756897765178
"cg26033526" 0.859233961039707 0.805032835129865 0.223270497694149 0.0799941718513688 0.877331449857463 0.659796551253212 0.692362703709598
"cg04403423" 0.853208465454838 0.813703855409091 0.203563160515719 0.109430610637451 0.85431797280534 0.757993037854703 0.835588172208515
"cg17804342" 0.955866817123346 0.930864994310983 0.671345248820898 0.28342457183259 0.953891652405896 0.945255072191678 0.949226004484515
"cg18149207" 0.857112632727801 0.896029973744285 0.47695272963931 0.155453533521436 0.864817090748941 0.774693514440965 0.722310868483123
"cg25235205" 0.82245597891328 0.84804138695842 0.464475557653193 0.139756458854618 0.838905724268343 0.802546676269431 0.716721306211011
"cg21232015" 0.852474536910086 0.878404715554713 0.239396808949664 0.140300499116164 0.871375827631336 0.784064210046414 0.837514509899058
"cg24955743" 0.883320860617658 0.907934345177683 0.381758121934925 0.169286820169995 0.880209882221543 0.727108798435704 0.832441519388515
"cg01167323" 0.864705457542498 0.88053544401333 0.277033699882933 0.140350236296197 0.857249950265679 0.823276623388563 0.74457779686923
"cg18174654" 0.841882374005185 0.874495386851818 0.799219135249494 0.205019695821025 0.860217788414279 0.862786897651972 0.635390934882876
"cg08006309" 0.860528663162213 0.848658254495471 0.210296309095946 0.110167455683935 0.879330906774619 0.651567734799059 0.738955917445937
"cg09837977" 0.867405238381609 0.897170795285212 0.232150861165656 0.167835203563509 0.8776003333215 0.881621439274027 0.814725184343744
"cg08418872" 0.910132085642606 0.960343978718858 0.515811741071326 0.154127861039798 0.882329125295384 0.300896172767862 0.79463873026352
"cg05496363" 0.873418653648251 0.881261520870136 0.755741177797765 0.236438692494352 0.87105813473042 0.856070540931247 0.757651553509223
"cg04759756" 0.878080272337617 0.897727193501225 0.396487567708036 0.169884272099646 0.890004214780095 0.69292786185976 0.775922233971322
"cg07236781" 0.9571922936056 0.964481394646244 0.84996419244654 0.257796649661434 0.964220406557696 0.443377313886522 0.831687105048406
"cg07016730" 0.863473214704425 0.85024903620106 0.748462788437146 0.226410448284347 0.8585919204923 0.80402046926972 0.793134862728512
"cg03030267" 0.871447583072669 0.898602047061426 0.597312410614906 0.181351733952468 0.879430714695572 0.636135198413674 0.704284366918153
"cg03984502" 0.871269220289301 0.898137606689689 0.640514488850538 0.22951878782338 0.893332460246184 0.854914402079798 0.751007853951238
"cg10555744" 0.883840769610647 0.897768486215297 0.3329086656723 0.19335792008728 0.87878994576793 0.893934717886971 0.766959028062646
"cg05559643" 0.842381834775277 0.836562137133565 0.423969482609136 0.11932636600785 0.836503372929573 0.585039881296604 0.628586397518592
"cg11067179" 0.86563284904189 0.842835266392312 0.792946146642748 0.2510835896981 0.86127437144258 0.877946474930679 0.801290309703519
"cg07702659" 0.823725245802214 0.85135601840998 0.739926739699655 0.233006811822396 0.844878750480055 0.839131764148407 0.821605000647966
"cg23752651" 0.867472100953196 0.921614882894206 0.560578740612168 0.150033210137119 0.827364968731488 0.278503676692503 0.807530197291438
"cg19556572" 0.83606773096103 0.889531697902718 0.515114646617058 0.19228623587898 0.776147721210251 0.850848832677416 0.773762277327113
"cg16596052" 0.929778357476774 0.892654187233044 0.590837032133911 0.285703245394045 0.927989197274001 0.935636237283803 0.923619668700915
"cg03318654" 0.716801596954818 0.696528536240127 0.671683455202508 0.104862869512694 0.702449807807005 0.697625005731822 0.629423989601394
"cg20997320" 0.848328446989518 0.882204613325316 0.475958730986588 0.132140194556912 0.86709257930451 0.310125256510834 0.75858028114834
"cg07756788" 0.850438348781027 0.886394488801545 0.385540752092687 0.173133300090045 0.879432186541408 0.809921849056237 0.668912392602673
"cg14255337" 0.846094722006705 0.62583119568146 0.720060457743366 0.130371787715687 0.860098864364909 0.384544921328695 0.692653709703118
"cg24885723" 0.894573085466705 0.912355403551906 0.360313982140667 0.211308997301618 0.895528067792825 0.903503895910683 0.733662954482759
"cg26518932" 0.888729007907905 0.908229296158241 0.373440831315308 0.183437246375261 0.887938467007005 0.778826872755038 0.665438059126965
"cg07235774" 0.87910270698655 0.899423030573942 0.432891282531816 0.209519963879559 0.864195540700904 0.844291180958602 0.753318617003452
"cg20995188" 0.863732845288241 0.84474210647493 0.339780180523892 0.139838189302496 0.872580755224609 0.460276452321639 0.74399494689115
"cg14537031" 0.844106555938019 0.868144863799289 0.446771312906194 0.168823035956864 0.853999189382495 0.591305052684398 0.731441351380592
"cg26966828" 0.0373804267373709 0.108438800206868 0.419181387701692 0.541427601708225 0.0341316759335745 0.097039919136283 0.046147128607266
"cg16618104" 0.0904349453519929 0.0989004026533499 0.353222320315472 0.564821804903682 0.13129061348929 0.0968559863905602 0.0871717031319307
"cg17472111" 0.0604968712179038 0.0525638215122696 0.47968826703555 0.596794362156997 0.0776286386519706 0.145547861154651 0.271135290760802
"cg15687600" 0.0805947969053179 0.153052477938963 0.488154703845945 0.588764571700378 0.0824882325140555 0.0913276677851037 0.0884654580773457
"cg23098068" 0.117493506258804 0.514845154892434 0.388734314424625 0.718595923421383 0.200665322590545 0.41224687807603 0.213347499001801
"cg18081863" 0.116768771019453 0.275075919299685 0.588343804914449 0.698294815312234 0.145537607694444 0.332243780692464 0.236245888810623
"cg26545245" 0.102400640346432 0.212606030440355 0.520322773558288 0.663064441123861 0.11523023676664 0.389013722389027 0.138838406018115
"cg20945853" 0.106846043622172 0.165389692082814 0.288475802004129 0.617970503865517 0.133735030275836 0.332067000588388 0.134862338961488
"cg04354393" 0.0675221438018716 0.0701850300638797 0.292000666127532 0.538597802016984 0.0656026771442415 0.0665870662020261 0.0628600325780629
"cg13247398" 0.0672416783419692 0.105767045044105 0.320247977715725 0.556605926671242 0.0590237980062817 0.0790453933952791 0.107676284474684
"cg21024495" 0.0666028626769021 0.0740600730797151 0.371739705537842 0.579034175971565 0.108216593031417 0.180438935705077 0.0804054186553661
"cg07111834" 0.101112548246884 0.0930494458976083 0.520631406593556 0.620764436341211 0.185237117449598 0.113317288043355 0.106469378299382
"cg15416179" 0.0590248029241073 0.0872460803330522 0.517375618433298 0.583104372758126 0.0496461745586186 0.130855453699381 0.0562296421850643
"cg16567676" 0.0986638971259617 0.236752003442477 0.522440700689564 0.683253381314075 0.082084444627615 0.461193787829091 0.14804664674428
"cg00080081" 0.107114967390093 0.199696437698988 0.336162390052542 0.65209443390182 0.134686082154041 0.34248134707174 0.195358459009171
"cg11093142" 0.064067375725863 0.0612210731163057 0.504769249713159 0.63850609765858 0.0690191579622829 0.345378492461654 0.207106836813124
"cg00673344" 0.219154994721292 0.420016399012151 0.62225307945736 0.796692999722945 0.228819230297562 0.530906575567895 0.185132772072778
"cg24124443" 0.114461779991817 0.184718252184154 0.539101839538925 0.63642004159385 0.071677340708509 0.150255869018335 0.100547330178795
"cg25989526" 0.0701911076744854 0.0708706398901625 0.533885222101293 0.601727057936367 0.0778265177999855 0.107849404032393 0.0944769692160692
"cg19563510" 0.0270932351817443 0.0313250830155848 0.306168843084615 0.523824433646665 0.0226036015600113 0.0543094658537276 0.0232201706336641
"cg09599862" 0.100523937487749 0.0903005339156434 0.473477506407601 0.667390891440126 0.0961342347051201 0.421752786571988 0.216214599361896
"cg25874782" 0.0866174198434569 0.153395134572948 0.543645646920584 0.658055065125643 0.0896785919152173 0.270787679230939 0.139761768118939
"cg00539347" 0.0471677293517447 0.0726311158241628 0.46877864420257 0.61623595883402 0.0454040555650021 0.131276223217752 0.250978812586096
"cg17779658" 0.201985422196014 0.0816817368138288 0.538117524061426 0.770349131642885 0.283800840659026 0.52040149339892 0.316816640896439
"cg09739398" 0.0852652418166247 0.0598478642011519 0.524250023241042 0.618818310323941 0.0662188198250837 0.125801937117729 0.0971152829508279
"cg18976418" 0.105258972563768 0.128437811854085 0.408741463913583 0.640055069077789 0.0938332445852003 0.182542657137059 0.166491785561067
"cg06109482" 0.0488833792990489 0.0512829651734937 0.516561634241304 0.594797672315738 0.032588766270345 0.0942898367282848 0.0494894719523503
"cg07076915" 0.0946060925170263 0.228571847936325 0.569611603874984 0.689336782460403 0.0676662653293074 0.306276116807876 0.139152863925686
"cg02086195" 0.0664089224160832 0.233130868136782 0.505498158652458 0.669815985990005 0.128993024868668 0.0726504678452451 0.201438483815817
"cg18067859" 0.178131304470067 0.218851110225277 0.667611582331042 0.73456083071071 0.172264568715606 0.179963569729408 0.152161642200588
"cg10536999" 0.186783444018915 0.231091471073933 0.446338079442729 0.700188255246943 0.145507805069409 0.203340959969614 0.0974073416860858
"cg11230435" 0.0930200374708865 0.26864136525373 0.529111242480503 0.680090363188797 0.0755660257148425 0.0582021719627858 0.170125293463385
"cg25737313" 0.0579036739009639 0.0471596766071279 0.569910586973589 0.646943823397178 0.0473433739877547 0.234383698084205 0.0639086419457493
"cg26023748" 0.0707886033862372 0.0619068886215988 0.591827430232022 0.683342210798421 0.0759130612666836 0.318172489499618 0.130308775546691
"cg19440734" 0.0649486822260981 0.0593128482233619 0.378771102828784 0.621815697831188 0.0598849418423275 0.12538378464412 0.109591618340897
"cg22566906" 0.0694098784310329 0.0637255960032394 0.566126461923201 0.645868972801804 0.0677070117642503 0.0665550643497986 0.0813779684759199
"cg13443575" 0.0608659639469626 0.0612177973613905 0.46359518975971 0.627354827109241 0.0452663525231574 0.0485750356294997 0.04430465144024
"cg12426092" 0.117576742007421 0.138797248666729 0.643738035950649 0.736250875773501 0.098344166455698 0.245970659589774 0.0850213161359365
"cg04905719" 0.0435790761119768 0.0625122395130349 0.622775567284706 0.670409667467018 0.041581865607328 0.0572163960643724 0.0457737886489124
"cg15381475" 0.0356625162332861 0.0281513799926287 0.585628117572161 0.687989474305286 0.0264143760793733 0.227220203085695 0.10828955289115
"cg21340621" 0.083849044729737 0.2627864956253 0.599392712451197 0.779466417625894 0.100913659157974 0.352637786106206 0.186736010510602
"cg23018755" 0.164783347538788 0.18308674775419 0.664358434791622 0.784019608763861 0.144785612331357 0.235765209775806 0.130066603676592
"cg16207263" 0.0792997478888381 0.0840229108538932 0.587366338597489 0.70068480792353 0.071404172252724 0.105148680288661 0.069426432129875
"cg22948808" 0.109537682334686 0.234786160437553 0.551832528929202 0.82563385197139 0.242132180589988 0.514202820368531 0.194242041846945
"cg09914404" 0.0882367440261718 0.203341165113227 0.664689720361785 0.754539777822734 0.0514713546007771 0.0962350900037084 0.096787948502231
"cg09349128" 0.0832096757851515 0.0960586577753418 0.559964042044099 0.770581318309842 0.181503896061768 0.16561152908213 0.187626527293218
"cg25711558" 0.0571306194225856 0.0616565345669552 0.658101314073496 0.767152413004731 0.0540578444374325 0.219231593852393 0.103962531790216
"cg16563370" 0.117907301446678 0.156133052923884 0.694392358599712 0.814754972269911 0.0858749866825726 0.102039947695247 0.0997625276817791
"cg02380585" 0.0514277983927679 0.0446057539125717 0.755894419023821 0.813156469000446 0.0477885759955712 0.0535787714102552 0.0585083948320997
"cg22193912" 0.0486488395650674 0.071798639986246 0.703117116163766 0.821509527993581 0.032825989358891 0.120297202849894 0.0369925407403022
"cg05398700" 0.845697429226225 0.924660521215568 0.934879745483903 0.943636803408918 0.078003807835886 0.878448004165474 0.807156864796659
"cg16802439" 0.754698821102982 0.973721045434042 0.975032141056593 0.974704785374292 0.0806166221823608 0.836476994664625 0.729308918183542
"cg22381196" 0.652500076314315 0.93018018993058 0.925562787163626 0.92974690099181 0.0587767145075979 0.864174188148807 0.789407742413608
"cg25739938" 0.859700956922048 0.899352655930391 0.905198087285807 0.905994148753024 0.0947487082487352 0.841542409900201 0.747604815184969
"cg00705730" 0.826476343889326 0.890216228751905 0.886650171987336 0.878852847814589 0.0761492741299964 0.830489492104384 0.671731753823619
"cg19037107" 0.840928464855938 0.904755426257786 0.908695579710069 0.905233401953108 0.112741376273436 0.853714006861801 0.772958113464071
"cg06270401" 0.806747674633539 0.909781826016695 0.902274373086191 0.900991518806244 0.0714687039752404 0.806646062438498 0.574615207053908
"cg01692842" 0.813394795543639 0.89446037298958 0.888353804711933 0.893488043651453 0.0878931384960398 0.821661118051741 0.678858483819507
"cg15658793" 0.690117184407027 0.950632177798537 0.940804046980182 0.936737203843306 0.0702356878324953 0.798150413736943 0.631894657351733
"cg00660167" 0.814710977273356 0.946686593529056 0.948987994425906 0.951630365952678 0.152273315948078 0.905661733346284 0.828264651746708
"cg07409471" 0.777610322147523 0.903654336520304 0.900253860364809 0.920249167204754 0.108105082755579 0.84933218233063 0.772867074518137
"cg11313468" 0.756626084567944 0.889501304888375 0.889945929666539 0.888099702397761 0.0845002341519101 0.795395823729852 0.743768576441699
"cg08154963" 0.781884562472772 0.886416681751927 0.891562304985515 0.88398177660881 0.0805400223249014 0.801192644410251 0.649370946723879
"cg12483340" 0.729356291190874 0.904290066663311 0.89981465502618 0.897532829608011 0.0857789664928615 0.827154110306378 0.698107396494031
"cg08253808" 0.689448040775238 0.874993497486688 0.888266372957183 0.892155646397167 0.074534357949785 0.819602174264193 0.741987830351491
"cg00439981" 0.586928104054127 0.913921434184441 0.91774453435111 0.916545649884359 0.0744270858032055 0.868638274276473 0.780144024071811
"cg05936004" 0.781562139444357 0.91298504365249 0.907480646320975 0.908900154266939 0.106426142461478 0.811533345331659 0.709508532477811
"cg15878616" 0.527867715772165 0.969067848580769 0.969455572464931 0.972714228252741 0.0979149455916927 0.895489252593251 0.821703421744892
"cg17852482" 0.804733814058369 0.883222348293327 0.884584003307937 0.877200738134993 0.101667274374032 0.788289209876589 0.695236096103571
"cg11596902" 0.683936050374477 0.914069651142004 0.893273257801489 0.901366702185485 0.0836233059775322 0.831664481300664 0.677892612900096
"cg03340036" 0.746104537929879 0.891479786372621 0.888780919621081 0.894041377032074 0.111387921875542 0.852304970682175 0.764663856990933
"cg23819411" 0.730914413949852 0.932038395635826 0.930731856434675 0.93533419396249 0.113771133630749 0.8392411230499 0.684094149610827
"cg25605731" 0.437836276279789 0.958639738992384 0.959501260461127 0.959951240130836 0.0787180256653094 0.89658767342638 0.80948478861599
"cg07790752" 0.713164667350916 0.914176236124144 0.89944186441859 0.908328252809966 0.0884936286420532 0.822702015796997 0.597134083461645
"cg03766264" 0.853805639051786 0.893927645612659 0.883996583271345 0.900297471742717 0.153693147773489 0.840724730483292 0.79441031241903
"cg11070172" 0.926071842340569 0.966335947956075 0.957672050964242 0.946960377013772 0.195433215742858 0.874170414732889 0.723601844927778
"cg13468144" 0.881452135704321 0.907466285941961 0.899567323809064 0.8955731244553 0.161012123565913 0.824458155546394 0.778592173867036
"cg13595556" 0.599552067774162 0.913899163135877 0.909297560290933 0.91144451031704 0.0635980650748995 0.735858758928019 0.664897265006626
"cg01040749" 0.708842431029919 0.895682654886049 0.889475590320643 0.888525355829775 0.111560122873515 0.842612630278997 0.729609809091805
"cg04609694" 0.806078711444429 0.892597095846219 0.888955638229432 0.896692026896489 0.14317339482743 0.830890903332993 0.748060601118075
"cg10611016" 0.663937625067683 0.916449549749207 0.916191543754613 0.915830152593688 0.114806507580839 0.860630210757693 0.715604063268021
"cg04858164" 0.830502974474243 0.895686177059358 0.891110979005575 0.892579296532345 0.159438033020755 0.858539024935615 0.781059060401179
"cg21685770" 0.648828987520823 0.906519402850821 0.911553139994105 0.909956634015733 0.0910291248532824 0.858484720769285 0.585304323586517
"cg13785123" 0.786771863473706 0.954714672068317 0.948238967877564 0.954621831262284 0.189785124415654 0.906817898756343 0.806948594946108
"cg08418670" 0.561569859424712 0.964396616617358 0.965152275594864 0.962055711020351 0.112997498428163 0.883326030871437 0.684492463456302
"cg09418321" 0.764540893535526 0.886409429677787 0.880836108915726 0.882497234175021 0.085324529060344 0.760508381067176 0.492932359994872
"cg25573640" 0.803220384279698 0.845393040438173 0.853405513696172 0.85199463338957 0.119505689782812 0.767445062013626 0.728762820759198
"cg25600606" 0.845088679949917 0.912361143129085 0.905848121996027 0.907968692169148 0.169496153685212 0.844556524181824 0.744624349351763
"cg17442155" 0.676611159420773 0.877581966766402 0.871607929824473 0.871900670469965 0.0945763732525803 0.800104604114984 0.688231570381366
"cg03637218" 0.860273036708593 0.889645501384002 0.886128575401209 0.877079321593855 0.153276547433734 0.852485255113958 0.652410728692312
"cg01699630" 0.855692101387548 0.886244735340968 0.88812588487096 0.886516618180946 0.161591924384561 0.824922606375285 0.72664457561979
"cg16434190" 0.796536440282806 0.868529176406342 0.823755653560051 0.730224670685581 0.0860224555599542 0.638762422192918 0.711849413354096
"cg10487428" 0.718893234249138 0.89242876191864 0.884893753603714 0.888777888783143 0.114108805114854 0.799311227185247 0.66574984967073
"cg07734159" 0.4574956191419 0.910499150173329 0.901652337271412 0.920781974098539 0.0820235976106535 0.868236552368052 0.781885245206584
"cg18023065" 0.401563452438595 0.943521759820615 0.913864975138046 0.922730205445398 0.0558409395436143 0.809165740486587 0.711705014899619
"cg09342997" 0.751958180208931 0.871218530296636 0.870833904780131 0.881852318469464 0.134521154313247 0.822516611763217 0.748238427339196
"cg21792134" 0.863114707562424 0.916332392897285 0.927642553426865 0.921678157245447 0.196578589691535 0.867281719570266 0.779122895936174
"cg14066298" 0.874472145044142 0.939645587412448 0.929694622357385 0.937470436319576 0.194426104640088 0.840571486710364 0.72465473861801
"cg23169883" 0.329515519629021 0.9641168059495 0.967374263348997 0.965848104740573 0.0692797167262018 0.910913967075797 0.702478787173875
"cg19055828" 0.590478201290271 0.883703625533044 0.886247344497971 0.880775045806551 0.0975314450514457 0.832564695020928 0.729872254618405
"cg19491207" 0.510283777062286 0.501927933924241 0.539928946065123 0.378861781568347 0.728215805524416 0.53064400721116 0.479030331695389
"cg27507473" 0.294007059953603 0.154686762413002 0.162126363248476 0.165168740011412 0.46787007537124 0.129377601166439 0.314568974813208
"cg07812957" 0.333623539808476 0.393453094827336 0.450232314838866 0.477704498738971 0.682748452374194 0.359758380500781 0.599686561910887
"cg04391718" 0.31607753672153 0.116328766926783 0.118302867066069 0.123190884478527 0.440480726843977 0.145383637749216 0.140528632761753
"cg04718050" 0.346958040689566 0.229657764686079 0.110978201607637 0.100779711951391 0.485761117275964 0.133952050795318 0.25927574746582
"cg02088785" 0.655917918075455 0.539333420254209 0.455954865378382 0.614797957605715 0.881048003434809 0.574590764608689 0.773555696740576
"cg08428292" 0.619162005646947 0.577989963029086 0.633815314454708 0.782713319755227 0.898142707400282 0.453121522989948 0.662651723825359
"cg06178669" 0.246329988601376 0.065206665707326 0.146879369635649 0.159901252440463 0.453109694713737 0.0869952080145087 0.248194049508656
"cg07680505" 0.495394604909518 0.491377851537149 0.553376849338629 0.713494265889002 0.897681627299521 0.709145866003995 0.755315296616229
"cg10517535" 0.382045544790511 0.346592604504912 0.244987146443837 0.333255734080936 0.683141539872649 0.524985995120642 0.422811055822306
"cg20170271" 0.0577742073240518 0.12721498737452 0.0671773940110017 0.0703520926269127 0.39948025349457 0.0905486718381791 0.12179620503521
"cg16516405" 0.228280045850736 0.107034696438835 0.166139564373661 0.0575027203581758 0.486837860392638 0.135857168782007 0.252506835004297
"cg03188000" 0.204793483142109 0.100395547289236 0.0845349522000713 0.0896059317503978 0.471719327598055 0.121051155760004 0.238911388307961
"cg26506790" 0.298135231435184 0.522221093632095 0.453287735408574 0.441829653925812 0.760530349776211 0.420599807405772 0.576906048098504
"cg06601071" 0.296432623139262 0.115085614373962 0.0932424836732142 0.0841453763281485 0.533862877456531 0.357472130014578 0.236139422193417
"cg07248223" 0.301836933718771 0.0574327024060817 0.0570805314188354 0.054913869185711 0.473712080822619 0.0920710472131287 0.148651628024857
"cg26180383" 0.26615186736484 0.409101685728048 0.192557312677378 0.287129448482818 0.677331178165197 0.485206527876341 0.425985247767474
"cg10825315" 0.10116256948137 0.0700910020086298 0.0795186735672691 0.0718834545700456 0.491858305205027 0.11307426407843 0.431423651846331
"cg02243522" 0.137619972121059 0.281190165021902 0.302050009482818 0.391043127404428 0.65496687011429 0.445985446661132 0.406511765832964
"cg07754940" 0.328450005654935 0.455854819012282 0.155700189086167 0.330435644221163 0.720840321643443 0.391306961811637 0.552888898532476
"cg19039673" 0.262859537604102 0.401419569011571 0.100231501651705 0.133605340893955 0.59242486568334 0.157807398669703 0.309704502124528
"cg08708961" 0.0702059466853511 0.0515688149372038 0.0520217782904499 0.0477037861160981 0.445970788280299 0.077456541733367 0.231725640118605
"cg23889684" 0.0574521452220659 0.0588195902384187 0.0577656430199295 0.0531796560615287 0.435842319273606 0.0768976750089906 0.167753058789737
"cg21221767" 0.104466391750749 0.0594169339468987 0.0819689811851835 0.156651678263936 0.550599084123331 0.336154065414163 0.461561311871305
"cg16047279" 0.32063449054319 0.0558510019422909 0.0584333255546726 0.0626354875139851 0.516707650845606 0.0837686694732232 0.174273699122239
"cg08608952" 0.381853572489998 0.400359284763338 0.370710175877504 0.333360689311461 0.793152451587353 0.361177347242108 0.702387057791944
"cg27058497" 0.167154083937493 0.0807119509882759 0.0654630659806436 0.0511183077123708 0.530543969838462 0.101588747964744 0.470371552450651
"cg12635790" 0.279883266689292 0.0856450250319716 0.11963521938159 0.207514267782297 0.578963520562234 0.131917155071031 0.327704642996763
"cg26341831" 0.134915007477626 0.0668470901879768 0.0691253115357839 0.0515485186135022 0.483511656795436 0.103392966510718 0.144927567579355
"cg17338146" 0.20729550392247 0.377802009107117 0.417103969899499 0.415511604734127 0.724628278083282 0.199480758941527 0.486548789921695
"cg10096893" 0.268509805514076 0.124395894944563 0.151687698172675 0.136669820129969 0.599093239504296 0.214595715208416 0.3185940279251
"cg08287903" 0.507994578814645 0.0848563716889665 0.333817303906633 0.311987749184145 0.766748033949211 0.339454487340509 0.566881635993691
"cg21761853" 0.15632488281404 0.296305025484048 0.10008411287645 0.0892783980909744 0.611802253595623 0.161186606563755 0.484203637915218
"cg00324097" 0.412572533572858 0.176507723365473 0.0503672603069794 0.0705560959028514 0.672331862300269 0.385674990165102 0.385433109767243
"cg00221794" 0.420174952721836 0.0812937489716425 0.541676637381142 0.583562982338856 0.788424888711363 0.200242519479545 0.398253196853395
"cg09221159" 0.46000076886706 0.228053738254169 0.0765000571881928 0.076779563806955 0.690427491041389 0.175690331752192 0.463903203755692
"cg09595079" 0.205015013132808 0.131570220702675 0.184588809883635 0.350272685249494 0.753082220246638 0.663704324444885 0.474398921209639
"cg21774136" 0.679864644364206 0.2466381512538 0.224534924265048 0.299274724395991 0.858897126356416 0.370090299118733 0.389763077062709
"cg25133951" 0.451626457583652 0.0637872015852839 0.251061247405155 0.109638402705523 0.751415542190536 0.140320258019525 0.548682455766659
"cg17843665" 0.100285423765894 0.0823794528832265 0.231666609260445 0.502672707397457 0.712691693043122 0.307508549283499 0.403808418420243
"cg15474337" 0.0988122920107148 0.0852371145406089 0.297104304024952 0.292491634351153 0.688194086407601 0.204712966143997 0.390903771465216
"cg15535471" 0.513739758062109 0.454509660692522 0.123969529972807 0.187905014521233 0.798874506542063 0.151675355792474 0.321408846727169
"cg03889044" 0.470793791023187 0.356517493297584 0.0731515846480248 0.0730760621989496 0.834036732038613 0.420365567966003 0.608940275356806
"cg02368508" 0.299536551759459 0.045296681011578 0.420261404822148 0.447015475838712 0.813469229336334 0.25996780068124 0.481568105139407
"cg00754552" 0.14390087293845 0.119344945665608 0.428082555851102 0.400676502165573 0.805154503656257 0.307752257446934 0.581962457980047
"cg02212836" 0.165944204677396 0.0766155434766888 0.0861766433928728 0.0905199124165601 0.717536503879068 0.257897147781227 0.664435142007401
"cg00795812" 0.255299433522555 0.260895448878151 0.0875139292537412 0.0888985502505863 0.786824381096287 0.418035662444109 0.52426092198822
"cg27051683" 0.494458540237024 0.395296842993994 0.0543837833081035 0.058227882085944 0.906296529165036 0.460005122543822 0.651804148469279
"cg09993145" 0.0801866603657676 0.12643849394115 0.0514339051209828 0.0462997806731067 0.722411060677199 0.0988551190354395 0.476165027692893
"cg23954655" 0.14292715486921 0.0709452383413979 0.0707529785726682 0.0745308086031642 0.785001308174901 0.19722830800665 0.568874493262982
"cg12811871" 0.957093534303992 0.896729907511522 0.961509062953224 0.915633188715578 0.967884928420798 0.146310083350673 0.751197740047265
"cg25383568" 0.937575946423906 0.941223047769492 0.943318531185001 0.9393766846295 0.937966768510394 0.173942171908327 0.80820554916802
"cg24408769" 0.77592329832397 0.945588216354517 0.934128266518012 0.925050591064683 0.807178881374881 0.1193458201439 0.779247464921018
"cg13917614" 0.904593668470242 0.91946175947263 0.923137633914756 0.918353886836163 0.919201942315131 0.155129774621716 0.698930924692912
"cg15956469" 0.930434508808655 0.94587926968795 0.936832611084914 0.934926085475243 0.932696548487252 0.195978096263599 0.849666036322439
"cg21333217" 0.954844608870795 0.960922947457201 0.958708555928547 0.942287063867293 0.961553474945219 0.218780295003049 0.874127556602007
"cg00805874" 0.937894543393569 0.958504983376071 0.962701847833451 0.887498860769256 0.926604486144847 0.187335422579392 0.764335914072956
"cg27274718" 0.87648310394403 0.894108841449075 0.904172622309824 0.891395568535053 0.885610395825632 0.141729181001244 0.717734772559537
"cg05875239" 0.876194858580417 0.898444918583256 0.898251828051503 0.901560123514453 0.897530858245683 0.157518714795765 0.766816237695445
"cg13617280" 0.839782282232075 0.865550475077999 0.864075486393113 0.873653533447923 0.798767610176889 0.104038295556716 0.652035930200676
"cg27582527" 0.843058315929798 0.86445996004942 0.866204524272644 0.864764677005773 0.852125705397376 0.102647459708826 0.58840796410971
"cg02384859" 0.896000936606168 0.908357715851462 0.906701186421298 0.882869151521255 0.906501360389195 0.165642896584853 0.699760927666981
"cg13613174" 0.871800571991059 0.909470645037873 0.908043193077627 0.903655844185019 0.852896674869948 0.16678434527709 0.780537669075371
"cg05656688" 0.891552796311363 0.908285909022555 0.857712544205779 0.721416577143035 0.839840061418665 0.126026398245464 0.698635031010156
"cg22749642" 0.873756008990531 0.894029708445862 0.878314669657545 0.87722650106638 0.865394277800715 0.152501746576672 0.713801799085725
"cg27309871" 0.888090623264382 0.900614725766415 0.902149099150379 0.885445121470314 0.892987941816332 0.170302770933856 0.741130606864642
"cg19563355" 0.846241533317528 0.898877623697988 0.868430350331682 0.851009303265211 0.853909911675765 0.150226129424747 0.77355622134685
"cg24430034" 0.965424727571051 0.965634755952944 0.967467474503416 0.936795337255145 0.968467183065514 0.249296887856964 0.860079549982782
"cg23474890" 0.92214867165926 0.908432699984559 0.808390619977772 0.666980947179992 0.917769489351061 0.157341397019038 0.81564030071853
"cg06040872" 0.888875702830288 0.911828440013812 0.910178495872101 0.877560496706914 0.820751015098817 0.164956649657884 0.731804926184531
"cg07307830" 0.875643781999688 0.901781868646654 0.88595743342666 0.837358066659859 0.89354336904646 0.159024693341711 0.695307502103903
"cg26209730" 0.91870861085047 0.923526232495296 0.921188984255366 0.927147838792855 0.916923212402437 0.207446268259839 0.764383265277436
"cg03769939" 0.926823263220181 0.940996791921688 0.87071656775719 0.712942713652641 0.783949843962365 0.157767308111986 0.770378558452021
"cg02150910" 0.864750091268684 0.894370204306218 0.892046424306444 0.867875841945567 0.868669009810918 0.157935302023913 0.677510829130476
"cg06202778" 0.834915310158833 0.899301323579307 0.893281217150403 0.880898139183263 0.867687248647898 0.149284561701729 0.648954198427728
"cg09115713" 0.928144570262636 0.897907469949897 0.931933521267015 0.768084819927063 0.964141843141185 0.200699019246719 0.789835432634251
"cg08985282" 0.877619798176614 0.879133192717644 0.891473165802366 0.850209767189265 0.887681526590386 0.170178137304191 0.735516948558217
"cg24578857" 0.948799862102594 0.945248253080118 0.904999781152515 0.865036780735672 0.950100967528266 0.225864477638264 0.823719024386425
"cg22488278" 0.881883644397313 0.867706963571447 0.899105588561514 0.864859562100752 0.88974866553714 0.178470337966611 0.770890576132567
"cg26012482" 0.859937559313327 0.889461230498163 0.822297406132386 0.815957695002666 0.850311849079073 0.138937681187193 0.685011400479866
"cg03538296" 0.857110856623846 0.879720338741699 0.871407292803052 0.837060512656053 0.870170287438076 0.157446185213669 0.705102392585898
"cg21821643" 0.853397150028102 0.898687055874468 0.892974248527066 0.873860826675966 0.872363943158441 0.138519920864012 0.503358540229444
"cg05653887" 0.86990504629472 0.900661588073522 0.883212759962821 0.868137647140361 0.879615621187085 0.162212067280037 0.619290369798499
"cg15729230" 0.931269716646673 0.937753038450448 0.885829003662227 0.925174090784184 0.939370150364146 0.236804030035169 0.847193246534302
"cg26275360" 0.855179001984238 0.876767391544353 0.873461426569667 0.865109570974572 0.876628783824183 0.170538796054904 0.721514132961956
"cg18672716" 0.853095940450341 0.89176016938654 0.893830590260851 0.847509135323815 0.855239312189629 0.169100957161608 0.71266027574835
"cg21828319" 0.878298782429528 0.841930974684043 0.899859047287972 0.880298578576669 0.886116541384229 0.192793355099234 0.799727181559771
"cg21634628" 0.881523949394217 0.860834854452847 0.831940457382611 0.847233213951305 0.889148679045913 0.168620157148017 0.696914410291567
"cg10796068" 0.843252230451564 0.891430562458713 0.879429567278794 0.859422254993494 0.865947430783072 0.181194790884167 0.777386095402074
"cg05593759" 0.875541351419384 0.899606015178757 0.889404169400309 0.857469368250646 0.876516744497809 0.177140838535026 0.654116278297032
"cg02663352" 0.88826645207922 0.889129818833304 0.893933519424438 0.878908247461184 0.903248530620844 0.211856320786312 0.81905399743336
"cg20657709" 0.870315251700761 0.882712587442699 0.887093955001574 0.876864321558745 0.879812541682708 0.182597573909652 0.690505844978426
"cg11100450" 0.885836319805837 0.906134414586771 0.889409340163786 0.806887396236088 0.890865121428711 0.18789991705137 0.71902634911606
"cg11978441" 0.853957512867385 0.878565748609957 0.830031072137727 0.759563150150088 0.876359071274998 0.154880043926443 0.696351944226997
"cg21474838" 0.884042836688667 0.898928978118206 0.88396635850558 0.866690783466764 0.886200107830048 0.197244914423049 0.745327267271181
"cg14058851" 0.84219711377887 0.899293508275835 0.892048604650247 0.883158080027487 0.859119748571742 0.190450120273116 0.774286152340196
"cg03831847" 0.961019743447295 0.938699327687494 0.963584105772132 0.869660727285924 0.971585211236306 0.270409116162758 0.861605283479446
"cg01940139" 0.888201518067801 0.895642190914763 0.891709588661642 0.86464128730241 0.886436704415637 0.203153930518634 0.74410559275145
"cg19696012" 0.886076050081779 0.897629294046622 0.901854144906155 0.87159363004053 0.895265432428526 0.21037426450568 0.765123098777834
"cg26227465" 0.843669600133246 0.881090288759382 0.861464932270932 0.778897724250241 0.866889067818202 0.154980234455251 0.630381334895338
"cg10089963" 0.187839623216979 0.175006288269978 0.46322141150905 0.371017135930961 0.191580889838145 0.718227206205632 0.222007574722732
"cg21758126" 0.23280645935458 0.223688939878108 0.570119595438786 0.440866740025734 0.235377252124998 0.778049306552469 0.252644312834289
"cg25887844" 0.191885242434491 0.4980769456151 0.270030887920175 0.307503027807889 0.157814279516038 0.759776495430135 0.398263603423797
"cg15628518" 0.101276256490053 0.219151277942013 0.387502481191976 0.398389191705788 0.0759275002852977 0.678532975130248 0.184878260893839
"cg07675477" 0.200545684377241 0.20920972085201 0.24593005882523 0.350104263947735 0.191660857162961 0.704554241582824 0.243932978944404
"cg06101180" 0.145899064834291 0.150302700507766 0.321782084576316 0.258480858681109 0.126668305767799 0.66472974321846 0.189405442671806
"cg17801864" 0.0936489370478103 0.114191385548191 0.224195233640295 0.324719363471858 0.0958856535465393 0.641314798652471 0.196287847311981
"cg17654050" 0.233181100718517 0.231426951481107 0.549188129307965 0.424846364785276 0.248874032644494 0.793500147948041 0.265742107682089
"cg09747445" 0.520836077905506 0.177780254854835 0.207856567351712 0.133384648026472 0.551342952613861 0.831918479448747 0.350333805134522
"cg02381279" 0.102653753062069 0.127906375440243 0.306003230391561 0.420106204692477 0.11860679101363 0.682990011570178 0.226081601499276
"cg19893585" 0.131753444730923 0.301279282693858 0.5336419066092 0.530542480423422 0.109417095519478 0.768092869259528 0.238354461553045
"cg03339537" 0.137944790801822 0.143853558440131 0.462063746674111 0.337875721591918 0.133858285290293 0.708113742559963 0.180635657246274
"cg22442430" 0.152204773677904 0.0873435783092275 0.0631390218078198 0.0612986298124934 0.337183618078597 0.691633219842632 0.522469843560312
"cg11481582" 0.0678117864263329 0.0541955274576632 0.40806072493797 0.453643432093575 0.0670928441130867 0.672386253681305 0.156664721396303
"cg13318771" 0.059290178020648 0.0748911881187524 0.096673427352142 0.105746873015257 0.111501800441623 0.585930344861196 0.145791426180905
"cg09101151" 0.158159427562917 0.0802971453028298 0.237121584444425 0.2865099415046 0.224052354422451 0.720315819753771 0.442471571716083
"cg22589728" 0.201557228405022 0.154817404675721 0.203568566976719 0.199407485673535 0.229795487149304 0.701551135224495 0.23938565619113
"cg06875488" 0.207961076539509 0.272756933481952 0.414876586533551 0.415805364802935 0.25488425332162 0.785099449282428 0.235413632189474
"cg24728803" 0.129812858852791 0.143222627471743 0.489248702761949 0.581021049667115 0.117802737144053 0.749515267326542 0.178518933534785
"cg04887172" 0.125658358067133 0.145438705291286 0.385137862052587 0.443421155489315 0.0824287847822096 0.706203706289062 0.145791871025219
"cg05608790" 0.167518351108337 0.128194488551275 0.330726673563224 0.610678629896477 0.270889899734311 0.777613709441103 0.277558998384535
"cg26823762" 0.0715467569393444 0.067390725618678 0.173557778760907 0.360000062265072 0.070725844941749 0.636776642392293 0.146506330981571
"cg03548857" 0.0644675324774325 0.157234215508414 0.159879630256125 0.195186880973078 0.0698785122584649 0.623644587202334 0.129090199127523
"cg00629585" 0.144595411574836 0.160349064906596 0.189601621152255 0.214501199642697 0.142998847448027 0.673659083343003 0.192183423131557
"cg26348226" 0.0901363291352452 0.079229293661708 0.300557750085551 0.456361344985262 0.115966932019859 0.697861169064346 0.215584218090916
"cg19736900" 0.108740688608286 0.105966734603307 0.467096600166958 0.575915515824108 0.106964110230894 0.748301520522553 0.228374048271858
"cg01447281" 0.0707445183888616 0.133379003458316 0.0811075057633149 0.124240413448364 0.0762463996640633 0.612522263225988 0.175754189206785
"cg09958402" 0.0552723647978656 0.0488384874884422 0.342521873106034 0.503974035325332 0.0679730203468591 0.692374049944474 0.228710748856053
"cg15356966" 0.0859511335363662 0.110100438441434 0.298674503497033 0.191532790259607 0.0820391081422892 0.654733589607668 0.1531143002741
"cg21232161" 0.222984975371118 0.0954143799208313 0.265511347739998 0.340626046733551 0.101932436359919 0.764930615410185 0.521981737228051
"cg14649507" 0.0859871853224999 0.0566128016684656 0.433761069085604 0.407517832285724 0.092737811779256 0.737536658845286 0.372230579401559
"cg10491452" 0.0731632828880076 0.0684067622927226 0.16672896102659 0.266967165421019 0.0718911734158992 0.639793026162731 0.129715828522501
"cg00084338" 0.156813940624917 0.171064667667691 0.116770060633333 0.361661935838608 0.133201194176288 0.695656540676696 0.145813158519223
"cg09001226" 0.0924685669995583 0.201232250408295 0.283496287522007 0.199880726943035 0.0883314243858447 0.747395450292042 0.576321561708341
"cg26971042" 0.15194838301201 0.08300024309135 0.0830403414803906 0.0727884020207027 0.166549722675545 0.64551885774133 0.144665164119232
"cg03837680" 0.0606917950075517 0.0695919711529902 0.116166644175866 0.189753373930036 0.0550006256557004 0.654855591173772 0.327278918589412
"cg27218978" 0.241287296915327 0.176968377887463 0.363212374249474 0.47398144836368 0.101949584211572 0.833390725331997 0.545203850601251
"cg03780927" 0.139810714074416 0.214810661827238 0.141699695511693 0.104301959231665 0.115470683104605 0.675562563145849 0.140326537652732
"cg25045219" 0.133118657847832 0.401840492825878 0.105428792612336 0.60623583018529 0.141797771175887 0.777157985225712 0.205430992090624
"cg06117093" 0.0807935175692381 0.19051214303271 0.170914900210693 0.352634160184851 0.120719902273911 0.772994449974337 0.619967602289976
"cg07687131" 0.0805556057985861 0.0644936705622012 0.457566156599725 0.527392176255535 0.0662745073337905 0.73711215398628 0.114062569362081
"cg13404688" 0.0872765387512796 0.148196568159719 0.374913884346643 0.580861810124824 0.112810585014408 0.804728466824599 0.398664334800114
"cg22897715" 0.0537699438983515 0.08761135576352 0.250196054958775 0.252229183022995 0.0490195769682474 0.682703039603714 0.128318084720809
"cg07381806" 0.097479745289958 0.0757318242262375 0.101304484853489 0.103113931353403 0.212887418111651 0.737207980960937 0.505886653456479
"cg11173131" 0.0608131197800221 0.0695218092541384 0.230287912911687 0.323649307499526 0.0589274018922995 0.718274170881962 0.198648970080688
"cg12273325" 0.0678283460554767 0.0823695994326702 0.103773141124083 0.195673306394586 0.158831531700359 0.70852970396221 0.239275156940084
"cg18881723" 0.0774650948112947 0.0639385344592272 0.0616640410867532 0.166439406714626 0.104716984084083 0.695010228153898 0.245118683826587
"cg04179740" 0.0777749091005506 0.207359063729625 0.0787451912187579 0.0653754291894652 0.0808395331000856 0.747727306372826 0.51283839575387
"cg11358405" 0.0485089860486425 0.0383836159113164 0.192840530055916 0.321442633451546 0.0352526916107321 0.729503083926335 0.158165961440559
"cg17766305" 0.0647985341799056 0.055670897729389 0.0932376051262965 0.202638927028653 0.104778431551794 0.837923009898673 0.214366343991182
"cg25105522" 0.897593817318971 0.916258249992232 0.851471828978705 0.868961666672243 0.827473643185732 0.874521305165855 0.191275150984896
"cg06768361" 0.885985204701634 0.955447942177724 0.953744348148386 0.956718625308415 0.88054654344672 0.934059682667929 0.261876763663975
"cg14203426" 0.955522400888726 0.959284871417091 0.96509376313411 0.965786731347656 0.93631482935868 0.948328944093052 0.305108194562023
"cg15974642" 0.899955785035063 0.903441105277989 0.910098989063392 0.909056122438959 0.891650336712645 0.902552987026208 0.257423693932851
"cg02349468" 0.96559035412571 0.96493060744723 0.966383536674826 0.91003717395778 0.952780818105681 0.96351640056924 0.312726749951239
"cg18168751" 0.966497696420396 0.959536469920236 0.964238686016874 0.965201202919945 0.958456098189442 0.959720198091941 0.325499666887442
"cg03445653" 0.88186273693349 0.893156093965054 0.876608788350661 0.890117209932381 0.879147614988345 0.845093514251693 0.269433293061349
"cg25580656" 0.958523357452601 0.961384229583673 0.957741986009356 0.956011688523975 0.954049838636093 0.927778351244005 0.345513060145751
"cg17052552" 0.884385902344401 0.892630376622804 0.881688533656964 0.874860124076252 0.880607432498703 0.870957842280428 0.273687895648633
"cg20151221" 0.912941302864407 0.926332703774544 0.888364459931845 0.908382487357605 0.908397335517856 0.903267868490093 0.30391889811404
"cg22379472" 0.90201478557667 0.911686357998988 0.909915586691586 0.901126493839763 0.893684019521549 0.893841740320111 0.2976633564463
"cg22353369" 0.894988032204983 0.904170923861361 0.882112004133488 0.897688698768334 0.892277772193352 0.903219724129393 0.292218972288734
"cg19586199" 0.908475482767582 0.95802783276314 0.952648777868222 0.954503942229748 0.916220976077222 0.946269534995027 0.332875841943862
"cg00344445" 0.768714591568978 0.941697399079513 0.950991628801821 0.95274620920781 0.444882886384654 0.893632466901847 0.213688553705203
"cg20555305" 0.908441154721235 0.918137545737526 0.920203701284063 0.924083739492761 0.903617037634895 0.912420317257138 0.315334460938271
"cg10594510" 0.949037352741072 0.960311000507413 0.956064125394773 0.954384334807005 0.939439342038913 0.916100925337647 0.349574410130834
"cg23678058" 0.871026581706246 0.893905245093072 0.873715907179558 0.894679306333773 0.845588245709858 0.83243881053447 0.272737250884277
"cg21768884" 0.943805813882618 0.948387704017148 0.949194307459812 0.954275640014694 0.943904146914498 0.949591249898281 0.359138454653909
"cg14160419" 0.703815281021552 0.914945707520177 0.920932361732977 0.92845978819217 0.847983370015776 0.889788318680042 0.260353653236217
"cg17927096" 0.853666374206271 0.896738809585406 0.888775573324727 0.88369345159826 0.849219408673688 0.882571369004179 0.287496211405645
"cg26159832" 0.816314230685 0.887072031984151 0.890951656468212 0.886808571381445 0.80897107232226 0.862534338182605 0.267926222498145
"cg04120520" 0.881693115716048 0.901896393700978 0.903380134937799 0.89640271599984 0.84823080902424 0.895178564732669 0.301730034556644
"cg04643690" 0.885064545446166 0.89644239293701 0.914742077787127 0.915448765399313 0.866621031257442 0.906092231929057 0.311743303324666
"cg26876834" 0.879154903087949 0.90753868484385 0.884041415564436 0.883274078399194 0.874730444027613 0.896030096757277 0.303717673810396
"cg26811065" 0.882269931988061 0.883733446515384 0.873432147398606 0.8777730048213 0.855795649220757 0.855573974684689 0.291906529172873
"cg11926444" 0.942656189784565 0.946170802957716 0.942549161139392 0.947755854453893 0.9351113362817 0.945527587767355 0.363572395219629
"cg24134897" 0.905904109359451 0.925660778847926 0.920171648302155 0.92343891231045 0.911612381499194 0.910426595540276 0.335572694221911
"cg11759194" 0.888154066178639 0.89666439377103 0.887476845592824 0.897636749778671 0.882669540156418 0.871610828742893 0.308725334491903
"cg14267862" 0.844008712490485 0.882269414281779 0.88820487899046 0.87762978441907 0.823893663335092 0.848683488030054 0.281075469786699
"cg26504110" 0.967031564718623 0.970481385865537 0.968985839189379 0.970354392717841 0.966004071162303 0.967806624251703 0.392413554284302
"cg00549574" 0.826592896425858 0.895872040833928 0.87477030050047 0.889230840321223 0.813079291887435 0.853542982606664 0.27912864052384
"cg14166189" 0.874968733168769 0.889980149807069 0.885242690072291 0.88674643061081 0.888855012424698 0.857603518103572 0.304809247956447
"cg00529757" 0.891270729010565 0.89264292743342 0.888854257433761 0.901733290281116 0.891198135764596 0.889973983159742 0.317772275677122
"cg13995599" 0.955482486613585 0.956816589640167 0.961807583750425 0.955377585491419 0.954129016619967 0.950822971214715 0.382394461128021
"cg15856832" 0.889358240101873 0.898905507204097 0.898836423239172 0.904979331734709 0.876013938467979 0.879997733802912 0.317647716652816
"cg08890627" 0.875052427178856 0.904256041371838 0.888017254166721 0.899029799176611 0.869978154085358 0.889147038198357 0.312584380535063
"cg08221288" 0.910731387878317 0.916334891623913 0.922883921444757 0.911282069187102 0.912645361109208 0.909955324718159 0.341133946783236
"cg10897459" 0.884104145632494 0.924284251833661 0.919210922659395 0.916762351042018 0.879498000318988 0.898236542780925 0.330084210647988
"cg02814691" 0.889129141466295 0.899283740535944 0.901546832797931 0.905000895285342 0.881538049815605 0.894153301312037 0.32321696197122
"cg06761220" 0.879051105990618 0.897043524632381 0.904640402355571 0.901568542994869 0.856766032855302 0.428102138664003 0.254428018596915
"cg06732667" 0.967831872653181 0.965797501280078 0.969833149758018 0.96804950315365 0.96589855582298 0.966726745986533 0.396967170105861
"cg13904968" 0.876531827216991 0.892885128217089 0.888254329461687 0.885455000550398 0.873943608538931 0.866516753282295 0.31005452242689
"cg13928485" 0.816794077129514 0.870658110761768 0.847962894180526 0.851980260905037 0.770598332876539 0.818791525312238 0.257517894899022
"cg04315923" 0.93479056101932 0.952773089023404 0.963578804568156 0.966132898046589 0.89313213056898 0.954471262358031 0.37244878246674
"cg03767333" 0.84241042397776 0.877453346158 0.871149506311644 0.865247928470274 0.814076965600608 0.821707478495244 0.278304894734183
"cg09899564" 0.866566432641946 0.886860003981594 0.877870614562918 0.890026834056009 0.849161796490507 0.876338271636853 0.304320761847048
"cg08640475" 0.942372396404936 0.968333410413529 0.942864595463248 0.91584908161848 0.777281283115384 0.935397956301129 0.347944022633047
"cg12099546" 0.88106644494809 0.890172788873689 0.903783683305191 0.896734341838744 0.885744163733249 0.892254396927944 0.322581250018858
"cg12973904" 0.874947938300504 0.899621751253634 0.898509927132555 0.896515535755615 0.870184598774669 0.886465895482685 0.318419372017352
"cg04228042" 0.886333982798212 0.90247691583719 0.902165477386429 0.902275354397267 0.882554275597683 0.894718184670063 0.326441965714855
"cg00092400" 0.0585278063742479 0.292655389904182 0.0671758697085335 0.0618714724815654 0.0895762955334923 0.103272358763382 0.459462702325531
"cg00360761" 0.201349514665991 0.216823763548044 0.316202345934925 0.304545645328903 0.213657611214468 0.0674548966230768 0.577228556781253
"cg13538637" 0.341007941232415 0.095282478507084 0.110583420053184 0.0946577541521584 0.356125622051639 0.396507379186109 0.602169300075216
"cg09977703" 0.171467054520658 0.295324421786766 0.0282625483414281 0.0276442928729671 0.140615520344553 0.0403053814195492 0.485830673331712
"cg19918549" 0.0993418633549118 0.0818189467736068 0.0798286467742693 0.0707701419705876 0.217206814226625 0.10671002541984 0.468269114510868
"cg05596756" 0.0554717826425707 0.120065717975348 0.0464012619024303 0.0476433947949812 0.132134987902975 0.0803093254250197 0.440566685178338
"cg17707057" 0.11586367811218 0.241016700648568 0.0866637401528303 0.0759649397399625 0.0818547910769426 0.0931929706732028 0.479688337250739
"cg04754652" 0.132563152073776 0.113061622772695 0.0682756568098697 0.0686656924026178 0.270900254531123 0.0840322543875629 0.488643557717712
"cg03638781" 0.115424839581708 0.114965520261332 0.100595624211124 0.0902090275927047 0.136794083065098 0.0897612288390007 0.472196630388333
"cg19233405" 0.251372653309196 0.0220679359104446 0.0225902923396681 0.0521935492359129 0.289984033637175 0.388044873994578 0.540529190005675
"cg10185478" 0.0930152331490304 0.116537327137883 0.118832528379931 0.120654916083443 0.0860122599962016 0.37653280320705 0.504641808747419
"cg05021589" 0.085031583878282 0.0644616266022419 0.0868426111141259 0.114846011475334 0.508253248315585 0.199579371164582 0.532512198511524
"cg09742465" 0.0627550697222265 0.0659875455180467 0.292449957236169 0.222700152948377 0.0753539131573687 0.0641013860797078 0.488810800686569
"cg25700533" 0.213398419488192 0.0738831874479482 0.397460206536938 0.211810542232802 0.297270125922518 0.540165112780614 0.643992650841296
"cg11630392" 0.365946172358114 0.21891907184572 0.123421531016798 0.120424573348921 0.558920588088776 0.179515265908511 0.651325649506146
"cg09729012" 0.207230118713194 0.185123186541797 0.159511828056904 0.178222526638081 0.174008322339163 0.178493475647901 0.560011795152161
"cg22184990" 0.066771829382776 0.11930771492035 0.111278393312891 0.0935344489677544 0.0788630971532643 0.0766460791249918 0.467844943187858
"cg24138325" 0.239292421674515 0.0932133812087294 0.240705877314284 0.208823872732501 0.109383999818727 0.35834587958217 0.589209883538272
"cg05614346" 0.0636307011378431 0.0971261505911939 0.0649804288384552 0.0625714933683142 0.0649175784349222 0.0704219379967524 0.451348696769994
"cg03094728" 0.146649727994125 0.360441627841786 0.159769613805162 0.121290587584348 0.146263332020002 0.129019495853358 0.558757488885424
"cg04466898" 0.0632370203727118 0.065114005598095 0.0712839746393469 0.0683200010119717 0.06620553222591 0.0642876478865135 0.449501385739434
"cg13203135" 0.130897369018877 0.0920800996666662 0.100673797694103 0.085734824922864 0.544513148179382 0.210750163701634 0.572687051241288
"cg20660269" 0.175692131695635 0.0312124165749544 0.028294268585858 0.0338575419744119 0.0460444828804878 0.0533942288765593 0.459763491046266
"cg13962347" 0.0711514935232961 0.0553665168842067 0.057108095080287 0.0489038981163358 0.143540277670184 0.0610506195464449 0.459883267933299
"cg10825530" 0.205520460585778 0.588618464886379 0.159743620919548 0.13921067114533 0.352572258840535 0.143634470892282 0.657876453665603
"cg27540367" 0.0659664736248853 0.412792468917997 0.141699563340116 0.0718150047968964 0.0686823814341849 0.113599999879561 0.533542082071529
"cg08317738" 0.110216017839906 0.120015477908819 0.193729400027184 0.24724793077732 0.1172359807693 0.130647347665845 0.548076353746416
"cg13639901" 0.116119998140938 0.169809020582604 0.124548456391101 0.109531664085514 0.16044772060707 0.11751082343016 0.537054650366749
"cg08574423" 0.0660035994413609 0.0365841756243859 0.0354010610945059 0.0411926960533594 0.157668018342804 0.148449990123702 0.491019244309161
"cg13415831" 0.0581821276966059 0.366939756926804 0.119167849458003 0.12920347194714 0.0509574176170349 0.0597115744308728 0.541548399708459
"cg03422583" 0.0458386813229703 0.0528402188560078 0.0780440824297472 0.0528521901156591 0.049096733756152 0.249724638776955 0.501985146486085
"cg13408344" 0.260596867554683 0.146858267501685 0.0913821085324999 0.0760172512094618 0.415563947318719 0.147582918166832 0.623282708876275
"cg03636488" 0.144166651697151 0.0857908319567702 0.0995028981804643 0.107813710468467 0.215960965694506 0.153253950342689 0.560063540419644
"cg20472746" 0.0975491015812758 0.22520331567157 0.0803381351393468 0.0745449124917396 0.231369707851945 0.104936069446064 0.570366544371961
"cg25598890" 0.053422250767657 0.0750065732074665 0.220168414904535 0.0747069786971299 0.0572238339857325 0.0563192678827047 0.523742423965632
"cg11958644" 0.048625976456761 0.0499437887790407 0.112134304886271 0.135838833611197 0.0572743827027664 0.2297474825301 0.533780014255604
"cg04987734" 0.158843104701554 0.0517181270789898 0.0635390046533835 0.0731604962244013 0.227352513557514 0.215397692235813 0.575974715349953
"cg06637812" 0.0946394898657382 0.101913662622318 0.0598128539764384 0.0595004953992754 0.09576221935169 0.260302716894682 0.550145487196083
"cg15694422" 0.0980391598365897 0.163878562944634 0.412186087006611 0.172643359291573 0.110154474007995 0.590748302300255 0.680406576082304
"cg13810673" 0.06345819052625 0.42682702231843 0.0636748161783693 0.0539510678622343 0.0966589625445851 0.0627251559018764 0.570908285659557
"cg12634208" 0.133208794167312 0.232430926018391 0.433344868544032 0.418574129172821 0.132209169981255 0.255260550874847 0.697317275562976
"cg15153141" 0.0545398233657246 0.0552990728303124 0.321844972011989 0.176788854233466 0.115783478676356 0.0966883177934314 0.575621579252787
"cg07884764" 0.217570396448369 0.0910183640326808 0.134234954083336 0.0886151740018499 0.182437852165342 0.0810449585035097 0.594018883613666
"cg23966363" 0.0909710316429273 0.139453041375539 0.119069541021888 0.0699093753645891 0.0776248023722178 0.0703694181197152 0.547320112224996
"cg08098128" 0.0695173177363176 0.0985672932497036 0.0566107743563273 0.054219385710971 0.0526262159008152 0.104092599130516 0.525061134345267
"cg06832898" 0.176701408421288 0.0569288490446743 0.16220256099329 0.30453315494465 0.0660023918175901 0.577671561722498 0.666603218286234
"cg15752436" 0.0718939774567709 0.0563535965504594 0.0584002381880208 0.0554191084671673 0.162137245281985 0.0626834090194822 0.53697567274532
"cg02003183" 0.0639185697934465 0.0438811196542594 0.0452697991882706 0.0466428594360822 0.0956995762598929 0.0868515000623437 0.53409046255397
"cg10768932" 0.401039989886342 0.0621233398035275 0.0611796499922682 0.0611091436343552 0.075909836672956 0.073969078400415 0.644272224071479
"cg01722297" 0.157122853947314 0.438625684669048 0.158076517489379 0.136292105329411 0.152832831500489 0.217144649695667 0.728298760314762
