"CD4" "CD8" "MO" "B" "NK" "GR"
"cg07679948" 0.0921962497427962 0.342211249723297 0.964262477690005 0.969573399702629 0.950418654493587 0.971215934558487
"cg00366435" 0.0751307430237864 0.44687974519566 0.908925845535541 0.91754877444762 0.866178832191276 0.923258388509791
"cg07970799" 0.137732132151805 0.501664859242812 0.941277115802304 0.936390146792412 0.777009969904375 0.948374448750211
"cg11848483" 0.0856853187746078 0.277303912212277 0.924103892174934 0.904369855131781 0.908305623596454 0.927879314694326
"cg16452866" 0.0967817861909467 0.199133571075147 0.933409234319312 0.954150231676142 0.94653965785941 0.957848561584233
"cg03388043" 0.0470795560662394 0.0497928717612954 0.93041976458873 0.944353616478552 0.708348573047039 0.953565332952925
"cg14477767" 0.152151624632009 0.706484006920407 0.843037820202565 0.842344585099904 0.808543155306566 0.870627746995596
"cg11236515" 0.169268295610823 0.405580841766227 0.973578771655891 0.946300570733122 0.910074361986892 0.980277465922774
"cg26166854" 0.100095591508525 0.45345239137318 0.852853826324261 0.864503688840642 0.703175565209818 0.882572016583759
"cg24841244" 0.045768375860322 0.0480363008243744 0.901654784767904 0.914364774489091 0.748266399250033 0.911923496383162
"cg10240150" 0.0799083384248507 0.278620328246172 0.871407936228843 0.88751200927008 0.796520077107188 0.868153251125543
"cg04340595" 0.0672321834136962 0.133058577470599 0.932619894886307 0.916336781909996 0.479714570022808 0.939613327537994
"cg19001909" 0.146058453083458 0.247988736327015 0.957835445671995 0.961543875192419 0.925284575210928 0.959976825315048
"cg08884752" 0.118034134658677 0.492640864985851 0.802151625587517 0.862572874360262 0.887563940969474 0.847831402321873
"cg05074138" 0.11678882855206 0.373207620417741 0.879351289197524 0.872467033058828 0.836784895262322 0.872817869857023
"cg07786657" 0.0490053161642611 0.0495557807187611 0.951301296436244 0.956198833745211 0.112553580346901 0.955455965489253
"cg10837404" 0.219873334879804 0.692084385969358 0.898231418706558 0.903887255356329 0.912679331063529 0.914399895748498
"cg09032544" 0.0573727278244112 0.0567502633926813 0.947598986952637 0.955942355608604 0.184110065942808 0.959226407834914
"cg27583604" 0.152718003488612 0.580468891276713 0.887944734529352 0.801583539172337 0.890456649057219 0.842535949088043
"cg16173109" 0.147136583344096 0.468716455450989 0.878610875117882 0.877589079803629 0.826906241095188 0.879612006617602
"cg25226014" 0.0730046727782468 0.138462675238692 0.91770452428904 0.896502791383018 0.528525994288878 0.919626472251558
"cg00440980" 0.104351696968481 0.377510277779276 0.802968989648276 0.875061315501667 0.694081790289729 0.889366661858874
"cg24662823" 0.129250260970431 0.37043872076511 0.890476914131439 0.895587078247774 0.686447384664655 0.900525676937314
"cg01154505" 0.222519554956699 0.624684443485583 0.965253220083099 0.813465001775921 0.955183797887024 0.973888201304157
"cg05705140" 0.0839055831687114 0.23033292507914 0.89281153610872 0.795670459166668 0.828997539955567 0.90218866196609
"cg00620024" 0.156424460734709 0.427591169327606 0.893255623957354 0.883806205543869 0.878005533248849 0.904360769893334
"cg11465943" 0.22051219319276 0.632978002337186 0.915582267833724 0.899982209026308 0.89488539598717 0.921762329737743
"cg06915826" 0.0913792856774276 0.267575877414454 0.847420297375502 0.845463239718353 0.854593213167677 0.865025613235846
"cg09016797" 0.132446757358912 0.3963844128858 0.867217516807257 0.868614326402925 0.875546026782189 0.861073885015168
"cg07545925" 0.048247552986562 0.0435202999619199 0.882175185869911 0.876213707251262 0.674284022108138 0.888021062332281
"cg14522718" 0.120546212989402 0.201336411395944 0.937833613856278 0.930927398924861 0.683008905570775 0.925766062407714
"cg11710595" 0.185988447243219 0.589667342427434 0.867951430072338 0.867383898296934 0.847711213981638 0.895892306741905
"cg11162888" 0.128407810112446 0.3024577112977 0.888081492722066 0.895386840498146 0.824454834808025 0.886869425229942
"cg07015803" 0.15317082308971 0.238628806313816 0.923907503874592 0.93557410168404 0.94050500744335 0.94165836648679
"cg18758433" 0.0966296699478465 0.216860301962794 0.867005249558372 0.877979998174129 0.702620319011722 0.902059038117604
"cg06164961" 0.0554653158533905 0.057130886048499 0.876482633394699 0.886316037469576 0.607767423245069 0.890776677670265
"cg13619891" 0.118941660753099 0.127620369654845 0.925044506982522 0.925741289497188 0.832897855099158 0.930440338362977
"cg04180114" 0.0918521450171421 0.219991785835975 0.855299646309529 0.846711215717782 0.820908705906862 0.87265713572232
"cg15564619" 0.0747811884277485 0.361533261396973 0.671087989445424 0.915454693416398 0.864016629606076 0.752805873980943
"cg05070273" 0.171616416526599 0.498818608687957 0.861641227462162 0.873809565304179 0.884646197931315 0.877095295951565
"cg07748255" 0.0898513252523374 0.171709566414562 0.926865526345812 0.935531154803717 0.112080121290118 0.94339607409729
"cg26852712" 0.141360647148309 0.400773445366557 0.877724242272528 0.791718006534901 0.84009487347893 0.916820824145914
"cg24612198" 0.0935386491012379 0.106209963091899 0.899504489867638 0.902087352739541 0.736035558973506 0.9058117073031
"cg27519392" 0.12437102105539 0.329442504376092 0.863067162392826 0.85409343460033 0.827215371022353 0.867373066644004
"cg02661764" 0.134962095799826 0.539920284857706 0.75847882420146 0.836111749340048 0.871880534103868 0.807301157086796
"cg07728874" 0.0581588127510814 0.0576860945733174 0.870838553657165 0.870314060830743 0.701579516230936 0.867449043970155
"cg18735089" 0.136098725936863 0.230950738591668 0.908789874711556 0.894189522980459 0.840904103990336 0.924074859137169
"cg13651908" 0.114140772218554 0.35083349272955 0.848616782884623 0.84968127220759 0.751315775033335 0.83530869655956
"cg17991206" 0.109254535019701 0.370522789967452 0.855024908456851 0.782598817498121 0.777498271229168 0.838964439360235
"cg04280772" 0.0969889175893379 0.201369930921187 0.865648647058272 0.881238929023383 0.695845016383235 0.867361363243348
"cg26402417" 0.901664150926156 0.894274012560723 0.133882913052317 0.267259309346745 0.561745758150805 0.156798235385276
"cg22539431" 0.842383374247069 0.820074477933707 0.06949886670401 0.230908581890191 0.647907666205771 0.0508517610396861
"cg12774429" 0.812390903460494 0.826601733835163 0.0773575306952853 0.0806237382937462 0.589330742680963 0.0752433399510459
"cg17744604" 0.747936338300812 0.564398853988377 0.0572096696980243 0.0911468240748928 0.587422048052203 0.0681762470922483
"cg02386311" 0.789496890144671 0.744493568946502 0.0848035182609281 0.047258059476864 0.579113310760472 0.0832840808340679
"cg20090290" 0.855121780237777 0.851528917293477 0.124540383583464 0.134619929854996 0.809706552765103 0.0655134104045513
"cg09169413" 0.812386292702941 0.814321019422292 0.0867072445586073 0.0736948773513554 0.422660675318864 0.122934013622452
"cg20049422" 0.88680586808788 0.901050905807403 0.0562469378421915 0.187782383504983 0.862750522944721 0.137819117459082
"cg06422467" 0.860948863458807 0.861871667105995 0.0529936449022555 0.248638231888057 0.65784049209008 0.0660364365117326
"cg07280097" 0.806552219642406 0.808083335834715 0.0920789279334654 0.112813674017592 0.435926005829631 0.0468577208452711
"cg24401262" 0.807510074422827 0.838984636796075 0.0423755407102219 0.119035593181354 0.53678190076125 0.0311065244824206
"cg10453850" 0.887523255481216 0.890851673466043 0.0553466841586802 0.340879147966967 0.674943439444696 0.0441042829665618
"cg09832245" 0.805570825880784 0.814231841356857 0.0777737664407696 0.0697928548631803 0.542631874753738 0.0553188961738594
"cg21400549" 0.819934843138876 0.541588507355384 0.0722706875186423 0.506717829394795 0.0493901588101633 0.0934906001962739
"cg11787160" 0.901555724366559 0.899793133099232 0.197357004928939 0.230740036409958 0.227171588154609 0.182459972400891
"cg16563370" 0.823647269731494 0.835870508215404 0.111703082108264 0.180212961855273 0.102798292909399 0.0820607669386341
"cg23671196" 0.833758902857859 0.864360639337444 0.053491978340476 0.0923247545664199 0.720692777433215 0.04841590751341
"cg00409104" 0.829606367613172 0.836039492028807 0.06533457532734 0.0642038696554482 0.776729441891682 0.0565807912265684
"cg03574571" 0.809925546933851 0.760491634780249 0.0899555290082158 0.056858411410882 0.61472039815134 0.0740685555093511
"cg26923863" 0.901336107729861 0.806081754623145 0.0468535819860496 0.625306339562256 0.0705652937264931 0.0411369253301308
"cg18907610" 0.862452526285051 0.870240824759611 0.0615696229716862 0.133987680172383 0.790100637978153 0.0822241888323373
"cg07834069" 0.873221314621713 0.870692321399721 0.0697576373101809 0.227056373810641 0.65283906533744 0.0553075988659669
"cg08545593" 0.866956402805888 0.876865836367785 0.0678937261767407 0.135890027954811 0.835804100577165 0.0612103204838016
"cg05389236" 0.949486187734498 0.954080967540552 0.100601255008831 0.155030155258683 0.904987070178469 0.259855970362958
"cg09885622" 0.836829072398094 0.697606736054188 0.113479153027733 0.209451514026414 0.100060802112342 0.182371403078223
"cg16824282" 0.872395096796227 0.869046773809881 0.099353296397242 0.16902794111021 0.657714028959796 0.0504321184138758
"cg23379806" 0.801762712762211 0.791600585968677 0.0678509832605281 0.0623695250858575 0.326695962714435 0.0559872986533554
"cg01231183" 0.861359691803867 0.824684576203783 0.158718340039281 0.101006926417894 0.362268744128364 0.137051593966904
"cg16922167" 0.839621141443147 0.826514856038094 0.0844706148293641 0.168825089320159 0.256648581234632 0.0743782489574607
"cg18150584" 0.866695203649813 0.849677888506797 0.0656126950222093 0.161662690487094 0.692212942052387 0.0513953218096444
"cg12465678" 0.86741035105149 0.688939530123349 0.0728569944300212 0.480836506552821 0.087416584716212 0.0581278536848329
"cg03746834" 0.877603536570967 0.8782989134098 0.104916274740103 0.0859932898717018 0.800442259304136 0.0722192980651382
"cg08772789" 0.852911919062778 0.835050012369277 0.0848573233442012 0.0661570713200086 0.725986797671094 0.0665362750760955
"cg01925950" 0.848013144418793 0.853711961583831 0.0500036311969367 0.0585834114597688 0.650104886275202 0.0723376091704672
"cg19628988" 0.822111961384976 0.742806115312765 0.0680372806979328 0.204979231147091 0.0622029689794544 0.0703326648066546
"cg13468685" 0.815765266113839 0.672724291088699 0.090514369933825 0.212271777342542 0.110383047341352 0.0645746626246139
"cg09287328" 0.94896955091993 0.945516003487769 0.128679343712057 0.101914948460998 0.774381235229314 0.234621564308578
"cg20455854" 0.779511947471335 0.684816681851133 0.0435479343063822 0.108484550138507 0.0788621634039477 0.0404336994791646
"cg11377213" 0.85913425284653 0.817567169716911 0.0598347955104168 0.11011933446222 0.688801934096833 0.0562171989979094
"cg23582982" 0.885503033273577 0.888452811654767 0.0479404656691224 0.269091478793904 0.360762198549495 0.0366958937653127
"cg22742001" 0.872759072876805 0.859157237717954 0.073095617835497 0.0909472691627641 0.695915848537309 0.0486341103180273
"cg15935770" 0.889281307580254 0.899183272667998 0.0657621891491279 0.0869677068611269 0.765363156797394 0.061349437626279
"cg22152931" 0.889304421288121 0.90275762407759 0.0684060509558626 0.0757517615007115 0.781711880772814 0.0584474346958807
"cg10376161" 0.870351637522017 0.855611035080163 0.0517195159980132 0.0558886898989249 0.767054376960214 0.0592460888165118
"cg15982099" 0.897901508821156 0.902074586585792 0.0795269693923056 0.0636154839167223 0.795700836435875 0.0603403223493101
"cg24448340" 0.893832717405131 0.896196381327876 0.0564417297554751 0.0932496906757792 0.758273578639605 0.0419838855945387
"cg07785552" 0.805377426094534 0.663989480366797 0.0639370666124348 0.0556306125209021 0.107692429708777 0.0548173404287729
"cg23249922" 0.958448437057982 0.964438189642588 0.0473810672075086 0.0451507150962632 0.837388998444518 0.188226102225289
"cg13448978" 0.897662219109083 0.870416176225439 0.0517531983482239 0.103747467431542 0.199918999715851 0.0422690858157124
"cg02380585" 0.865979929795848 0.836060535998065 0.0377458650527037 0.0283263098032603 0.0323056401457319 0.0256363930896202
"cg25939861" 0.7596294571445 0.0727001549721974 0.850696123469113 0.864570649999903 0.581569010398324 0.867864814203227
"cg00219921" 0.785855027734391 0.120043802073589 0.886839337609382 0.890899631794141 0.827097269838744 0.891637054681137
"cg14094409" 0.387452960854616 0.0733586480775179 0.956468153434799 0.906149602971575 0.156044365749314 0.962041191435035
"cg22512531" 0.435392670460023 0.0703276525698306 0.872167765153595 0.882013530418718 0.331487996148781 0.88057315685546
"cg11531557" 0.58640591360208 0.152074345092077 0.887779188115866 0.890489440358142 0.802522430787727 0.893443579750952
"cg10977115" 0.351268300099691 0.0731300937289109 0.884056589853352 0.892783533501098 0.374459509638436 0.894657653441879
"cg04042333" 0.481051828822748 0.127057295178824 0.954499195708395 0.898143773408835 0.0845978510740745 0.959724102194367
"cg14506192" 0.456887815614038 0.107929187722498 0.893243226151651 0.885777440849405 0.156213346313074 0.898693389789514
"cg02324835" 0.337619849913785 0.112243403025616 0.850196751135206 0.86380959679158 0.723849760861962 0.876485960371803
"cg08418872" 0.620119368790306 0.194455260737834 0.926522479278867 0.953883268168689 0.292244520948783 0.890214077406944
"cg04759756" 0.380180922661831 0.164302130726354 0.90346808079137 0.897965430364813 0.693623570240696 0.902897766880035
"cg27470208" 0.0923243467550411 0.063369031300488 0.877418030658232 0.872493902335539 0.405401884167541 0.886726514452906
"cg15880738" 0.0673968823780216 0.0660504102180319 0.866311119234902 0.860626153357436 0.611024763199959 0.867156522803841
"cg09354050" 0.0549900081638221 0.0497167074771698 0.876511065514236 0.876748680973386 0.23585123152722 0.876344688199435
"cg20894640" 0.168260402035722 0.0824093925670419 0.888862279290089 0.891948794070009 0.148961377113876 0.899062519988599
"cg22689323" 0.0771643258893139 0.0651045289358234 0.86040905376947 0.888565185885249 0.36927090174128 0.881161682243513
"cg00277591" 0.0637736259393018 0.0564488427614822 0.895340963358771 0.905104307777936 0.136990186246683 0.864240268215059
"cg16374333" 0.0876149339609195 0.0702040283294379 0.866324070110371 0.881437800864783 0.372439537071708 0.878406003037609
"cg25350872" 0.880818104215879 0.325632457821415 0.925315089548003 0.920172476519833 0.875268409989641 0.932796356347709
"cg03030267" 0.340005662275355 0.122723348066601 0.861979031348737 0.801923427494907 0.570603561990957 0.870501761760078
"cg08450017" 0.0933483889252771 0.100421588217551 0.907406390422452 0.912382358791773 0.31797300598865 0.933484583666953
"cg03172657" 0.188755077321595 0.0641421570916098 0.757595253526573 0.900150999615916 0.729444789405468 0.714219398030601
"cg26137915" 0.0813933885539764 0.0807939150638585 0.862921183822204 0.868731456627208 0.520618774326673 0.876511277931519
"cg13750061" 0.0777806061358288 0.089994581084676 0.845910131797229 0.849327137484008 0.846380736520559 0.862144277560873
"cg23752651" 0.63666351613738 0.184913398811655 0.850487944440916 0.895100430093425 0.289601680755004 0.810955582542718
"cg08622923" 0.40897182255563 0.0980024947922692 0.842340148009537 0.800919966448204 0.151031523303533 0.8097427350332
"cg26234900" 0.303584611162633 0.126523739838695 0.892683797491264 0.745142204708197 0.616495260652504 0.907257922645833
"cg09232358" 0.171089228976347 0.12397872277405 0.846099221694453 0.878186659622979 0.825258717414462 0.874547064167573
"cg11804414" 0.248172503737831 0.0526304515933672 0.848347904565889 0.771328323055855 0.0895011430730306 0.80622087791692
"cg21330949" 0.143042947480842 0.0598821114081837 0.858977467173885 0.832781295715396 0.114751616831631 0.861608607059006
"cg25535316" 0.617418275046087 0.206255399645335 0.863920659413209 0.797974264311391 0.761268052484252 0.855098435462925
"cg07661835" 0.231393499068232 0.0927598661705539 0.785535812217876 0.834272166203789 0.747119175392978 0.797614189396569
"cg10111816" 0.0693421684714673 0.0753144039314637 0.837836192112526 0.815714569933405 0.808690263409234 0.834369170020758
"cg08109681" 0.0805461715276986 0.0577786415301293 0.87515846498329 0.853511549560085 0.106188265106729 0.870724278240357
"cg14278300" 0.0786938732946943 0.0693253058606738 0.877432447997735 0.874335697796008 0.156019051451894 0.884334848638055
"cg19529732" 0.173870701670931 0.0417323129014776 0.847892086637558 0.773208031814499 0.0758159764734725 0.821269639887662
"cg07573020" 0.055253986875764 0.0680820126871276 0.870208937374022 0.862023330053937 0.282816364287915 0.879156208974251
"cg09453312" 0.0489643400878205 0.0464717658956346 0.84505255271064 0.858960322020283 0.0752784218124817 0.876400666229884
"cg09234252" 0.157505668238918 0.118185141415391 0.892826113771227 0.892769025505707 0.392888848922862 0.902869409361144
"cg02374486" 0.372232672812696 0.112847479820583 0.842091032601505 0.825397742506648 0.127851402609775 0.837189059697387
"cg08691577" 0.791694080766375 0.200163495511588 0.888619735236747 0.688639953946681 0.104771041842404 0.88588903709637
"cg12118504" 0.702273583651877 0.786283913206949 0.0860657820197817 0.0950657170222213 0.403106041531595 0.075212166233266
"cg23018755" 0.802752130003848 0.867941417105043 0.0814820784650652 0.37348808949223 0.291478193379754 0.0780330581017492
"cg13443575" 0.641359570714366 0.740578355959911 0.0629346115137041 0.0878564946554651 0.0822166515598161 0.0526842802750512
"cg22948808" 0.752380548920282 0.86334324296247 0.0739079535557511 0.233531072005294 0.514609339133578 0.182034913623629
"cg25025181" 0.801872425664236 0.822510896513606 0.0838630226242813 0.211751233441598 0.225620525163615 0.0556434865282786
"cg18522931" 0.703329926881943 0.794188507486073 0.0766419387408005 0.0690826226500014 0.656984746429784 0.059691724471604
"cg27097542" 0.861613148515282 0.876520613472913 0.0621358912198086 0.353132657479682 0.386279443711268 0.0534231648051359
"cg08215318" 0.738625202107327 0.848328775836819 0.0686700931376426 0.234648436881383 0.710694378043041 0.0624521314859158
"cg15381475" 0.733720231913626 0.795071988071633 0.029699250234605 0.215650815757096 0.247243665064997 0.0241057786157044
"cg23950714" 0.871153774426439 0.906968236642176 0.169712920551493 0.173264684957653 0.757958018773787 0.125841027301003
"cg01543184" 0.881669418354369 0.914273593271833 0.0832107379332624 0.446268515085163 0.313268957641922 0.0788090837663055
"cg04354393" 0.595599342288466 0.724801682316309 0.0480573330403732 0.0528166562338638 0.0848729301556806 0.0399884862052729
"cg12426092" 0.764301811078189 0.807046930211108 0.0700732463118701 0.126873337210511 0.247649743747791 0.0638311033221114
"cg19118951" 0.758942547352374 0.863828803682348 0.0643509955649823 0.318845641219054 0.52872792411665 0.0315989827135973
"cg13795831" 0.865407647368744 0.909361417158867 0.119142602528366 0.177355416353807 0.676062751128556 0.131518807098565
"cg07799277" 0.721755993397316 0.821274608546467 0.0811279555265286 0.105110093827777 0.474960938435353 0.0624058056360771
"cg21593001" 0.780830259885992 0.83099629619895 0.0676341880598468 0.150247980182798 0.204331495505789 0.0552894227481183
"cg09145126" 0.792825845613485 0.849328079363532 0.0729584069114222 0.0835359996120718 0.60237049576252 0.0561111113717377
"cg25711558" 0.760102201888594 0.810795447827553 0.0505902991779843 0.0558778660939857 0.193371708509758 0.0378989548010226
"cg22193912" 0.816663326872477 0.885676310158294 0.036975114488317 0.339342110131911 0.152840705892882 0.0318706847913521
"cg23244761" 0.961810075154956 0.96462730612793 0.0845241579833736 0.962955870334408 0.943472349403261 0.960629169816649
"cg26872907" 0.92823208499301 0.932709417825239 0.0642102267706002 0.931207827102053 0.899713524680317 0.921656163976919
"cg24788483" 0.891331984467813 0.950507463784355 0.118866707737444 0.927556922021871 0.907132747487003 0.882311980527953
"cg05923857" 0.820706510530787 0.908934538263488 0.0782568496339691 0.910735499087993 0.873127977411737 0.829398512081745
"cg19835973" 0.897845246188549 0.910544480414482 0.125730082724782 0.938160629470193 0.868470204349029 0.921445409141035
"cg10480329" 0.903355219987858 0.903801741825986 0.0980066081291414 0.882772281909463 0.903209312934344 0.846025651525061
"cg20610950" 0.906779440709197 0.913839612678831 0.0756160125099059 0.901500815772607 0.894029310963261 0.617285274959439
"cg03339817" 0.96965789333404 0.970757396257687 0.161994749433272 0.771760153609957 0.946318628033737 0.966200738668625
"cg04468741" 0.846511304462428 0.873212429136299 0.0967012739765379 0.881730469226765 0.855527184743862 0.823933276731598
"cg18066690" 0.899044549801508 0.897204346736776 0.136603698303293 0.894769998454368 0.896745937850856 0.88986601369519
"cg12655112" 0.89581363034236 0.935216490803278 0.0986294640223074 0.863310524628944 0.923993500805433 0.704873568746059
"cg08908131" 0.85098446005528 0.830672721451333 0.0873889903695088 0.843456638030828 0.810449528782096 0.842124369864854
"cg10624395" 0.883474905752874 0.887129935780657 0.132944254396633 0.870818484673554 0.884515580452937 0.892568154416885
"cg15816012" 0.827161866182393 0.84363128698701 0.113072750493097 0.909718251426124 0.79354855317522 0.890949351262986
"cg14109551" 0.888625321208942 0.893783793297479 0.112422307608838 0.887297684164156 0.869526290395954 0.765537420472251
"cg02244028" 0.892499478792247 0.881974660769131 0.12973505582962 0.884346754166215 0.8668789350239 0.843196558716194
"cg26326621" 0.865463393001639 0.883002889966158 0.125297781460318 0.852405791592396 0.852310089202213 0.829233360127018
"cg01476222" 0.86817010611719 0.816910960261017 0.100189361909038 0.76456222743681 0.8431660671189 0.868430574307006
"cg05445326" 0.916794907374025 0.897745668434745 0.172985290675989 0.91835705164684 0.850017593565863 0.889630656706864
"cg22675702" 0.845992287897374 0.849377172756232 0.105398219327543 0.829927232488257 0.832053753897381 0.810620638991018
"cg11597902" 0.955975747208359 0.963255716183525 0.0545044993725755 0.949313749131701 0.881600855195313 0.222872921962685
"cg16636767" 0.868976606748632 0.863344809961877 0.139948058063735 0.839253370166248 0.869346502465672 0.851362659461906
"cg10154880" 0.892885583755781 0.896258598112231 0.0896991072787121 0.578221151197875 0.699478961275203 0.883165139430173
"cg23391288" 0.853918929616967 0.871072867804991 0.157601214930515 0.858203996438344 0.898956428235004 0.899874844167023
"cg07002540" 0.821628140451311 0.858440980324074 0.100044484933183 0.876771880306366 0.80358921094423 0.708237977222364
"cg18770149" 0.841741170425878 0.843033237067375 0.138844189812354 0.878558364328689 0.839374694991712 0.854281619314414
"cg02780988" 0.834546029216008 0.834336225667303 0.102725956822669 0.772071557963807 0.794643083186098 0.828902004520593
"cg10499974" 0.901289242304332 0.911090561873179 0.0561765745846574 0.852902917848606 0.869293050389803 0.393170502146595
"cg11231069" 0.78349907230274 0.775955597166584 0.0624820712630877 0.671184109957657 0.495967702688372 0.944559099528968
"cg24365417" 0.849544834520089 0.847435193235282 0.104586924042747 0.845806569001583 0.786422822052554 0.732831722281644
"cg16429499" 0.898220989798792 0.907492078385254 0.0774048122053887 0.441792084297272 0.841702326747026 0.888452510655989
"cg11186858" 0.96675708948584 0.972915364183492 0.152346622332119 0.950129440731521 0.880071461217495 0.558572821349683
"cg20641531" 0.893242319395391 0.893194608576521 0.132906249535986 0.883883663018355 0.87687031728885 0.683241243909757
"cg25856090" 0.902798063517627 0.90266744951216 0.087035559441893 0.903717732496627 0.860352715064265 0.452161648227759
"cg07213487" 0.895551391468462 0.903331957233695 0.137954757913477 0.691841306363974 0.79665123633839 0.895409531066493
"cg18835472" 0.85023924295142 0.865068749621589 0.091567123224198 0.810339911443314 0.826163770589058 0.652642293649817
"cg13290254" 0.894475053277297 0.895533045989456 0.168708753545274 0.855623632345943 0.899293489467016 0.83447125702083
"cg09220326" 0.889807133660023 0.885084178525179 0.0707727217788679 0.887763874578111 0.867542768360327 0.414469487133325
"cg10278149" 0.869898882113558 0.858372017126381 0.103334810704777 0.806435015231569 0.870387359851438 0.660357903515736
"cg16875057" 0.868509918056292 0.87226431157811 0.106066686385275 0.869475533343143 0.801669767134669 0.614032331618649
"cg04045544" 0.857460176314038 0.848490426136803 0.14351985965611 0.828324781033137 0.844562132041503 0.829160055008381
"cg01797381" 0.865406383497224 0.862655048045919 0.125827419287997 0.818697783785868 0.859226647385021 0.737253733015197
"cg27366072" 0.88198060969652 0.881894309102257 0.133813758781647 0.821396145699213 0.854494011149986 0.725206958819066
"cg17117981" 0.909266714483818 0.930829133243508 0.0819086312157089 0.82293426521319 0.878863401529903 0.419689105582627
"cg01041239" 0.677261203448353 0.708311197625238 0.0668150500800963 0.817211763305317 0.887240821965194 0.800994818214584
"cg23146741" 0.827854776882896 0.802226903475043 0.099076941441786 0.740725101699676 0.82765652774127 0.776433600360719
"cg12422199" 0.8345260948407 0.822553894684635 0.0973242242543279 0.662056308019708 0.788950978930487 0.82962287870359
"cg00101629" 0.8597622976104 0.84368714435936 0.124779079580618 0.738805518083241 0.874436776845909 0.800230606269347
"cg23791626" 0.875331155707962 0.878911413893194 0.111268076730801 0.6119626692842 0.835017261653573 0.823005213172866
"cg26124526" 0.82815576316893 0.838924657484962 0.103973140191878 0.848562255759925 0.812010320299697 0.647416627479512
"cg10145533" 0.0707848470237761 0.0803131788325453 0.752952873377931 0.0830519561356409 0.0914014976331233 0.783510923402999
"cg11316887" 0.201678430303912 0.119506358146642 0.822804039713652 0.117640579883896 0.092427571657268 0.874780672825598
"cg02879423" 0.087557711139431 0.113202187235346 0.739275774802969 0.701621202615736 0.0870747938028187 0.0654769057735426
"cg17587997" 0.21266294094369 0.169832064923927 0.83167629671894 0.0965777213493294 0.0818755247984143 0.855743442370607
"cg06208288" 0.197711651003617 0.17226128213171 0.936195468939198 0.471878608695102 0.111361489697257 0.931533395797615
"cg20055861" 0.167282566176091 0.21256171125085 0.838882691542168 0.054721608700365 0.323239097202902 0.858422858994696
"cg15519096" 0.0609431841868961 0.0848695146895178 0.834047126284207 0.279285599004802 0.230086655750814 0.871452328423465
"cg00484711" 0.150671583947841 0.30584993649718 0.809609620149747 0.43537899663846 0.818582832187746 0.150969060728354
"cg14480046" 0.08863766604743 0.0817176065550409 0.868800287656853 0.283021541308256 0.475454375532485 0.918963348095794
"cg24010658" 0.0483883328519271 0.0518636690982977 0.890634218274408 0.544290438545562 0.22433074776322 0.887458619543956
"cg09736959" 0.117225023560543 0.176377424417015 0.811191292111514 0.109097564693834 0.155354249395223 0.805060229863439
"cg24216966" 0.177438296735623 0.229812243401454 0.89287530639005 0.227226689778622 0.244351810250469 0.893831164477921
"cg08224785" 0.105685682473221 0.145744745145373 0.732606034120208 0.239303484092761 0.700878291130247 0.232865314922543
"cg01367992" 0.0967001288460431 0.0736966502332141 0.897777447871942 0.431919020568609 0.403605268085272 0.89912431427218
"cg17161520" 0.0740035210655192 0.0663777542617159 0.770495095805673 0.059160791736744 0.172519088216305 0.820394059436608
"cg18728264" 0.0953079595815665 0.10005161295457 0.728427378449942 0.0855195457360223 0.447085772734358 0.488077527824127
"cg03728799" 0.101643579168239 0.129849075337819 0.81983731506979 0.117260064562204 0.25536847116066 0.834711492396502
"cg27027055" 0.0602301555529779 0.0545788837858971 0.873161345192743 0.471166737201538 0.14832185704474 0.856595506558538
"cg02505177" 0.170088199540229 0.119628313837274 0.80298239122936 0.0484142009493202 0.134386375720058 0.798111004865541
"cg19097880" 0.0516810272987013 0.0454787169738778 0.740701597068528 0.0511059979902048 0.0721812783848276 0.733803186582903
"cg01170124" 0.0505804127067916 0.0484198021073287 0.871113635824169 0.350097000694601 0.391067447557248 0.888804917436026
"cg13554018" 0.208847930474586 0.130125885380742 0.824249395833799 0.0765035437328467 0.0840299041641213 0.788075809976534
"cg24520862" 0.0591996085830202 0.0571936854396319 0.773553184668107 0.103561419785812 0.0892041001921372 0.760558231619051
"cg03961551" 0.0864642240633207 0.0809003477267566 0.820084040773914 0.196029115852157 0.108907533377516 0.803356429479202
"cg21577598" 0.0451512552964667 0.048550071292754 0.863330330325537 0.394059444628751 0.157684702728723 0.84130645125078
"cg16219283" 0.129861159062704 0.179488704395744 0.855481074939685 0.109696090821621 0.188961580134655 0.860788468662816
"cg09621572" 0.126800729072268 0.170828185370325 0.835731761985333 0.110970885455485 0.0902933306208388 0.810869793265096
"cg12609063" 0.0749600969397141 0.0660978414021582 0.808240328843666 0.346994153452611 0.0733578418658847 0.617833574233771
"cg26217402" 0.224069983978164 0.140938191557057 0.882484907131127 0.127969061214641 0.323111432628895 0.854483073472726
"cg19510565" 0.0507744524857852 0.0472775737977071 0.807290631966551 0.184223502198387 0.0882744282314706 0.805763944645911
"cg07069934" 0.0706176923224594 0.0651529634595186 0.834367229942379 0.113721893075209 0.422686453721068 0.839899190923639
"cg02402436" 0.0663472804634376 0.101537059733307 0.787139318230813 0.0521173960211533 0.0662177083019355 0.76408824321817
"cg18148314" 0.0822465462279105 0.0683372951454098 0.843467259447531 0.217705545650495 0.0856930216720177 0.850635009792888
"cg21359303" 0.0915344997083596 0.0992311625177994 0.902768323613587 0.339238551160726 0.161075235714243 0.915805707783041
"cg27377289" 0.0843814486817781 0.136984918640976 0.885395948964552 0.0566755890599398 0.816292581767452 0.902356581775443
"cg20805133" 0.0535994396992827 0.0582979052469011 0.874577956373855 0.272621111775889 0.221161506694308 0.906667139502627
"cg14165142" 0.0598704150604169 0.0592257345285257 0.849177222018289 0.211199478514923 0.217358681998948 0.840949238427896
"cg04722215" 0.101120516266811 0.0909804697975364 0.868116520600169 0.294141341442662 0.124339550089472 0.793778175339016
"cg03795574" 0.0904021277844844 0.115776420007785 0.66981703379027 0.0910663120794407 0.321744451947012 0.0871221490594984
"cg10639435" 0.0768195622745552 0.097469909805815 0.8339998018967 0.475519289328437 0.0781111266175588 0.48560964695103
"cg08169020" 0.0479355730959386 0.0483365255861403 0.884097493785134 0.289928259663688 0.154282871133258 0.899132831764427
"cg17078393" 0.0986385140808992 0.0871616290707549 0.865027807012811 0.0996429469112582 0.30758898792311 0.86738306236466
"cg14597739" 0.136117908097848 0.187802004641558 0.896469477628571 0.117002125714788 0.121183833372874 0.893152235802901
"cg21999229" 0.109155669197788 0.156682573901221 0.873081527484465 0.0856392721482067 0.106024455960018 0.85373754331559
"cg23213217" 0.0908316056325618 0.0919039122635376 0.785524319598557 0.410467811716475 0.443433550607616 0.1489676373786
"cg14441276" 0.0778123408112986 0.0974046604765941 0.848959253005277 0.0483191851747175 0.0977796076011701 0.84524279934447
"cg17169196" 0.103418686864719 0.137758983784845 0.900831390030224 0.0905834947566997 0.174280551831351 0.903618836186871
"cg14437551" 0.08829035963295 0.129162052088377 0.876884319048341 0.0704227659657388 0.0650383179325898 0.874138202780073
"cg26348243" 0.0765983588436904 0.105921941678464 0.929787469551222 0.140774500043663 0.494385593610194 0.940899856690455
"cg02737268" 0.075172681701522 0.0677872345557449 0.904210575203747 0.0572278346561253 0.502347733823237 0.934757912000154
"cg02212339" 0.945081959878609 0.943807631006339 0.958650845764286 0.0821368188524896 0.949198607257127 0.958270689851935
"cg15348679" 0.897104112696837 0.96696385381138 0.880095712406267 0.0570172340925222 0.928579602509795 0.892840059063769
"cg25131632" 0.928962955279397 0.920947165608666 0.940973383325975 0.0816132391632771 0.942365007940609 0.945911696303263
"cg17768768" 0.953925431298834 0.95609348980443 0.943789430894287 0.100668389817589 0.958709855891601 0.957330419188846
"cg26692003" 0.969785640206862 0.971696350919312 0.961377787214494 0.119359163714517 0.945531270030049 0.966750411526473
"cg17995557" 0.904079053115054 0.902334590797166 0.902014821462058 0.0522446767184228 0.787106313257775 0.902560152435752
"cg00464927" 0.956999670866951 0.959984980098177 0.949112726581682 0.110136842387926 0.900141376902509 0.959296793781092
"cg11699517" 0.975449908748098 0.973823669682061 0.953334777191764 0.120464048509562 0.96159260094852 0.939720825143741
"cg16210395" 0.884154719246272 0.872682884060006 0.900062665552193 0.0532581403423138 0.90257444168136 0.908805187907236
"cg13738327" 0.947873926922572 0.93872076921248 0.963952833415307 0.113148313313586 0.921165521205554 0.965258542569599
"cg27106643" 0.909323153060673 0.915609336758522 0.911861168625738 0.0791805568052504 0.864140689764169 0.937949140102819
"cg14936008" 0.906253602206739 0.89852690826216 0.89224496517519 0.0692447473016533 0.890596602542459 0.906635064797226
"cg15241519" 0.93120534752995 0.908398109634631 0.871194764260384 0.0758829395225474 0.792523262723527 0.945397704867172
"cg26552743" 0.899094925797191 0.90079384413501 0.869342799500952 0.0488418209284094 0.852932524387224 0.856386692064861
"cg11661493" 0.88704354232867 0.88881785477477 0.868681167202485 0.0521946731967616 0.884073033678678 0.875875257063227
"cg21248060" 0.941741729135151 0.926599654033314 0.942480236390818 0.0951122477396154 0.702801457076317 0.942454207255388
"cg22212560" 0.922816970875012 0.923976511893095 0.713538341580832 0.0377036740010123 0.889935124856405 0.883177526680748
"cg14482811" 0.93984866748737 0.937192599241546 0.910646980337489 0.0928851385968895 0.846994509516378 0.906235690233523
"cg16148346" 0.894837275661839 0.894810695887946 0.888753809365286 0.0668674281760485 0.853925984280509 0.888657409855631
"cg00760938" 0.880645781518831 0.872740081292286 0.879243063260484 0.0551216540892361 0.787253291984332 0.865695688152781
"cg21596498" 0.880896837908526 0.892757981997368 0.881448253265518 0.0697814252201442 0.838170282318913 0.889534667845017
"cg01024458" 0.851838205230877 0.869479066938066 0.888451807966024 0.0651725094533323 0.852375713523438 0.904143109560352
"cg26438284" 0.903205016523125 0.863732543150136 0.90207683688094 0.0703382455109582 0.793802945778877 0.880785113914945
"cg27304328" 0.898717115524523 0.90112038289485 0.857963452700937 0.0661682266657963 0.869078941819524 0.839804215377738
"cg19260718" 0.888531744091541 0.881979300451651 0.892274493062913 0.0790323586356523 0.868656729802868 0.889084494040198
"cg26318872" 0.90532278403837 0.907144830437463 0.903184922691473 0.0991023662205733 0.899761488264253 0.907506827439967
"cg13356455" 0.8779373358523 0.87190376849108 0.87008784319963 0.0621208133508043 0.780859108373274 0.873034099397856
"cg18184053" 0.878230599838411 0.857373772834323 0.844338592507159 0.042241139210986 0.730495883766486 0.840343230476073
"cg20666585" 0.879151764457431 0.861853966573298 0.895390457951665 0.0740751437793604 0.810375148155073 0.891974694035886
"cg08162476" 0.925779037204937 0.93525167923476 0.812269767401885 0.0842011233118591 0.755240723116393 0.907798322522675
"cg17232476" 0.889844574443806 0.88345013812323 0.863373755910235 0.0782644559294066 0.843633775360284 0.89549743564026
"cg15532942" 0.857302352474322 0.87573943228083 0.890778524152627 0.0712753434734645 0.837228703230636 0.881590248117267
"cg04828493" 0.940586450373265 0.940416077512453 0.829990083576194 0.10486625631549 0.666381687313337 0.957969463389068
"cg26795340" 0.853341572271996 0.85760282498284 0.84198981162687 0.0537077653673463 0.809529027694485 0.849262280043832
"cg18590995" 0.872628990693413 0.878692236414734 0.829173447732166 0.051598094351367 0.841104336435431 0.801760589242519
"cg25683989" 0.877755742441051 0.872918966704102 0.861002164716186 0.0774420133828229 0.853198784078444 0.867694795365687
"cg01869288" 0.837318715980397 0.821114911662278 0.867244509683639 0.058082737822162 0.830939260028537 0.871189824660778
"cg20602300" 0.881634061466465 0.88055341798483 0.873827836056944 0.0903971175452669 0.894075133443196 0.877207082962838
"cg21743182" 0.868245619893534 0.868504248226816 0.869690276604682 0.0803221560479185 0.837406837194226 0.879230668087316
"cg01868869" 0.900283515853304 0.900473867642971 0.887935722908275 0.106883716958668 0.892275824786295 0.890599282054934
"cg20452738" 0.905679353642839 0.905158502268168 0.90264229310099 0.114362549168236 0.877328716355007 0.901775010207401
"cg27565966" 0.879163223850308 0.87007410492795 0.865123113858792 0.0660419229808962 0.626908937553345 0.862097731404686
"cg07145038" 0.903899871604322 0.886719211759788 0.908084675554834 0.107439676586856 0.863767435276016 0.88243479062424
"cg14066207" 0.823303386260236 0.817624343321344 0.941023480001046 0.0978631110509004 0.892136441889071 0.941473806060173
"cg05480110" 0.955004364491834 0.957058364180793 0.954712275272248 0.171390608147591 0.912008992212732 0.964053619355868
"cg05524458" 0.910361228283132 0.916423179629224 0.890776170067901 0.0875142768997684 0.86561775416875 0.770542375602485
"cg01598421" 0.950992890133865 0.952948304755714 0.949737530486792 0.170746800141479 0.948509853898898 0.960611335327019
"cg12976793" 0.877943680856652 0.884688712781409 0.896923847315295 0.109723446067174 0.882723964745609 0.907551045649542
"cg07721872" 0.789509820026742 0.836239682512421 0.888742703175152 0.0719104274471157 0.86224320457271 0.892986217752368
"cg18664915" 0.881223329987624 0.874703093690594 0.887159393990993 0.0909586538676192 0.726137222020767 0.879626847073031
"cg02304370" 0.233515397789977 0.235033740076217 0.367612229028593 0.882033425872923 0.788048224791334 0.437207353196331
"cg09076077" 0.563280264484716 0.522017509878354 0.0717871760373278 0.823904565791537 0.0642366302092147 0.06236523203121
"cg07249939" 0.384362608763456 0.223885981402622 0.238157057752607 0.775141195500101 0.0677179718186472 0.167702237527635
"cg15030789" 0.279154620538181 0.317555554205024 0.0987456178410578 0.743609463016873 0.419232991502489 0.078286552434449
"cg27049094" 0.110847162876555 0.172273215935692 0.573421368809228 0.842287618124084 0.278017840529459 0.386502798292106
"cg00874051" 0.589083299270347 0.5384165970712 0.101227550227524 0.865087604754029 0.400302282004305 0.0524265551964669
"cg25336765" 0.431936829954561 0.342057786328592 0.118900274226116 0.777229390942863 0.111845590436386 0.0897861269236991
"cg02779913" 0.420370525050672 0.380014535590008 0.0465039823867894 0.762620511685112 0.20711117208441 0.0341756107023692
"cg17092523" 0.0641905136833422 0.108486965423872 0.228515824465027 0.671037922233088 0.311109261541594 0.0606221241619246
"cg03889263" 0.124383531549677 0.261897410596318 0.0944527697859814 0.723247255128132 0.611695096335908 0.0810359336058977
"cg27507284" 0.387863315536705 0.319877525508377 0.0704493396033058 0.757280291376088 0.110906811967882 0.0603965334236818
"cg15595502" 0.30617884080574 0.217402230032491 0.215133572076789 0.811445045400007 0.615964028964734 0.185063748488523
"cg07375256" 0.0836892535997714 0.0616603468704656 0.721185645324966 0.840736719232608 0.16857920255557 0.327720786563629
"cg17950348" 0.596633768114702 0.504338953652123 0.0640829046147331 0.843765534914363 0.055021197949872 0.0438384400034742
"cg08698943" 0.280518305621124 0.375061786840772 0.101767870705434 0.853087116901 0.347728281442715 0.401189791486987
"cg24536818" 0.0756898435039898 0.246562832659331 0.137945175902336 0.701770736265149 0.204658435580969 0.0969255868998863
"cg20541456" 0.0598866375894348 0.0707498912885844 0.0754256837949116 0.640685155896836 0.428862181556049 0.0260530690862901
"cg14284211" 0.224706844258891 0.196840690935581 0.0511227555622575 0.717644732161453 0.579587259743907 0.0425992944476639
"cg21278103" 0.415990780872781 0.491809771856333 0.121181157492188 0.845979311545753 0.435407371773006 0.0680297987238045
"cg24834394" 0.285101122175413 0.38389372030077 0.402494046886512 0.844337201824966 0.342560157606055 0.0534489984252237
"cg25518868" 0.0606357623567281 0.077933537314423 0.0546768939648425 0.633342177658238 0.177477865345239 0.0440670771818861
"cg03798942" 0.0852995373330291 0.114598255003359 0.553128599323953 0.772614219947092 0.0524801301606955 0.0841156472653343
"cg21638533" 0.420582163905825 0.489147469466938 0.0610379847429184 0.878944082721391 0.823652916122305 0.0546513771910397
"cg20450123" 0.266789781269204 0.233333815596339 0.148146524728126 0.760407108821459 0.0839915398714862 0.064861665617071
"cg22677556" 0.0540293847951782 0.05804007901145 0.141859372319705 0.828044375546604 0.47845938870811 0.614368364097587
"cg15354065" 0.0731123400214183 0.218491694714672 0.0807975309473936 0.803910386529418 0.671880888200599 0.332666553911705
"cg00902153" 0.109463182011242 0.104187815948892 0.0601173901562026 0.720067610079495 0.700233562265008 0.0719427508257946
"cg08682625" 0.197987846446824 0.215741765588427 0.120048560775291 0.769085474769318 0.293724476580544 0.0805034929781785
"cg21291385" 0.130531974804555 0.115139849919615 0.355442088409236 0.770169177062223 0.117888759993588 0.0730511247812561
"cg15906007" 0.0863560110631299 0.0818003434314436 0.259910231184576 0.733046083917466 0.0702480600469876 0.0906250249861156
"cg19268695" 0.0702840133248806 0.0754514699369002 0.136663243444671 0.835527857601388 0.0835223341378857 0.63533910156548
"cg00970435" 0.191788534126107 0.0864655292256772 0.258943777399068 0.757852017711527 0.0693120163811855 0.0736578943976378
"cg22437221" 0.086783919702762 0.0926426730349003 0.557562859697531 0.848033317603971 0.441929097180754 0.148479680093749
"cg01054402" 0.0836747316697801 0.134630033578051 0.300213875791593 0.793744195468374 0.527257952403331 0.0635177446787742
"cg20317872" 0.0479525576519579 0.0543474417863459 0.304289436802169 0.887053027956872 0.119258642200825 0.666253909468428
"cg20380468" 0.053852383644094 0.0726248625626529 0.457417289641489 0.827476745667943 0.448063975928466 0.160050638178323
"cg00058449" 0.513617491139997 0.240131477262827 0.316049165742207 0.930651470590757 0.0703470209570129 0.203320955148378
"cg09300089" 0.408317937888356 0.18868466269126 0.0775918641276131 0.807781585938108 0.0770433865742999 0.0546700394755203
"cg00619207" 0.0559828099711936 0.0566990719960068 0.085743553639826 0.830057077364635 0.0794118536166277 0.48231219218043
"cg23357708" 0.203361761599558 0.19429355292706 0.0577969379832274 0.797647883026059 0.143286978483638 0.0557583384473357
"cg25616055" 0.0591686778996262 0.0828189855630137 0.081073913237484 0.743958422766332 0.0846786084821301 0.0381692308156008
"cg07635227" 0.136912762285144 0.137045576253471 0.043241703484798 0.804283180469988 0.450182558393612 0.0368838092531904
"cg14317609" 0.119593237186283 0.140681168778 0.100198549984933 0.801792235368108 0.0641064868961263 0.086597156670892
"cg17266282" 0.136714763711848 0.190001303113157 0.176763884447024 0.861678905309532 0.167772858305651 0.133953479609075
"cg01156249" 0.263469687896742 0.220553603722743 0.0763578981145093 0.896721446867447 0.631947916879492 0.0668891538486769
"cg08560387" 0.0479416707247932 0.0351049819044113 0.0426164700992385 0.757557747820499 0.0429562125275929 0.0342926367185161
"cg19269039" 0.0388556476506568 0.0430563674434162 0.0903202689375807 0.856483767429786 0.0752689532332577 0.375164099872319
"cg03429643" 0.0507017089188507 0.0439839053227077 0.0561108465803337 0.776604533721177 0.0456145094621813 0.0396745429725368
"cg02606840" 0.0394132956232185 0.0363050342900175 0.158975084145003 0.811507986463188 0.0470327926223249 0.0342860614250813
"cg08864105" 0.105571740538442 0.116169594940178 0.0749271988667532 0.874799246052688 0.12064243520043 0.0807494330981597
"cg13617280" 0.935418151992758 0.91377384633343 0.915357776593558 0.926197608378811 0.0830314410778368 0.871441296675901
"cg24430034" 0.961236622316129 0.885322264988485 0.968283120627565 0.969654247656878 0.193207519900055 0.974649363200261
"cg27274718" 0.901898019295881 0.880346650104216 0.8890099627709 0.897155664162031 0.13882499379805 0.897001337814906
"cg00594040" 0.838970142465081 0.827482796928005 0.869987696827209 0.880502690724902 0.117200506008487 0.888020403275117
"cg11650164" 0.859676685188935 0.755207234028952 0.906658590537026 0.910747374093674 0.121279603266468 0.892628236475392
"cg03538296" 0.849632189230558 0.696541782498385 0.831779069245335 0.835950143158078 0.0689467076330684 0.847224387398526
"cg19915997" 0.873426952307102 0.858710550813692 0.887696927626529 0.884745776121778 0.136170846843555 0.889259589771555
"cg15956469" 0.93154040208945 0.84222006247708 0.922515297998177 0.925318253049129 0.169203811639977 0.936546779114158
"cg22488278" 0.892927007441638 0.776604113177286 0.89793097144998 0.841511007923298 0.122462587500635 0.903165688258527
"cg25383568" 0.890684721105919 0.772074244146933 0.937428779852803 0.921133053744544 0.156909544488172 0.940224762888448
"cg05875239" 0.897422755907926 0.825434979568037 0.869864549522001 0.868830887910525 0.134950323833702 0.885677685502222
"cg06202778" 0.851245336796075 0.670174830687693 0.839451888736309 0.900952227293981 0.09402838163047 0.87702266398194
"cg12811871" 0.956917637794082 0.705417056438007 0.966831008043739 0.727035727817016 0.134824594923737 0.974004176315722
"cg06040872" 0.860325068963214 0.644215252302851 0.893584277870398 0.899226477785106 0.107836280755494 0.894758718784836
"cg02384859" 0.85663404958767 0.65163584555094 0.905912317462597 0.887642676220262 0.111626643484561 0.90733944675469
"cg01806427" 0.866867615540745 0.77979634782288 0.744538826874159 0.887350434857111 0.0972661844187213 0.851116391468128
"cg05593759" 0.85731877808319 0.764981945022578 0.889322455817878 0.818120131298828 0.116372590175208 0.889788909811604
"cg13917614" 0.918253538183937 0.861798552857484 0.906930265302829 0.874801690767025 0.168213864900089 0.914537677293634
"cg13209388" 0.888732036394679 0.799137563640721 0.888364719143068 0.88614934408877 0.139547682908868 0.866062833738539
"cg24408769" 0.937252158119631 0.89640024945519 0.730252996816811 0.941153538017458 0.10514952946906 0.645225841416505
"cg27582527" 0.767072967275489 0.589589595403736 0.834131391319543 0.809402206791381 0.0483294703469146 0.861211100427726
"cg21333217" 0.951091521084323 0.779381161034115 0.958993695859353 0.961146112039628 0.201108174949514 0.96646726000494
"cg00805874" 0.951478368767509 0.628807404008856 0.954793947142679 0.960195226494571 0.166783836120225 0.949015052167799
"cg11335172" 0.900300041724347 0.754074489031152 0.909165231697178 0.920648629565904 0.156275569494159 0.901899601967484
"cg08985282" 0.847644895031703 0.736202401744524 0.880993707538523 0.834143135519018 0.11578686972202 0.881025218126646
"cg21828319" 0.878897748154591 0.843566932021472 0.847928754782132 0.761847398893175 0.124445625723903 0.888809251592664
"cg05653887" 0.85730813380801 0.652093808348856 0.881191169935112 0.878242809106793 0.110338996818371 0.880021994256435
"cg26275360" 0.845449685310861 0.775686199277237 0.831844444947649 0.817240977093324 0.108174839212032 0.861491680118121
"cg14301562" 0.859561370402791 0.698304408371586 0.883448683356307 0.874066761828083 0.112320992110633 0.839459120564342
"cg20657709" 0.875224353113896 0.718545396350732 0.868514409476628 0.871360706575117 0.124469213566059 0.879062272891617
"cg26012482" 0.761385805171762 0.690891933576957 0.842507233574191 0.843302613884149 0.0824080346920058 0.850470775648556
"cg10592926" 0.908893047287543 0.888950925329045 0.880879661867172 0.89276004749209 0.182347785204187 0.908741327584894
"cg05355684" 0.899934152467022 0.867439534863734 0.90206549571986 0.9070985654478 0.185151435941034 0.907252223343264
"cg27309871" 0.863382934923787 0.721358341689853 0.852755975968887 0.862285441505001 0.122893602218737 0.863279560006662
"cg08326410" 0.892283055624325 0.838414351737414 0.897692093630696 0.89607655699316 0.1763622541435 0.895723109864579
"cg15241779" 0.847036376856106 0.711933626485421 0.868517792633944 0.857680950475789 0.123438128274883 0.870098669859117
"cg26573274" 0.952736875002845 0.865717948069334 0.956667436022144 0.953917322895877 0.231758710212517 0.965128332535532
"cg21634628" 0.771356187600977 0.663572149711939 0.890902591458723 0.782322445351592 0.0937926817410092 0.897784848580361
"cg14058851" 0.891955293746116 0.852568379019669 0.834938946970512 0.896706969991304 0.148995186584251 0.794023321913107
"cg25426716" 0.904649691036903 0.87514608518056 0.892892831539418 0.895327276067815 0.187043861595648 0.887291305580372
"cg04784635" 0.75864312715477 0.672989884267205 0.894406202264381 0.88198216920067 0.115568947100054 0.891530294908772
"cg11978441" 0.765016624077275 0.652772800621879 0.87525552953914 0.828453562842347 0.0988333388600765 0.881517739043879
"cg26209730" 0.920183262220209 0.903597870096111 0.897520334644427 0.899828073299037 0.207501585090933 0.920175902321916
"cg01940139" 0.782404402080083 0.645091263471825 0.8564914117441 0.864727845676477 0.105984995295806 0.884563837724761
"cg15757195" 0.834895819666402 0.805727529012409 0.886716932957703 0.879389538557292 0.15865611881111 0.889142054187046
"cg21474838" 0.772061980117334 0.640632708593074 0.871343001828142 0.873745668575559 0.114960223415132 0.89041166310437
"cg25386954" 0.854100607586058 0.825843937453315 0.816953487080536 0.836270695501026 0.140302166516098 0.833560738369978
"cg02240030" 0.864244729044677 0.758115706912978 0.867626071466874 0.850326782207887 0.154088172498061 0.891926891776121
"cg14384416" 0.851419610855085 0.657341749565608 0.878425285661131 0.881610271134249 0.137226106008097 0.878550421541673
"cg26242064" 0.840633758728423 0.694198121137676 0.86149634554837 0.853882068410877 0.133782916474125 0.870037777357557
"cg00629585" 0.173102709636894 0.203615784364239 0.171323995982986 0.144754701292952 0.607089496639199 0.117155062837237
"cg10406027" 0.384405491102721 0.606370813959306 0.0955069873813926 0.369466304590853 0.803294028445739 0.320489425903267
"cg26706803" 0.523614696671124 0.577517765093779 0.0700935127140864 0.315228252982757 0.76031873972089 0.0796047063386532
"cg06875488" 0.496932168672513 0.562137766575322 0.176062059178321 0.312658826346065 0.812668941919259 0.275623968764078
"cg24937136" 0.330837074146541 0.266685975683689 0.149871478267046 0.105019361481036 0.644106438415532 0.131409920887679
"cg04840108" 0.351715773006578 0.555498506919728 0.0727148350482876 0.0675640569378916 0.669357493477359 0.0556093499765878
"cg09958065" 0.379886292606313 0.485887640447286 0.343024612529599 0.403785693515468 0.801317477749332 0.157733466929655
"cg01447281" 0.0721263091237315 0.208199720033376 0.0929884919047697 0.136402400366327 0.564683355501697 0.0654830730444148
"cg22729539" 0.232530175350126 0.31724233623024 0.0598277663256609 0.677717003206674 0.721866620377425 0.0416983462267157
"cg19736900" 0.530813602267698 0.551441330297529 0.103313011728759 0.0881988004859626 0.728706433259922 0.0823560330408515
"cg06600444" 0.406937321338645 0.409511080734766 0.35821398158559 0.385811867796942 0.851735929777314 0.409150170188063
"cg25135018" 0.26024872686375 0.459778667546701 0.210611301246082 0.453142194690437 0.782400860001765 0.23524670593112
"cg07381806" 0.220982483423626 0.434129905887427 0.15700101749363 0.114550470450553 0.72569876118305 0.401289684424916
"cg11173131" 0.444653947830803 0.557669474589153 0.0551201815332378 0.172825955711911 0.713917249574055 0.0401357724030151
"cg23374992" 0.674826917777853 0.443113341702866 0.0432125319669014 0.254854335514994 0.761791797818386 0.0831670102765969
"cg05376738" 0.0941186053145338 0.219162657522759 0.0749724081718392 0.327584917367435 0.677998504511757 0.356540961836625
"cg06630241" 0.620368740197846 0.674734497986342 0.14057187898474 0.126224966886073 0.797916069398385 0.113253445794858
"cg26175287" 0.441034109506259 0.435712392310284 0.38077781195497 0.427250843635079 0.889367562719443 0.441896233528518
"cg11481582" 0.410304887922515 0.521276967114597 0.0462080287538192 0.0382706475432224 0.680560547993725 0.0507280535528359
"cg15967278" 0.194213215604781 0.276340382385103 0.208045726255538 0.345486060190719 0.719198949884207 0.233176746880519
"cg07687131" 0.462504742523605 0.541479604639044 0.0827708631935977 0.0861337621452533 0.717737649471636 0.0710924728189894
"cg02352281" 0.511728024984561 0.53641216860568 0.0785925089865217 0.587130184007547 0.827366442212658 0.062349718295624
"cg26169081" 0.129486645061251 0.203026517974688 0.53700869981174 0.1313154992783 0.756524097423434 0.435366713111933
"cg24088496" 0.147625992327851 0.278566432986532 0.280764993416328 0.388904948892399 0.779157661099621 0.43642859225733
"cg13836518" 0.085521395202732 0.314021626176914 0.209936395842775 0.502624267426408 0.706241011648218 0.0625461252899784
"cg27122888" 0.101029449996998 0.191327062393388 0.076307695420693 0.104309622438606 0.579291579891907 0.0620648816171946
"cg12983285" 0.0984492862045681 0.213383415662953 0.0525253718483088 0.225488536020938 0.616578973051353 0.101935211569328
"cg27218978" 0.474241140004622 0.577255219613018 0.171862677605397 0.112090089021776 0.759149752642351 0.0662081658919465
"cg16719404" 0.142019964409862 0.235690837251613 0.0797225460430299 0.493168848770452 0.769579143066107 0.471457561357038
"cg07675477" 0.172548595562833 0.338635974924828 0.179159218637473 0.221708657071465 0.700774062256409 0.175244174131681
"cg22442430" 0.127340340784501 0.162993170621758 0.187531391790991 0.152218838997293 0.681094846383306 0.350945380033825
"cg25020550" 0.257511944933733 0.293929708128827 0.320519172961171 0.294481840655242 0.7830503022823 0.326014839532461
"cg05756780" 0.229757092755623 0.613756168624729 0.0551445678574662 0.39198835005463 0.76545965316513 0.105239450364553
"cg21232161" 0.478272618126585 0.572889485405325 0.164806456383528 0.0881887233660792 0.762129507919158 0.0801068580374837
"cg26971042" 0.0922627206148578 0.18915414367547 0.121664886560642 0.0652026815469294 0.614574680253275 0.119482434889931
"cg24315421" 0.287568947147636 0.510121511397404 0.0641531435288867 0.417307106897264 0.764113701395202 0.0492055951064296
"cg18786123" 0.0970578066446356 0.176553378117893 0.0613325023785047 0.0884996782839008 0.594894192987359 0.0502003386905614
"cg26348226" 0.275797573357119 0.481718061930224 0.0618056302133797 0.0474834725766496 0.690760937580624 0.0716180477157883
"cg02017450" 0.285707957894787 0.312349328828742 0.134343885768381 0.26231397476275 0.739166444808143 0.142787970616256
"cg11358405" 0.432503722698031 0.503789949965064 0.0406055525477884 0.0699710083819434 0.74789701133759 0.0404100094749363
"cg04179740" 0.0967884751572199 0.211555926685917 0.0872614543767438 0.232124851396583 0.674826653614614 0.061006426629829
"cg22897715" 0.189792519019059 0.167558582479644 0.0430953131221398 0.0940091117599384 0.649709467354451 0.0382756504466769
"cg25887844" 0.151518533985892 0.248474668792748 0.126224414385785 0.332241011246898 0.73476888059427 0.0701286058161017
"cg12273325" 0.172590104196991 0.35554308826902 0.0588882401233706 0.077591977934119 0.723467318678025 0.130450406625442
"cg09001226" 0.333807828651763 0.374237385911637 0.0765773137469922 0.195648438968301 0.787085509573703 0.0694563571775253
"cg17766305" 0.395178468262552 0.508623815492138 0.0673222669731343 0.139144384217975 0.826086100172848 0.07232370114027
"cg18881723" 0.0511095800429296 0.165218202111519 0.0567366389178877 0.0583814130092564 0.679020619627434 0.0672761528251118
"cg06117093" 0.131184327099183 0.386378942933693 0.0542397983660147 0.156496299754117 0.786396939415548 0.0636706031435958
"cg16802439" 0.96843168121273 0.96873364434934 0.740116692419229 0.969824068223369 0.910764505269236 0.0548650427841071
"cg05398700" 0.955224261840396 0.95464134324801 0.894072637263286 0.940402264644423 0.919088395389627 0.079024499047258
"cg25739938" 0.908610274569172 0.910844399020995 0.878613953126111 0.910695275890253 0.886349081252202 0.0557302713694894
"cg06270401" 0.89585838775608 0.893628221703509 0.851107898769812 0.909267796825333 0.850019097412333 0.0484302882525559
"cg22381196" 0.931808742715839 0.931845279334521 0.697690055181906 0.934465921516035 0.901532976043618 0.0427884182436446
"cg25600606" 0.917847405561261 0.914679681535647 0.854567764073832 0.914137191988748 0.890763860777828 0.0664012467773582
"cg19037107" 0.904906910530002 0.902943068812135 0.852282894806098 0.907396991822669 0.878541064882918 0.0645852979586264
"cg05936004" 0.910510933463074 0.90410411537399 0.790156228150928 0.90860149880773 0.843530504257804 0.052760546946166
"cg08253808" 0.909069233555154 0.908813505763923 0.741892080521887 0.888692035242355 0.847490385910147 0.0461587887551486
"cg13468144" 0.843226774217992 0.8942021510509 0.867590300273613 0.898763593871436 0.851163020621334 0.0659299989309092
"cg12483340" 0.889866860957441 0.890341657204672 0.778973842534275 0.883580259609935 0.862354282799161 0.0553119423393254
"cg08154963" 0.884480438317658 0.888690424036892 0.803795430762848 0.879551752388725 0.850104770027845 0.0594159422007953
"cg10487428" 0.894793244912454 0.893532371647216 0.785313845643431 0.896714386058863 0.852696016950585 0.0639646255020571
"cg00705730" 0.87466967375355 0.862707499667314 0.823637641426241 0.878972984093963 0.849904467803239 0.0569087275269902
"cg05627557" 0.881737879689521 0.873603656655886 0.69673234362724 0.880404514118709 0.821809267011815 0.0331564385840396
"cg23819411" 0.934608974483369 0.935654158325354 0.738008579361033 0.92638457562137 0.911969459262539 0.0874581920814704
"cg25074794" 0.933956454947599 0.932955837975518 0.835966110356066 0.930400514275223 0.877911118142915 0.107658295896839
"cg13595556" 0.900840511639985 0.898104337517838 0.687885908090789 0.912424379387715 0.767358614456074 0.0494266608469328
"cg13618969" 0.891820377259951 0.891714036823177 0.865324926511114 0.875507979960773 0.853512380189309 0.083590072085465
"cg13652008" 0.909782363405467 0.909444232135025 0.811216893531416 0.910573085750064 0.867493085923101 0.0903715878222795
"cg15878616" 0.972516966748282 0.972625397638784 0.540847272491974 0.967393833958693 0.942034131453012 0.0791975759892679
"cg11014468" 0.90688099325825 0.90605048632678 0.887662902296713 0.908366484994161 0.87876383336176 0.109082799059746
"cg03340036" 0.885354604608106 0.891884585921672 0.730113646138495 0.882550699505469 0.875616975513453 0.0612190041011098
"cg10611016" 0.907230120873882 0.90851826470059 0.645264247731679 0.89456989809322 0.895309357326776 0.0556572693414872
"cg01699630" 0.88342911083939 0.87289864604853 0.862125748081962 0.88409891669403 0.850732124980362 0.0852838038737572
"cg17852482" 0.87914298180013 0.87538264497746 0.840504071372946 0.870619163917339 0.823663859852283 0.0760845057932848
"cg03146219" 0.956587132030526 0.959229506572934 0.927116732550436 0.954843023694164 0.939256410251488 0.161576609582944
"cg21792134" 0.907615621702415 0.911608887446676 0.842929400029381 0.912787087977429 0.904246345875973 0.110265346394075
"cg01692842" 0.855878831008167 0.857236972812541 0.795961148796596 0.857533821052114 0.83347494238985 0.0572312338752884
"cg15658793" 0.915343404702221 0.896432274223705 0.696884477587676 0.875906508578295 0.837650764218315 0.0633824580474732
"cg21685770" 0.888175711093163 0.887924843824723 0.670530703035441 0.849276379077823 0.882438043509504 0.0469690863974182
"cg24737761" 0.88741458368388 0.869653466927331 0.795718621209191 0.879598515480572 0.817603420581157 0.0749890555488337
"cg11313468" 0.863964812358828 0.858459350075043 0.734227489157989 0.86176261371597 0.837045184256085 0.0518980920188063
"cg11070172" 0.951410171014775 0.929951302570639 0.926015186204409 0.951788405830097 0.913470100503735 0.162631168619248
"cg04858164" 0.878527370451117 0.874375735312654 0.788155245854439 0.865363819362751 0.899990618668149 0.0803946946209102
"cg04609694" 0.874142082500537 0.873581920377816 0.791098372201085 0.864189218014335 0.859589021105727 0.07715800764102
"cg21285555" 0.891130184838307 0.885035021606901 0.816815643976633 0.892594016752195 0.806734223507647 0.0948056298671899
"cg00439981" 0.897610672587135 0.903607708583039 0.541297964625066 0.893380942234621 0.897207177341931 0.0477436335522845
"cg18023065" 0.93966386311967 0.949652548103047 0.371606618748653 0.958169565877674 0.846087673241891 0.0438972357666408
"cg12809098" 0.908746495964402 0.90298809913243 0.6705200322665 0.903911175596638 0.880813013627913 0.0828640874854754
"cg11153071" 0.977835312001284 0.976975688114984 0.655728714154487 0.974319845359386 0.948829297008319 0.134567252276561
"cg07409471" 0.913834052755951 0.917263346427335 0.833734090759919 0.915502343399143 0.871849233504491 0.127796581957857
"cg23169883" 0.969374064301819 0.968376055627894 0.428686747444818 0.96528578043825 0.92166223213928 0.0786785535955732
"cg00660167" 0.962164256988654 0.961611614403344 0.809155891911298 0.961700155119862 0.944297408958876 0.163979846257448
"cg23338668" 0.851583878193094 0.849140631869038 0.828989664570402 0.860960265107216 0.856944116559942 0.0875886205053236
"cg24504014" 0.904084814946522 0.900417324110156 0.649086345909412 0.896832877772705 0.841691185845241 0.0800780209478331
"cg09859659" 0.891938386408403 0.890628224026229 0.864064068832645 0.874486373015551 0.783784875247198 0.116153435686016
"cg09166556" 0.912894732901501 0.911549158959844 0.667179077567085 0.849339438827947 0.884502228451317 0.0838286049136723
"cg17932662" 0.887245694152648 0.893624567828719 0.632108283143173 0.895476323546234 0.848264792943556 0.0759610192251388
"cg04855678" 0.921846754809959 0.920462610477968 0.579063566011394 0.904437833151149 0.768847979514588 0.0757357792255942
"cg07018090" 0.63655948813666 0.631866268660551 0.182100385954577 0.0514581005957606 0.27489009435501 0.913426239579454
"cg21830221" 0.089239668818214 0.0826625010115172 0.756127296140666 0.0755563441826441 0.109231242352355 0.779319259431992
"cg18128887" 0.0269345584674453 0.0292379949324772 0.316986627700013 0.0373599239698013 0.0482049038399528 0.645275285933784
"cg26404422" 0.078138710478485 0.0922461767085831 0.711506533148042 0.134999181643786 0.152553633694371 0.793291499617914
"cg17322655" 0.0817314840071438 0.137599387136347 0.808385127756723 0.466266531045349 0.482574099286733 0.930238239138516
"cg15903956" 0.208958793724991 0.164395638313568 0.701200155485681 0.0693420110844598 0.722923821802472 0.867481948702317
"cg21959598" 0.140770056142285 0.211195701398192 0.818231004484248 0.131433667489787 0.0826749248679795 0.863190231987414
"cg09221159" 0.0612339919060072 0.0628537181051896 0.460911229703239 0.150882164085192 0.108365704648546 0.736722550956603
"cg26106166" 0.0954587393253023 0.089487675541038 0.624208855266042 0.126720986826247 0.10892781810365 0.792384699143804
"cg12810837" 0.0531720419886522 0.051922064944639 0.702487855302021 0.06007960648509 0.0946514342855707 0.77625011919246
"cg03526142" 0.046523442786237 0.0501583610595607 0.746603234794987 0.309894560756129 0.0593003076390089 0.840942084372535
"cg03889044" 0.0756281981989008 0.109481863184252 0.503721607138955 0.401924760534151 0.383903195753065 0.857699789982173
"cg11354682" 0.377916901124312 0.436767767149905 0.115049534526511 0.0685819648917467 0.0851369988227516 0.821268005473557
"cg02212836" 0.220480963421089 0.277314596807359 0.139837448026925 0.0678553804042334 0.229641529204622 0.774410033346053
"cg18920397" 0.0610549858356582 0.0557325219715047 0.713347536056052 0.152732622840855 0.116581783905328 0.829411037577259
"cg00795812" 0.0627276213189162 0.0890164034828336 0.225059693402496 0.329663729270569 0.360032696838326 0.809360031466565
"cg10699171" 0.0757218419643115 0.076549775413259 0.523451773102514 0.111594637297003 0.0931246469916453 0.814380478986258
"cg23280720" 0.0342384715688238 0.0410623746367586 0.585025735123556 0.212483776676588 0.331097040365065 0.856927893278541
"cg27051683" 0.0642647491458893 0.11549342798929 0.479430136653813 0.42516910763391 0.416627094707301 0.920714387310947
"cg20513976" 0.0298847201390814 0.0276044158408592 0.735422225404706 0.0971602697680174 0.0626698728538485 0.85199381854799
"cg00446123" 0.0614217365533603 0.0533358506822437 0.732581211121024 0.110850628764815 0.0997815151412672 0.872625478625598
"cg23954655" 0.0683090333270279 0.0772277094232659 0.120471289758531 0.0687634136189253 0.14962177705113 0.76517895458249
"cg09993145" 0.0861975717010008 0.0743462462129152 0.10973440177737 0.216772135486738 0.0534912813233826 0.802243181300386
"cg26341831" 0.13936787598012 0.0490111895370897 0.170115541873113 0.0453722773875601 0.0586176414005751 0.786454272603417
