"CD4" "CD8" "MO" "B" "NK" "GR"
"cg01874152" 0.0988934297327242 0.486920504550853 0.89472158967058 0.862345939124477 0.836668499450593 0.903885799929349
"cg07679948" 0.136221332199763 0.297467837379736 0.948318961591803 0.954239379412756 0.950418654493587 0.959156895277301
"cg16452866" 0.108312462841281 0.170619673696867 0.93568140050331 0.948488636190105 0.94653965785941 0.954252099242834
"cg00366435" 0.0945884669045471 0.25911311150608 0.900940646616374 0.91373926999671 0.872867060148164 0.913882682133468
"cg01154505" 0.129535529650226 0.388236705692911 0.941933143223903 0.741514529758568 0.955183797887024 0.960474681649646
"cg11848483" 0.101227642420645 0.162279128032361 0.906489738340607 0.885379458156633 0.912944722325607 0.914937916559246
"cg26852712" 0.121343784569575 0.36570762404249 0.859448439064667 0.869067748840361 0.84009487347893 0.907139342175315
"cg26166854" 0.157782907259951 0.614920806966373 0.895831863019534 0.879867737144428 0.725482328449783 0.891426634838618
"cg07015803" 0.143958065299027 0.204572206617925 0.924439772335592 0.932993723737515 0.94050500744335 0.945307287084612
"cg19001909" 0.176996885057976 0.280100752753905 0.956838751478065 0.96283083208619 0.925284575210928 0.960034146498653
"cg07970799" 0.188698348368169 0.563378779091304 0.927899897152217 0.914085446137442 0.785136568460814 0.928909088564349
"cg04712122" 0.11036531145569 0.182426731267311 0.867612845824149 0.888564291335731 0.89207530019031 0.899168384596342
"cg11710595" 0.209837937067831 0.666852525793607 0.876215845166171 0.895286113790862 0.855295503954313 0.901085064372239
"cg25486399" 0.149599469961407 0.425042236667585 0.874930973392272 0.876510541541491 0.85654481379831 0.856627699645743
"cg05931551" 0.234734556620767 0.766368017434596 0.872662932897068 0.881452390911355 0.884366808171529 0.883129314753333
"cg12353788" 0.140490333924157 0.352915012865933 0.852482844742575 0.868513343885786 0.873379437868014 0.884652375945966
"cg01490728" 0.0973229443814701 0.267680198446468 0.816347983458161 0.841809671555249 0.843859991511928 0.836716776948121
"cg14477767" 0.221756441140964 0.751192079550964 0.88641607405302 0.86332144544179 0.829197862041433 0.881827025241049
"cg05705140" 0.103878520067284 0.274690999412926 0.877910277287699 0.75553170103657 0.83744464435506 0.891656434852057
"cg06915826" 0.113206516780196 0.21328856625776 0.874477984983313 0.86181755687203 0.864425473350256 0.862460715963058
"cg07133479" 0.186710571663332 0.637233444353637 0.836373425169775 0.868733108313963 0.826055236960327 0.842528538230377
"cg17939040" 0.229139583959242 0.643287279596905 0.918872055212181 0.824935267917242 0.910572569004569 0.928770012926389
"cg10837404" 0.244958812923563 0.652122349086119 0.906930779452168 0.899664414699037 0.91769182766322 0.914311717158519
"cg24662823" 0.111808787166309 0.270024805886618 0.888106231531353 0.894352857229271 0.700493756850574 0.899672646154371
"cg08338281" 0.0952421427960579 0.1010819545782 0.868956101278582 0.859797112922484 0.831240135078724 0.904518807552535
"cg10240150" 0.106875221514039 0.232368031374049 0.843197196702963 0.874134785462802 0.803081444720707 0.858914711193495
"cg07110949" 0.169489550076234 0.184200850954252 0.947986084622436 0.945040549415857 0.90586699212649 0.949007741468496
"cg23357533" 0.179049759522242 0.412078448282561 0.876537513013876 0.893684620872837 0.884734393482202 0.88185983846944
"cg09526469" 0.122531254271281 0.396876823375813 0.857806947301231 0.732236408320259 0.812001491823801 0.867053707176676
"cg13750061" 0.100460699864334 0.0943305496652403 0.863947899602077 0.873177331229752 0.855651594394797 0.86150691032439
"cg00620024" 0.230064697104888 0.574693271007844 0.899277178040534 0.896922050595906 0.884584621349637 0.908520392856403
"cg22230912" 0.111645209516506 0.152357796203934 0.844275423285466 0.894278054174095 0.855463978628867 0.834521451150149
"cg04347414" 0.109042906408986 0.109164284100039 0.843810425873101 0.859971631620107 0.849072185415987 0.900472920215085
"cg23896695" 0.0941160986351535 0.11256642495619 0.865208264595927 0.851153557256101 0.82395746870929 0.840143953438938
"cg24008435" 0.192745982651579 0.45883756122498 0.874851920219412 0.872543022641718 0.867837256732626 0.882836810139696
"cg25599673" 0.133919051859111 0.239815605375799 0.849731054182643 0.853777006235097 0.860887072476275 0.866817728575452
"cg26099045" 0.0971348238784542 0.213046677201181 0.8294006726089 0.86634791864269 0.75468165632387 0.815146879798209
"cg01040649" 0.153987148151574 0.280300641167978 0.875924423220485 0.854488914228616 0.862650698422631 0.886702239829947
"cg26400113" 0.105083030877465 0.102000966446802 0.874058110295512 0.859901634158658 0.823555369839229 0.866248685370329
"cg18735089" 0.14078629102379 0.141434669498627 0.890641869146518 0.901830303301226 0.850190618241355 0.911213439468391
"cg21747310" 0.152994228076437 0.445559654320743 0.815295979120936 0.839870046140551 0.793085087649563 0.836326088094671
"cg18758433" 0.104720287736253 0.18128600993959 0.834430151487736 0.899772110032485 0.702620319011722 0.88496076445773
"cg09016797" 0.209551697121737 0.498380027169775 0.868213373068886 0.886591815499291 0.879751531644446 0.86614387398171
"cg10414350" 0.189620306965214 0.51659785201761 0.859128166344731 0.875044135098119 0.767794838844112 0.880613220256152
"cg00440980" 0.104224963866507 0.287334451423847 0.753246749710769 0.850318168795197 0.707744646154654 0.867661844484091
"cg08280368" 0.108481674001183 0.146415065716733 0.889459690606022 0.764756639081033 0.842496036527766 0.880009979303688
"cg17991206" 0.148173867034803 0.345711223776018 0.872533780948171 0.834147835387149 0.784380335123338 0.867689566243734
"cg10708271" 0.138781461642771 0.20751543667068 0.87164039408875 0.849107663993459 0.851881678920317 0.877033907877739
"cg24841244" 0.0963091218831789 0.0788962038646613 0.861178204324208 0.879067068216557 0.755364232725948 0.877238538210621
"cg08884752" 0.185720095542748 0.431324419788841 0.786788291408379 0.878183439429191 0.89152811940569 0.861440213033593
"cg09740560" 0.615875625043005 0.500648500685914 0.0674038100419355 0.0593428092264926 0.312570102665569 0.101403412686541
"cg21268578" 0.529446083692285 0.330456084723748 0.0626361544114003 0.125541759086616 0.0538150811066947 0.055577154749775
"cg00034336" 0.536292634320794 0.540782200449593 0.0325439518772299 0.0317390900375786 0.019731159304031 0.0229210976923654
"cg17588003" 0.743448210196753 0.684799644856169 0.105367548928541 0.250947290352233 0.238134610808239 0.354252681671748
"cg27664496" 0.658994755771351 0.650701575663261 0.118419910688814 0.165850047834596 0.146382743369679 0.142846106149655
"cg00026290" 0.540083718037694 0.468470907876222 0.0500690977310929 0.0428455909961345 0.0400873973619932 0.0396605712910904
"cg23019886" 0.626665341018357 0.508488320684067 0.0842746857318931 0.103510977387694 0.271383277801514 0.0909502832443984
"cg23904595" 0.664134162852823 0.607027160667584 0.119106718238285 0.222998878839198 0.184482736208228 0.0970218938039774
"cg25306006" 0.654571102786108 0.535842776818807 0.140456138339012 0.121977713869347 0.238607831713673 0.146103579151455
"cg02123534" 0.814008872316211 0.392542934343196 0.170123431879834 0.747684059105403 0.204369022057794 0.409912131071362
"cg22250531" 0.597531775621698 0.57131116733408 0.0560938715232268 0.0695762724876385 0.127525589654765 0.0436268147683868
"cg14871225" 0.640156128699842 0.574554050635394 0.103696215856736 0.20924351511571 0.105726601627402 0.0885035397406907
"cg16144883" 0.875703090020468 0.774424526986188 0.283532766476677 0.368512681495996 0.506092107075204 0.297381682644165
"cg18048071" 0.774495872872428 0.738891999535722 0.259025320931332 0.344095446191674 0.148540144250314 0.24030565579891
"cg21400549" 0.675660964494182 0.344009254814552 0.0951431452549647 0.539794132539343 0.0638073162109884 0.135756057158729
"cg02013741" 0.674181664492585 0.616266142216985 0.125832546704147 0.0831882244568564 0.110800154031117 0.21353802262207
"cg27485845" 0.844445338171348 0.697803050359773 0.169101934714431 0.408571725515473 0.128907362859092 0.555473998236483
"cg09763644" 0.584125792759607 0.3785715644997 0.0692881543469225 0.0608709674774275 0.100077477856933 0.0928490451319522
"cg21337881" 0.749176785446242 0.661085355320389 0.0854236137909387 0.122770409234577 0.356636138364239 0.225470040598504
"cg25394505" 0.722582758877893 0.707408481567531 0.131325210361386 0.214623039802032 0.106771807579653 0.175212215341834
"cg01966791" 0.76865861024845 0.574834729153378 0.149490600203005 0.435257882773336 0.253975315090234 0.138124618059946
"cg04905719" 0.624550247734563 0.628223828934083 0.049548533191456 0.0584893966920094 0.0598446865625855 0.0391576707001041
"cg10099758" 0.695650040563816 0.636798648638067 0.114251262621987 0.140907156566364 0.0751755397529919 0.218553992387208
"cg24904788" 0.573240747228897 0.384757931574604 0.0558499405888102 0.0558690740298152 0.043578417591582 0.0505746757245633
"cg09662852" 0.66971462080881 0.670573436835165 0.0834378671417269 0.138886066465888 0.0850220083776887 0.0724217644528998
"cg01231183" 0.736951833536648 0.684483722788094 0.13940786515013 0.0815025211852987 0.362268744128364 0.113273674069723
"cg10504000" 0.691733009389522 0.686644236237382 0.0863994707812069 0.104110320874163 0.0744762889214208 0.196333365323617
"cg21360910" 0.739102588794399 0.650158995620915 0.193842733737083 0.109361662631239 0.255760683937245 0.169614475471244
"cg10765877" 0.582937264149723 0.168006037164518 0.128305933578707 0.0985195175968191 0.1056995229378 0.115341880913464
"cg04416898" 0.763485397726338 0.579470389059622 0.201636043702156 0.294151069661883 0.179651266374011 0.223206268380306
"cg14594459" 0.634061261623272 0.276755898471325 0.125604310884461 0.132920400168757 0.124260936094128 0.140664621505264
"cg14134003" 0.673602391180954 0.47031642600722 0.0802601059315787 0.284952506525033 0.0692687831571622 0.0686307455588378
"cg11666770" 0.895580515475825 0.85918381853259 0.314693471692277 0.307358379087631 0.307053948369882 0.281034017831382
"cg22018086" 0.785937462549962 0.6560663970773 0.184751311204463 0.247255142766422 0.32969375069277 0.0953674996560611
"cg16922167" 0.804131153792593 0.786129364777201 0.146660778414395 0.255061636345635 0.282239630843038 0.114488158469226
"cg19628988" 0.744588136860459 0.68077012233057 0.0959376640644274 0.314365092711289 0.0812060111419231 0.100038224266956
"cg08284263" 0.664076711703907 0.503879637543904 0.0867882955604758 0.0992422841350541 0.112602933285616 0.0745570643695475
"cg27058988" 0.680446164986627 0.530799347430136 0.0574536332786644 0.0514901871546778 0.240514105382834 0.0461793692352272
"cg09037630" 0.691045907718274 0.684572538814839 0.0715100676566796 0.0589553090481798 0.0633050986840576 0.0780923265133441
"cg19369955" 0.759069522381376 0.762089696355743 0.0753349909984337 0.102078565896131 0.247042688897623 0.0692716048568401
"cg27027151" 0.725613087534335 0.452517362719078 0.191565453146352 0.0740171311305195 0.151418353786523 0.185544871214567
"cg26923863" 0.806506922687042 0.669738826742461 0.0511942750391053 0.536577946547635 0.0705652937264931 0.0501711894646191
"cg11787160" 0.847816576574757 0.851621030006322 0.161675801884936 0.182214989918464 0.251994228521008 0.145049990522939
"cg07598385" 0.680753733218903 0.501800743484681 0.0552278764080967 0.135206122956621 0.037392486148005 0.0334280204229582
"cg13448978" 0.770621006934314 0.719329391255425 0.0572236299155936 0.130503580018597 0.199918999715851 0.0400857363729603
"cg02380585" 0.720527978600602 0.709009546822324 0.0530611701064971 0.0447549637702915 0.0426739133277488 0.0428388098780423
"cg25729350" 0.758163782696181 0.649365342959703 0.0790934058544072 0.0748810865157172 0.147614008991723 0.0790114127319607
"cg07785552" 0.751445576434456 0.615900789898488 0.0946805829030306 0.0839299208464137 0.124506769602417 0.0785761406415135
"cg20455854" 0.765313989233263 0.638403855671747 0.0791906467665203 0.137833434618498 0.0788621634039477 0.0680330078177013
"cg04742550" 0.795827675509301 0.389839364342224 0.0437012678539176 0.571760312244878 0.0390151928983048 0.0321528852160588
"cg00219921" 0.765655163405829 0.148520779992267 0.875283501464729 0.872677793094228 0.837733336264079 0.883511309270484
"cg25939861" 0.647671505558538 0.0891014630771145 0.824196809983227 0.864549588549063 0.596969368973039 0.851350875518461
"cg18174654" 0.805367149800479 0.210004420455914 0.841726936083435 0.87571396844062 0.8808290643849 0.870555357394496
"cg03388043" 0.074715381492142 0.059229211987766 0.901509282447197 0.929541207219628 0.715417068740958 0.94474985647954
"cg08777095" 0.301615665240155 0.0975057171336112 0.892466535710468 0.905022007175965 0.711371814737829 0.910997303190651
"cg14522718" 0.092281225806083 0.0652998493704212 0.923357570440762 0.934822393011965 0.683008905570775 0.920411580766194
"cg25535316" 0.598365837667102 0.152687667518961 0.839310229330885 0.857079142414219 0.782389817929795 0.840098183150462
"cg12655059" 0.310108680948751 0.107700882171979 0.855777456483526 0.831013772021655 0.832086531229823 0.863805346155408
"cg18483549" 0.563543123963834 0.176872182147051 0.880110120857335 0.821865621986558 0.882464234078958 0.876739431738993
"cg06419846" 0.858488865820395 0.298975816929652 0.939664797276454 0.947393954285526 0.930260403261803 0.933312699728533
"cg16596052" 0.615953362618496 0.248336212377709 0.939112241642873 0.880868835920522 0.938865843130752 0.930317537215147
"cg11531557" 0.705183275267561 0.217767021923682 0.858835387096044 0.874145477382983 0.806801094336229 0.87095760849787
"cg07545925" 0.07608398173062 0.0605233168892671 0.8684516840599 0.85619346625939 0.69451991314959 0.860956348346698
"cg20661080" 0.0913748408984642 0.0675286634072964 0.83665797116334 0.854095134269345 0.705538411490322 0.871439046453065
"cg02387618" 0.14821885036987 0.121522830650795 0.890484522830874 0.887854322094938 0.765136514569902 0.909799994808089
"cg16193207" 0.134241938904858 0.107207158369633 0.84948289421209 0.85405432565631 0.81545476783812 0.843852552689831
"cg02324835" 0.482377116067558 0.168791057950607 0.83721434027426 0.858596516418493 0.734318500763707 0.866509490012358
"cg26033526" 0.225095774773719 0.0824481859226125 0.845579150632467 0.774728519729924 0.641673854167431 0.884240818369374
"cg24150662" 0.141993743039374 0.12100520981179 0.910010505428724 0.905334617153718 0.680559998511181 0.926858682783529
"cg11210357" 0.120965402932593 0.100427162747816 0.859297123437281 0.841458847644003 0.763898545857555 0.863796050118783
"cg18650518" 0.104849843259566 0.0956575101085333 0.887016181136769 0.874359880265915 0.658906329169346 0.905114528532996
"cg06164961" 0.0959816565216136 0.0847214972526406 0.872086995346416 0.888960921598194 0.630249222347596 0.882637007235073
"cg11067179" 0.79405348749683 0.265928432692713 0.878099876541552 0.813926074276639 0.864867092418923 0.868292313640536
"cg06110802" 0.259442667516403 0.175502925431225 0.872883019628378 0.894515521958246 0.87069097199437 0.888716361171106
"cg19993258" 0.220257871093512 0.141483050249063 0.860354349799814 0.840157599680894 0.812396063649437 0.879955682724515
"cg25235205" 0.472391298783384 0.176128468815967 0.8302718646472 0.836801155878967 0.778684685275859 0.837673132080987
"cg01002223" 0.800264549589197 0.324271199404307 0.91027453052547 0.926255238016798 0.918817255960345 0.921516720360776
"cg02598071" 0.432607444669285 0.204900857246235 0.855538771334413 0.880818519317171 0.857318493391153 0.867172135633857
"cg04403423" 0.190399984869196 0.104306160770599 0.841866592190016 0.795021432485891 0.723409536683887 0.85602574475432
"cg21407196" 0.151309424422105 0.11891550526043 0.842301148199 0.858743657656616 0.782153748140028 0.828801497896016
"cg22512531" 0.305337002335861 0.0815069977628308 0.880739969532673 0.868225444525323 0.359966306616263 0.880693173190674
"cg07728874" 0.113489015596697 0.0981227860938635 0.83774189906659 0.847603942377556 0.707101921768146 0.847119253288935
"cg07781401" 0.20976357279232 0.186259862107705 0.888172965209871 0.897407469941105 0.88159727352968 0.906404489295618
"cg10111816" 0.110207859764196 0.118186990576266 0.839579881150283 0.842632545882259 0.824314474710683 0.829919903881796
"cg24402372" 0.159061390581621 0.120445255961448 0.837184277401816 0.845323952503697 0.753207604825723 0.856464418462944
"cg10977115" 0.344996174447989 0.11447395856874 0.885219458245183 0.902744669058903 0.405159526534033 0.892831034326752
"cg26720010" 0.151120356988593 0.135893795951076 0.857683546052854 0.8727250229286 0.794034749585207 0.84597855517872
"cg24441810" 0.0932727840657861 0.0962903623340564 0.843377872964897 0.743532373439779 0.79197909993573 0.856750199699866
"cg07661835" 0.123849356662293 0.0891606477266938 0.722268468159706 0.851857161376599 0.773840240767777 0.790349951751046
"cg05559643" 0.49144272720303 0.144444386758938 0.831828112155779 0.820633656095556 0.573724067512997 0.827058513736925
"cg04394724" 0.759340126911414 0.241858331828579 0.888617876029133 0.87693521326381 0.601082071325042 0.891885826848683
"cg04180114" 0.115225514350283 0.121600782629592 0.822128887038909 0.808562707815361 0.826335120171836 0.856925895350645
"cg12617080" 0.760615388581112 0.8020958600697 0.133401298866073 0.293004322580809 0.43918888277855 0.157560880973221
"cg26023748" 0.573810437407187 0.664599526741427 0.0735200012679524 0.0745259790400285 0.319325682529721 0.0730825711033345
"cg19148201" 0.737329647593644 0.785348797685224 0.190754004121639 0.385397843687828 0.24300680546895 0.154707680092458
"cg24484138" 0.631090424700127 0.740342656569727 0.106378210486282 0.207198325414445 0.446404579462656 0.0822175584119689
"cg23018755" 0.649581825101239 0.747879013155239 0.185924571079526 0.225638161488441 0.291478193379754 0.169108889467875
"cg11230435" 0.535481738697074 0.64540642184786 0.104193924459884 0.238287111311955 0.0582578767857325 0.0716387516163717
"cg13443575" 0.475026108317791 0.596111169262235 0.0808023479324352 0.0703147446216585 0.0756602879479537 0.0535322290485551
"cg15929395" 0.724470245084703 0.803983537903126 0.128201592287858 0.274098063694145 0.501646572284245 0.113996381695479
"cg15381475" 0.549093002120287 0.629566474171058 0.0313194859533065 0.0366345245775727 0.247243665064997 0.0246227972230184
"cg22948808" 0.579199863896713 0.814530070451186 0.134741583953378 0.277138608253309 0.529683786164043 0.267362447587134
"cg12183501" 0.745062093817194 0.778329597462053 0.12743101706848 0.34631713171093 0.268304825002337 0.114061669167655
"cg19440734" 0.398096586920151 0.601964840174499 0.079103362087623 0.0723025133264485 0.133996821155601 0.0643919257722324
"cg22566906" 0.559404796800321 0.61930141736743 0.0774752155775756 0.0659863413289745 0.0639166781787986 0.0585828424859527
"cg12426092" 0.634762415793907 0.702089480836123 0.105348926165543 0.138787854366616 0.239686056264437 0.0992418903543615
"cg25784219" 0.633995525027565 0.682145283167547 0.0731613820558433 0.192827653478868 0.135219102798377 0.0563795263889653
"cg18976418" 0.400008307293402 0.628267586470631 0.0861010063624625 0.115887470535838 0.157832658807371 0.0692076439165347
"cg08243626" 0.651275394723158 0.781456409925102 0.0781863392763053 0.250120597074209 0.503437376566603 0.0664521205024621
"cg21340621" 0.598298618924797 0.76183148338623 0.0945547071867647 0.271633766178678 0.365194730074267 0.109858741317197
"cg07799277" 0.650058130849138 0.774273186060345 0.106825318769712 0.148797996891909 0.497296534636411 0.0930856486654331
"cg12118504" 0.570380017499175 0.727857800816374 0.0925964276506474 0.0942006797723332 0.430321767702544 0.0829250311857899
"cg21593001" 0.71499157460851 0.738280553913401 0.0967360769672146 0.225710606936626 0.195744086641687 0.0733282832633277
"cg26681770" 0.584151940842455 0.637393269430852 0.0587906917771419 0.0484282714793221 0.0725386934795212 0.054081416114914
"cg13615963" 0.549011963834443 0.649364079475122 0.0669782660525248 0.0914329875805226 0.0967991746104479 0.0638851418143192
"cg00159523" 0.763057051254624 0.829248573825661 0.150063212776273 0.16274364293684 0.486502232252832 0.149556364242949
"cg01233897" 0.716707047735531 0.740567838625101 0.101335693690409 0.0742450665814689 0.289104647704327 0.0932010740343501
"cg09349128" 0.548702667116895 0.709727383955749 0.0941816506952515 0.12112065230047 0.153912780420382 0.201738328529043
"cg16207263" 0.57494920271056 0.674765344808956 0.0883994507852654 0.0924534956497515 0.105460190575388 0.0705821722304933
"cg01372366" 0.730241518075874 0.777810940741423 0.0798399881193848 0.154253528939463 0.375352121087106 0.0659111585176368
"cg09914404" 0.654828209795111 0.734176891143769 0.103211603618833 0.242625540197755 0.127624713084618 0.0749515742826723
"cg04642300" 0.65834902405585 0.683562456634985 0.0746590629296703 0.101413583590462 0.0581157946178782 0.0628738636837043
"cg23570245" 0.716101359770796 0.738623739000383 0.110622355404423 0.110499095483743 0.172102725744855 0.0960697364572779
"cg24902461" 0.695408179084906 0.81426815639024 0.117207857290165 0.116607922249315 0.487114844283884 0.0880410162975245
"cg20545410" 0.783348277097959 0.842604045632327 0.112396839519546 0.0823039880329493 0.312717520013951 0.337685112880945
"cg01543184" 0.78953939161348 0.833726275720273 0.111005716855097 0.25476832232814 0.313268957641922 0.111408387915622
"cg25711558" 0.658084942750312 0.73491700171776 0.0650746875642151 0.0642462866579174 0.223224383951319 0.0524630440788505
"cg16563370" 0.691331865395027 0.767567856962121 0.131819301629848 0.155793121789076 0.119649706228308 0.0918248375388214
"cg17329534" 0.132408987979384 0.806098356818159 0.0950941949660151 0.656868517909405 0.379823482185895 0.0815926954544892
"cg25025181" 0.769190755208374 0.818827739327536 0.0747230298883903 0.228431407321068 0.259084801333653 0.0676820116743734
"cg16097858" 0.779989323189355 0.799976042873949 0.097802785430538 0.0921247298954801 0.229586735453631 0.0926263440535351
"cg13468685" 0.819381885913872 0.842897151445876 0.0969496818939138 0.353337481675963 0.135840410157258 0.0877364041743361
"cg25978218" 0.792056261941671 0.800008593889245 0.10207367885122 0.263164631425463 0.057009146427428 0.0738994673760327
"cg23582982" 0.840131982677943 0.872822426289385 0.100648926062293 0.26080308599459 0.355559989320774 0.0710737407317344
"cg22193912" 0.670694028569574 0.764310027081678 0.0425335718700998 0.105655792578483 0.152840705892882 0.0342928381689641
"cg26872907" 0.905154864949044 0.928757753774184 0.0652984362248728 0.91793339417449 0.899713524680317 0.895195419567535
"cg23244761" 0.944342649114156 0.96514366651673 0.108941139127917 0.954918880662935 0.943472349403261 0.946351453551451
"cg20559385" 0.867808787363585 0.891417333189616 0.0879085918627665 0.86406579270884 0.873538615951442 0.815963504194878
"cg10480329" 0.898778570936228 0.919996839967954 0.14304702779288 0.905493237104717 0.908534396771549 0.850042350732675
"cg03339817" 0.960190977562544 0.967154492123505 0.199751858691155 0.934531665978796 0.946318628033737 0.941762235367137
"cg12655112" 0.919410723074075 0.944554322516341 0.1216681255001 0.869024755110566 0.923993500805433 0.701809377248017
"cg24788483" 0.853240085770161 0.938432186364454 0.14183437134481 0.87698032922795 0.914203921481819 0.85032669593147
"cg05923857" 0.77856478114806 0.89940147531751 0.0999572106884942 0.856465114631686 0.881150413421766 0.798289046930335
"cg18066690" 0.898122992327045 0.914523060417984 0.162737086755389 0.897360632046248 0.902469733364887 0.887058030398614
"cg11597902" 0.928706486157189 0.961155093228338 0.062158006342385 0.930821965602976 0.889206049145501 0.286157776689065
"cg18990407" 0.916976396521516 0.941727430330829 0.152596456649167 0.924272541582826 0.905659145589689 0.748514390856963
"cg12422199" 0.868755213579998 0.877666690889164 0.111228213093596 0.796990743411333 0.803221015615012 0.854051798018131
"cg20610950" 0.903531797118074 0.910963773301306 0.126420884093309 0.910517842648732 0.901829341340995 0.647577685724053
"cg23146741" 0.851830963123604 0.872015596875209 0.108286657981184 0.834595836367831 0.84507842655482 0.778374296472936
"cg24954967" 0.886129025081895 0.901760053200692 0.103154768357376 0.740751986651507 0.844795324867281 0.755029737825867
"cg10278149" 0.881190500083255 0.90270957614474 0.122786524029269 0.844345885875029 0.878776370115606 0.709854578473764
"cg01476222" 0.885460220073317 0.892711561881876 0.144898939329437 0.839327559649 0.852372198932147 0.843492041931545
"cg19835973" 0.88110640704399 0.897160753809149 0.172055724766017 0.916215258775315 0.868470204349029 0.884349718873048
"cg08908131" 0.860816170409156 0.871996912765332 0.124415113437674 0.843468662588788 0.825756391638242 0.804820774529784
"cg26326621" 0.877470677459692 0.912528438331223 0.161290267063792 0.899277678758063 0.852310089202213 0.829672457216711
"cg10499974" 0.889001387545663 0.916575397010227 0.098380645747726 0.863824963528908 0.876469486164698 0.487810164778127
"cg00288598" 0.855911201791386 0.940940191706743 0.16630983493016 0.936454260589883 0.921626478284349 0.715403167102449
"cg22259797" 0.827231462974143 0.891321072849703 0.102642457248682 0.90780774452874 0.895621950471507 0.503732790672666
"cg16636767" 0.876881853658959 0.885532239860305 0.178892600184889 0.866574978530463 0.883016916304171 0.866456488665088
"cg09220326" 0.882201109259743 0.896743377649771 0.13267546886544 0.87950777876866 0.874371397199498 0.607893240682258
"cg02244028" 0.879531941446421 0.886106766189458 0.169231036370492 0.880539790283551 0.871712465540812 0.804900620780238
"cg22675702" 0.838372582409683 0.857772776951384 0.146504610811001 0.846506989878646 0.84160647906129 0.819111229627992
"cg04468741" 0.814178956604471 0.867243277018489 0.148064691917762 0.869422066325703 0.860967062328067 0.787560582326452
"cg14109551" 0.873770364004592 0.888761642334506 0.16181039084309 0.886465023959286 0.874077304780031 0.73273881223697
"cg00101629" 0.885997284512691 0.908152294664583 0.180633698958662 0.881350159837469 0.883053874850265 0.789929794070091
"cg23144445" 0.874306981354459 0.879198184398195 0.102545686190026 0.873175345539549 0.862633619310134 0.464010982537912
"cg07002540" 0.832004385925261 0.886034125018763 0.139905695179183 0.882537479222462 0.814834754764283 0.719128362678062
"cg18770149" 0.863717050569372 0.885072139884222 0.17384591393486 0.876026256289807 0.846510089346579 0.832060277226183
"cg09322573" 0.874384487546845 0.88915635833517 0.150449077800587 0.854151665469022 0.870979694380722 0.694829992511803
"cg07846061" 0.844252824431606 0.863946282422812 0.116350940400825 0.847600362374394 0.811503985371563 0.645260732672485
"cg26690127" 0.826256112058292 0.888163636576838 0.141042148621033 0.79765867825477 0.888954092960777 0.728628811579168
"cg04478930" 0.910997139073533 0.923150240200426 0.196310891908538 0.914293401872114 0.895644658334154 0.760459219129453
"cg16736889" 0.835502914555695 0.852051845855005 0.149394860322938 0.77301210093083 0.844482243178225 0.857690392288628
"cg23391288" 0.90978033341659 0.922179443986296 0.224919371726677 0.902514627833739 0.904676120777482 0.897577987093292
"cg11186858" 0.936050989175574 0.959653878878261 0.172631302411342 0.909607727782169 0.887780745776814 0.582047858405265
"cg25898577" 0.88816554456849 0.902971307630481 0.171846929660566 0.903226447936124 0.848724071555653 0.727792299410009
"cg27366072" 0.880347966455377 0.891733944189999 0.155573317549912 0.84089936405998 0.86069104337837 0.709964738874848
"cg16429499" 0.864966010310595 0.891265294676367 0.123926984941563 0.565472578284356 0.854677518597325 0.848060749599373
"cg09354692" 0.871499122322669 0.896891500727084 0.117227166144319 0.833463911619886 0.828165865907695 0.558346966748061
"cg18835472" 0.828179279120827 0.87145601045078 0.136611837618186 0.830432624519658 0.839798278555016 0.701883467876636
"cg02780988" 0.836900777772554 0.859868171914001 0.155938437843351 0.833846605709444 0.808220970800859 0.829359212272998
"cg10558233" 0.813159098919932 0.843251393582898 0.152319327441686 0.846744222624459 0.845962242404146 0.796455520885704
"cg25596405" 0.906873434446085 0.917147796908032 0.148637427519175 0.866333846019786 0.856077723809743 0.574473278885538
"cg24365417" 0.837263499963963 0.862029898907143 0.146780018254497 0.847623178460966 0.797475407682666 0.764417139890217
"cg03533256" 0.814934535145305 0.831880868496374 0.110585051994887 0.832567313046684 0.807418622396423 0.640170915814038
"cg09696044" 0.0591399934581524 0.0569586040857714 0.355569996171639 0.0622498710080072 0.0713488028263073 0.30634363853306
"cg00782811" 0.120687262466036 0.112452507948843 0.434264370945941 0.291884378492175 0.106772584558305 0.291139261021552
"cg04453471" 0.373816111921522 0.397960627346556 0.573639471579274 0.301228829836408 0.131074454919755 0.403474766873597
"cg19159011" 0.0821961284585551 0.0726662777001172 0.436008275800006 0.172918721237679 0.215823074614666 0.368834125213811
"cg06395232" 0.10446051263156 0.0940549729670146 0.434061515874382 0.204608528607807 0.195355609935393 0.303946129024167
"cg01905489" 0.171565549750574 0.117473651218579 0.459275194788085 0.150499566929316 0.35480994196889 0.230964589236665
"cg13112407" 0.0653439057854069 0.0512246464066372 0.391484154930224 0.193588533276165 0.0649285767449981 0.295291486633837
"cg20792833" 0.0711389109813796 0.0649099685714495 0.405201749577619 0.0744317838231949 0.0850277247028049 0.355375923820469
"cg24243879" 0.109716826911648 0.23742922740102 0.433782498682499 0.114649610875731 0.104787941774998 0.22531270219258
"cg12182124" 0.0958608508331279 0.0752990968823932 0.41822721417348 0.126377358360343 0.113136184145176 0.301818061141324
"cg23053742" 0.151181288781304 0.142185250379979 0.443355625344267 0.208118144191242 0.132039226889647 0.199044382543265
"cg01986630" 0.09294261305539 0.106529566028515 0.429323059444317 0.196006632146043 0.0627837299164163 0.26704931842152
"cg09391405" 0.140969479918408 0.148063657667834 0.472178900381671 0.198432172004711 0.332352780180776 0.117987632679852
"cg18527651" 0.0614673436333581 0.0530356337076864 0.438928501382839 0.352040793945563 0.065151149161511 0.227707914564576
"cg09374353" 0.421981278687666 0.227095347774435 0.527240901486321 0.259261270411637 0.120512461875192 0.165732068096996
"cg00781658" 0.0951066104341742 0.0602556876196511 0.450628302836137 0.185882922167436 0.0877487213836901 0.364043333238457
"cg00345025" 0.224889489259535 0.0949901363463809 0.485076351176252 0.157774779771661 0.145973767632319 0.289010874723725
"cg06779553" 0.149670473781729 0.120330695280084 0.514411132502297 0.238348421714938 0.14950531650833 0.371663981609933
"cg17830204" 0.0643691189143331 0.0607774008147155 0.440047067878737 0.113630147916791 0.0715470438212993 0.289176360447115
"cg12085119" 0.0908224124892785 0.0779261544994481 0.545591913077287 0.291272780815291 0.207981565258026 0.448640157006659
"cg27506442" 0.042116860243942 0.0329886293697199 0.424348968912973 0.042391315636945 0.0507770197815946 0.308009910685245
"cg24018814" 0.080500232220081 0.0873924673150862 0.504196745518328 0.107070857473427 0.334612428583047 0.262042607213763
"cg11775828" 0.168886200879343 0.198583257033509 0.596263714616279 0.387580958668331 0.145704993572503 0.427915825657908
"cg10552523" 0.0753069649995996 0.0689075155498587 0.477863307991299 0.0749896872904723 0.102567036741003 0.414134878786782
"cg15928106" 0.0919152900592723 0.0785594683531289 0.530558248666765 0.248258147267755 0.0943578331504944 0.448704809696816
"cg18728264" 0.140160382125407 0.125152816389928 0.584559816288581 0.122695838252021 0.447085772734358 0.395872139516393
"cg26509250" 0.475452492991591 0.438645757683971 0.705086816545972 0.256550968575598 0.475258080844358 0.180114906617101
"cg10768932" 0.0656059629119188 0.0544879437816505 0.409038413562325 0.0618671070731882 0.0573674460481614 0.0857304887008139
"cg20566897" 0.141708159277307 0.1326981032387 0.571312843414957 0.173373180667735 0.135085541489563 0.518023986402213
"cg14392772" 0.0609369676278278 0.058549567286842 0.507470483857962 0.0718155077662705 0.122842552099647 0.424056060255288
"cg17635080" 0.146865344621512 0.0913065201138845 0.545881382038846 0.0913527543434725 0.134147050003814 0.457615469120403
"cg18437480" 0.145490420286928 0.117215884677069 0.597535697730202 0.17669929061204 0.186907261165021 0.547105698354996
"cg02908942" 0.196784939440165 0.151645915767815 0.709558232334355 0.330721660504279 0.510304618549432 0.537881558600579
"cg02596819" 0.147536799168773 0.111048564213527 0.555716625076395 0.0771528971354412 0.0941672182188496 0.521976609298312
"cg14655843" 0.101619649008821 0.104173783204592 0.602248280301275 0.278413381367614 0.209128174381524 0.459525992421935
"cg13027206" 0.0905255814258962 0.0738230682560249 0.558837493231776 0.266661137083434 0.174759068914358 0.298900780891925
"cg11977716" 0.0807542828690463 0.0602843093226548 0.586625167543805 0.308913325409012 0.176236199090766 0.368744991957291
"cg12075498" 0.0970547507541546 0.104982963394833 0.559011640125706 0.0667373831575735 0.0840368559989603 0.440941544969493
"cg02668248" 0.0879913950067406 0.103280468149643 0.630831277306805 0.129279718176625 0.130339818934741 0.574788059810684
"cg25096745" 0.131599056697462 0.0987794208719114 0.652239937587436 0.538581868455315 0.0963385091936953 0.265900235657383
"cg10578938" 0.0814864555517441 0.0736112816252268 0.656904476173047 0.191946335025067 0.44016998352815 0.265503041196176
"cg12102235" 0.0903546709264216 0.0828805372697092 0.664373040191833 0.212972344746052 0.600867123650295 0.0824797401408426
"cg08462055" 0.07580432168573 0.0573005547664477 0.635473899002318 0.105498579067483 0.0908687823640155 0.578466155598586
"cg19611616" 0.169322763766915 0.0952969022040966 0.596778795214959 0.161886131853397 0.0942755314604728 0.0884392775447345
"cg23007665" 0.0988258127484926 0.0812124011360161 0.69024629988599 0.120571492628731 0.108392578479002 0.644330629935779
"cg23213217" 0.138300521861253 0.112125666144751 0.79610950407047 0.592798008117455 0.472408953465058 0.224098980701088
"cg24957609" 0.184121915720092 0.113919217835061 0.776177696032524 0.437048042442518 0.133444657310604 0.564041421403479
"cg10639435" 0.135094383222736 0.129820761576493 0.810003540105163 0.583122343283797 0.0944099468934031 0.540245304087994
"cg12609063" 0.092514677371137 0.0724006651533672 0.790213841898441 0.419799834118791 0.091522396014693 0.653350577881784
"cg03795574" 0.0859820216160195 0.0767173611626882 0.762327115885908 0.0966672425922086 0.368369999969215 0.111212538623617
"cg01598421" 0.959573939791603 0.959740639883369 0.953874469747892 0.0826967600619941 0.948509853898898 0.966151111799275
"cg17768768" 0.950871404807908 0.954495945244153 0.933189768569525 0.0817182190092903 0.958709855891601 0.94796358508552
"cg25131632" 0.939670342981689 0.94242789687009 0.936977434625279 0.0961771338585813 0.942365007940609 0.939020794768127
"cg19276014" 0.962834680185298 0.958481975866153 0.958612551407271 0.133373825974354 0.965017311718568 0.96999985938272
"cg16210395" 0.91331737066745 0.916309314755375 0.892047928156782 0.0876014363659567 0.906837825832344 0.907027132886239
"cg13738327" 0.958074241609063 0.969112104772453 0.949936784723946 0.132692908572653 0.921165521205554 0.960047950435143
"cg02212339" 0.909333799207031 0.910795955472882 0.950590391018789 0.118558609406679 0.949198607257127 0.950834429432897
"cg26318872" 0.909682004017163 0.911624094753799 0.89242089839197 0.104704761898274 0.905467919710094 0.900059116374996
"cg01024458" 0.889529702681632 0.909270316697045 0.902560961556309 0.0965895806951577 0.860898126860174 0.915455368077359
"cg15348679" 0.929071104670543 0.970037355086342 0.868117364240142 0.124123716977452 0.935148306345742 0.893966560185054
"cg05484949" 0.947548705458108 0.95107590518141 0.922190695895999 0.14561302617356 0.948636737848849 0.93896993686155
"cg09201499" 0.955125077368228 0.958961182962756 0.941538373764304 0.154805187201478 0.9493631928141 0.937857867732111
"cg07558704" 0.934505918346683 0.94102394504967 0.928242753727527 0.142229485221691 0.945682989655115 0.928287846083016
"cg16411445" 0.957771630122713 0.962670748875992 0.934935193702293 0.153698976886584 0.925653165548579 0.943260647414504
"cg11661493" 0.877269369009203 0.887482813868391 0.854126231758629 0.0904328452338196 0.891584700260661 0.872130085364485
"cg13283094" 0.904525649449017 0.903391642747927 0.883631567916512 0.106792493744672 0.880059019987322 0.89491396703928
"cg11699517" 0.974069732370824 0.97221750250461 0.930809562283619 0.167572677714298 0.96159260094852 0.927753345652025
"cg16586807" 0.91860535241494 0.925969413811996 0.90849939092006 0.130467440309337 0.918422569764956 0.903047150463594
"cg14066207" 0.82167353349833 0.82818114683502 0.905877409677238 0.0904818860176465 0.900054267105119 0.924817500212634
"cg27106643" 0.864144382135887 0.868207078018751 0.85415346361985 0.0935412303179828 0.87241595067235 0.916943812819762
"cg14482811" 0.956074780683754 0.958406090233331 0.91292182208628 0.140993103142977 0.846994509516378 0.932783045037547
"cg01868869" 0.905881923315384 0.903627637045988 0.892167110001376 0.121744796123621 0.897092808259798 0.890399239646935
"cg15235922" 0.889238421199437 0.886873208235496 0.830144262782998 0.0862004330271002 0.868372777935633 0.822377019430623
"cg07435215" 0.891701946942477 0.898972159793924 0.854969393523336 0.0933812867420884 0.870718599424819 0.817795542765894
"cg03131366" 0.889873626433528 0.894821318728241 0.822674125312618 0.0992492033549704 0.866817159629509 0.877472411662635
"cg22212560" 0.912827469523017 0.915320262865118 0.656570931392367 0.0865942439734328 0.895656946951055 0.852140909753638
"cg14936008" 0.898837675641383 0.900173751433446 0.877487809004291 0.124423106692867 0.895729037828091 0.894893045913882
"cg17995557" 0.889904437858236 0.884570007628481 0.880962703729445 0.096789609050254 0.802542274110647 0.879044091285004
"cg20602300" 0.898664777291219 0.901786134304481 0.897385205642777 0.127485962073867 0.898067357019711 0.890704450588329
"cg26552743" 0.89000263421931 0.895534877595293 0.852893004768226 0.103324965866961 0.859105109029488 0.860226085098548
"cg21248060" 0.924848486062572 0.899963281365449 0.92151518613523 0.105336026860693 0.702801457076317 0.93624531458317
"cg25683989" 0.885605316545184 0.894731245257433 0.880761112742241 0.111005995912073 0.864716670941822 0.867580284042445
"cg09469986" 0.876414295568808 0.886958324496001 0.856503895954818 0.101782211947704 0.832860206901173 0.890137581110819
"cg17679619" 0.875377417576843 0.886820777925328 0.865843887224388 0.106666300935933 0.865884801016951 0.865530152021656
"cg07145038" 0.887748920826033 0.891591710884341 0.880884798021881 0.116856683841038 0.869069659804612 0.86892577133921
"cg13356455" 0.904175098708336 0.900845778443025 0.882619844112583 0.108667405596777 0.79530556926594 0.874184175810755
"cg05524458" 0.875916850442498 0.88619779343214 0.84334065083634 0.0866974913969116 0.871523707861143 0.756272130228717
"cg16085171" 0.844342150430832 0.879739238054088 0.88964138545144 0.123509128667427 0.891841003161386 0.895775702627401
"cg02630207" 0.871338048752497 0.885834056806954 0.800720028391145 0.091704411893238 0.854009259247419 0.813928282894311
"cg15532942" 0.884356590095638 0.89390542442033 0.882039315685447 0.119253757201892 0.845901118991701 0.871227625841919
"cg18590995" 0.859275861575611 0.874226298212385 0.81503116265594 0.0856196859775845 0.849021201221406 0.79905161093976
"cg18250453" 0.886726360304188 0.893696068873797 0.890658436782774 0.116603445745388 0.795732945411054 0.896775548346779
"cg21596498" 0.819673078017985 0.860599812421104 0.87692903986422 0.0984533062065578 0.846843488597969 0.869239178511676
"cg23948703" 0.858936946658171 0.866049042836567 0.856014196240593 0.103718119228644 0.841482989541261 0.867971296013939
"cg03860768" 0.840448528472852 0.822641777576746 0.864840527318604 0.091749058656321 0.855855791552375 0.849366618883174
"cg03402235" 0.895636490053079 0.902732898047762 0.845185067281667 0.120535340905144 0.872915583677778 0.844422291634436
"cg01591579" 0.948596540062785 0.936038993851619 0.920068030000494 0.183924014855365 0.93621705384853 0.93763777348501
"cg14557690" 0.834660589371805 0.826153275607423 0.817284956883425 0.0642354513611675 0.779986684958382 0.816757429107397
"cg22256853" 0.846981576107407 0.874890266288781 0.862787758942253 0.0982497179597597 0.779236516322956 0.881651063166685
"cg15035590" 0.894169694069755 0.901649811943158 0.888261299919172 0.14859191616084 0.909982255840766 0.893166655691809
"cg06079564" 0.118517679373683 0.12614310348523 0.529987557109718 0.797719453994424 0.149684019731408 0.360962671308305
"cg07375256" 0.101723472750031 0.069119013248306 0.663934579888336 0.811723108841837 0.193587107938257 0.350580992926561
"cg07093324" 0.217508159056254 0.282989275671329 0.18134588426457 0.817591563622293 0.495035998468243 0.0978170441687074
"cg09076077" 0.487226797000562 0.461443953662268 0.105154375395907 0.816668493497005 0.0793469959274467 0.112844917718331
"cg03889263" 0.101063999999948 0.122550478514917 0.095392322646745 0.770488204229321 0.611695096335908 0.084340361225122
"cg00787726" 0.107041002755609 0.0625315628421687 0.307816102665241 0.677583941814059 0.0782474926830107 0.0653273806621038
"cg05468843" 0.0592471713533882 0.0560802164623249 0.0874113128134001 0.631307568973011 0.0669197393956083 0.0681632215073906
"cg08446038" 0.114517498150094 0.205616434387252 0.154483790533159 0.805758466789847 0.53528329374559 0.168965088999807
"cg18020065" 0.659690763956316 0.441919008389707 0.0817506711589682 0.844641329515052 0.0714393682297773 0.0771480814267724
"cg25983531" 0.403395037910966 0.356858835692599 0.128582229578521 0.805547457698717 0.156155199519698 0.114421317535413
"cg24834394" 0.333910524243217 0.315787296209742 0.364381205587065 0.856025020511471 0.372730724789892 0.0726873704717518
"cg22286382" 0.0905337365439777 0.07911685399246 0.196130538937268 0.679396693826832 0.116082113798247 0.0894759694862161
"cg00335124" 0.292074929048691 0.397656548764065 0.647384331291926 0.868746437617902 0.176600385331671 0.0755723281026461
"cg20541456" 0.0602646306181581 0.100471809169389 0.0892827288378514 0.724706412599406 0.451659898124425 0.0483313643720656
"cg27492103" 0.115473344410624 0.0944620319911822 0.415675852611614 0.808577928842773 0.48169657659441 0.10235211137261
"cg25616055" 0.0627608363722149 0.0524921605752199 0.120091490424556 0.653373325844344 0.100631383719052 0.0590775674526397
"cg26366091" 0.243658359744643 0.302720312824971 0.0592875696647119 0.748351239315976 0.166412088064695 0.0539631638643834
"cg20380468" 0.0787846616026731 0.086435592889966 0.428608079021223 0.830441770708551 0.488699334510684 0.200983997750614
"cg20450123" 0.197332597871253 0.223108406754441 0.168872938020622 0.738232178763229 0.0969723168313949 0.0891259519946162
"cg20025658" 0.0752799397108056 0.065710808519785 0.294266752930403 0.709822208908427 0.0793608786956635 0.158589515009484
"cg03798942" 0.104544503203329 0.174255091602675 0.571612777777706 0.776522996837359 0.0679687242459641 0.141619251432283
"cg07249939" 0.299127726222487 0.26224966550098 0.246317251981451 0.811031513319216 0.0825505253731036 0.234917058062731
"cg12033075" 0.0375611002257901 0.0354211092417041 0.498367042300518 0.83977193861568 0.228307809024294 0.529100788409045
"cg07725527" 0.141716769902904 0.137396952184007 0.190058389767456 0.736238334348504 0.133039921061034 0.140079522444083
"cg09849688" 0.266114580727645 0.225084783821066 0.104512144020973 0.775228243411813 0.212056423979551 0.0877086405063261
"cg03272225" 0.0620968600934775 0.0683465217228476 0.159252460603645 0.684163261406059 0.0901801259077754 0.0907935856619809
"cg01054402" 0.102392552812987 0.172287373176336 0.293846181009686 0.835528853794012 0.546756955074819 0.103280151471078
"cg00902153" 0.191302148137929 0.168216185757837 0.0725543952083842 0.857594158017746 0.716618998020862 0.0907457022423201
"cg22446709" 0.0573016382959262 0.0626946706117053 0.0855210620320626 0.662519427915367 0.0596975642109716 0.0537028716612657
"cg20317872" 0.0856479072968234 0.106301843059862 0.40195389167027 0.870087292434869 0.13778329991971 0.6536011809362
"cg15906007" 0.108890603246116 0.116135274371663 0.341495155076446 0.766976644019055 0.0910358462687738 0.157445730557603
"cg02879423" 0.158504943334704 0.152295913458564 0.761468100722562 0.848712777298546 0.112616262187672 0.107237120922937
"cg08682625" 0.0979282360659564 0.139223121901901 0.114444274661703 0.780319799845941 0.330137920577014 0.0878260258107118
"cg00619207" 0.0888240819588021 0.0866750000950809 0.165190896680115 0.812663177128922 0.0946940396025202 0.495317388321456
"cg25518868" 0.114957950231529 0.172635196536926 0.0777614490265585 0.756133424615913 0.206103072715638 0.0666361807784073
"cg25336765" 0.326780095173902 0.337802654612662 0.10869790274728 0.841065615999334 0.140586521843836 0.12918777932271
"cg09300089" 0.380991185292776 0.224074006963746 0.111490613691251 0.808858091958858 0.0972570048573621 0.0772470696206945
"cg19268695" 0.082940034113607 0.081918086217854 0.180228585896314 0.841521505050947 0.0986434953435415 0.597403241070691
"cg01156249" 0.285133532799126 0.231629579214323 0.0696593556517325 0.903102884446355 0.631947916879492 0.0626484105848133
"cg14317609" 0.0774914265233631 0.0796092453282944 0.0711943339928927 0.725060223349359 0.0641064868961263 0.066743639242393
"cg07635227" 0.151110655384015 0.131936793696822 0.0452412926729742 0.826695411488764 0.450182558393612 0.0452544787620605
"cg23357708" 0.13354402225659 0.194329168466638 0.0979747577179066 0.796738927125801 0.166171171942442 0.0782641756500922
"cg00058449" 0.350227110404384 0.303914394592033 0.273711045851363 0.912909802056299 0.0703470209570129 0.25756120473305
"cg19269039" 0.0643930416234384 0.0732218655361174 0.17787218254053 0.83732359619707 0.0918061506183304 0.419267792104276
"cg21291385" 0.0901019648473123 0.101042115232959 0.40844810613843 0.833222568462638 0.138337288549259 0.103740142990759
"cg08864105" 0.149161697014182 0.189574313462341 0.0718943165617587 0.845142157927954 0.12064243520043 0.0815084401907305
"cg08560387" 0.0924998050091829 0.053758741747025 0.0640021010818375 0.798117837876592 0.0532450040852964 0.0525799275274381
"cg17266282" 0.11128569310488 0.118957872729037 0.123801043309394 0.888243336516274 0.167772858305651 0.135157106702934
"cg03429643" 0.0631800747530514 0.0599220430172382 0.0810743434249289 0.848613654049599 0.0597301460517943 0.0632618439410511
"cg02606840" 0.0549072693438801 0.0531778023561913 0.126584277518422 0.871251166325373 0.060949323334458 0.0679262970860209
"cg12811871" 0.960238692169127 0.861167091619887 0.953779039463723 0.884274894414719 0.126913373838728 0.959474478106571
"cg27582527" 0.848360564622803 0.826898570856189 0.834195136376399 0.85369351739022 0.0639974807137972 0.84969617180748
"cg25383568" 0.938235171453167 0.909223651422385 0.92706094149771 0.924641620259706 0.148503435486523 0.923490176425844
"cg13617280" 0.883365517941196 0.87024219960643 0.859666099487853 0.863855836545322 0.0830314410778368 0.781477294235507
"cg24430034" 0.965183556983737 0.904456679396702 0.963806127255057 0.962344858181811 0.184835417145086 0.963205295684758
"cg15956469" 0.938433614029358 0.911048686435732 0.94856668957841 0.925868309750551 0.169203811639977 0.934413973767432
"cg05875239" 0.910639466067963 0.896555827170707 0.897609278862246 0.89040312859597 0.134950323833702 0.88433887955906
"cg06040872" 0.90483175056244 0.83847637322627 0.891232040389782 0.898014053346291 0.125088953144142 0.897636678857707
"cg02384859" 0.891481356882656 0.86159840167399 0.898807429644374 0.89199242025066 0.13046710919864 0.894409482072743
"cg16340422" 0.926497372614375 0.88645223689367 0.889995571599767 0.926541387453402 0.161729231338642 0.924670398826466
"cg05653887" 0.89023952325314 0.845261248265527 0.889474640687039 0.889205801775774 0.131508425686259 0.875611166602477
"cg13917614" 0.925819903346841 0.874135342489929 0.906124838732818 0.904660783433892 0.159729651135044 0.916626323795927
"cg24408769" 0.905382599818511 0.898519783258819 0.74703074674217 0.925617241453561 0.10514952946906 0.746962111552769
"cg06202778" 0.88606044151576 0.832394889162419 0.819885750877394 0.887285431713599 0.113870129366376 0.855953033140563
"cg00594040" 0.843380305892591 0.851333202793817 0.862669131348112 0.870674486926085 0.117200506008487 0.880472505772775
"cg21333217" 0.963610683011028 0.894762169958063 0.953185313030746 0.954016046792817 0.201108174949514 0.963452430604285
"cg00805874" 0.943112751014196 0.784186886940399 0.933763648231823 0.932275035072705 0.158279647074552 0.925693085626562
"cg01940139" 0.880760275380866 0.854016276054549 0.893312675196405 0.880270566977366 0.133540097144076 0.88131311030295
"cg26012482" 0.81330856181088 0.807305893036562 0.868850954557301 0.872640612143268 0.10150708820449 0.86912908372944
"cg07307830" 0.872834547097974 0.783856546187982 0.875968283912859 0.886878976465706 0.115988094486284 0.881895412859943
"cg02150910" 0.883632083790156 0.840495824938699 0.866599077229535 0.880338272032085 0.124040837152304 0.84901111167349
"cg19066520" 0.672637009614504 0.850616889432376 0.944568012587428 0.925154073885477 0.120517148996632 0.928026870601375
"cg05656688" 0.853337564856101 0.690115647948334 0.900068793063944 0.88901481498759 0.0958396121039063 0.854660100633855
"cg27309871" 0.895361344428616 0.86358839719452 0.89265014396251 0.88530642863978 0.1462238627799 0.876874259720095
"cg21634628" 0.84267160031066 0.809225320513641 0.874182210058625 0.845812073344972 0.114068762417809 0.87946246763515
"cg21474838" 0.879297886880715 0.849909376978566 0.888274598143813 0.884606387528507 0.143013871381865 0.886901051897021
"cg05593759" 0.883134716727576 0.827939433954617 0.883096479420024 0.880073900090121 0.137385566290796 0.883717601098408
"cg11650164" 0.886689737765382 0.837758607122261 0.876505191390674 0.88254389411415 0.1400942469262 0.873053388433529
"cg18672716" 0.879875710385133 0.821067786952575 0.866862089193658 0.88150868352941 0.131139748973846 0.855175459140942
"cg22488278" 0.886647411070806 0.847455386219665 0.893544621953447 0.861104423339715 0.145696700353141 0.890932332957441
"cg03538296" 0.843032089788905 0.717121067346229 0.849807790286229 0.8482965853516 0.0889461611343717 0.834786985337787
"cg20987610" 0.893216481396029 0.889068904287736 0.787694112590269 0.871145385060118 0.144652697136136 0.89491427116008
"cg26275360" 0.877787225086966 0.840763152148978 0.862856527951486 0.858118052168457 0.134096044517086 0.865673170286861
"cg13209388" 0.898358470068178 0.870764712006985 0.899290559354067 0.885740164379336 0.15814676124007 0.873206295394246
"cg06815003" 0.877259090115385 0.884984557960802 0.882177626743495 0.845382835480892 0.154048299065132 0.898980720226463
"cg26573274" 0.961363656966014 0.909349770071576 0.95067988563168 0.953654719170375 0.223906892268478 0.957259453617416
"cg19915997" 0.883304260008354 0.875004447544887 0.879688612898167 0.886343012237584 0.158196462524051 0.877673193198365
"cg24578857" 0.929039056404301 0.867198002322057 0.952925982126134 0.954528088289434 0.208793919559962 0.956452363894365
"cg19696012" 0.884399415744273 0.856237026299058 0.889107961484295 0.890694829868508 0.161121312523534 0.896440253975156
"cg14301562" 0.873896698516466 0.836860768899084 0.869230074539181 0.875496868600866 0.133032116826712 0.820041668081389
"cg26227465" 0.848247485119573 0.722611834975065 0.849761431039667 0.868718559796505 0.110257233623507 0.871087555205323
"cg27274718" 0.889605357839434 0.872388301876718 0.868431449849667 0.886057839223158 0.15917197235948 0.87872617158741
"cg04784635" 0.836844696762874 0.796865716009338 0.89009182891085 0.893535358853406 0.137738562508682 0.879867524717514
"cg26209730" 0.941121237791908 0.916524841345228 0.932016573222197 0.918939197587275 0.207501585090933 0.92694897915199
"cg26934362" 0.788668825009972 0.747639495639105 0.855443455566808 0.857063933498019 0.0974336587884596 0.844822042843269
"cg20657709" 0.880970946415651 0.862279983303919 0.867333102759069 0.864336517097605 0.149812542999474 0.867245700357127
"cg10628126" 0.89061243284468 0.869021294847741 0.804509817066837 0.889830437723673 0.156199051266282 0.898806292232461
"cg22749642" 0.85515211929157 0.841830339529787 0.827485378096335 0.859291279685945 0.130118490169869 0.849359466773768
"cg08985282" 0.856372862516818 0.784170857175126 0.897499042014272 0.860946770447204 0.135053611030441 0.876052595436174
"cg13995453" 0.87109412890062 0.807291663133218 0.879352544003135 0.869932969200376 0.139796083244263 0.862363735646888
"cg03548857" 0.143925572550727 0.198282725364752 0.0706309736063158 0.134000073344515 0.573126846761432 0.0609555341719613
"cg05756780" 0.25063454714856 0.584682486241773 0.0932570161982887 0.473769141918764 0.773003650958016 0.15645079984783
"cg15356966" 0.287227591188247 0.212893045907784 0.0946891120438605 0.118693822616236 0.612845580575821 0.0884227023089702
"cg27437304" 0.139240479731579 0.281065245396112 0.110671433082719 0.227428907325811 0.679782790406092 0.362654372870494
"cg17801864" 0.240809307828506 0.355889331123304 0.0999846961833052 0.121749638706653 0.639683045025129 0.0985291540485002
"cg11948905" 0.437432674112566 0.517534309731208 0.0823777662421344 0.281346826032296 0.740775736486837 0.0692589897488588
"cg02916283" 0.129510644604126 0.187912453571795 0.466554534270257 0.580487583734729 0.828596506869001 0.542835248404875
"cg07675477" 0.258234187021394 0.385554193957675 0.208141455944778 0.217897509160854 0.712076184675399 0.211053665082049
"cg03339537" 0.441691932754788 0.332297625103828 0.163566029950979 0.15821431710993 0.71145146070583 0.168506815598451
"cg19090861" 0.146064380428147 0.117145866275096 0.0809297342387194 0.130079423747567 0.567901189243613 0.0836233628052867
"cg00629585" 0.190920511873644 0.217758406983875 0.187904369674927 0.179985555394712 0.646798645393049 0.151607253917116
"cg10491452" 0.163466619421378 0.273826293855176 0.0787803892761397 0.0782107628098952 0.601649874485658 0.0755868107825871
"cg13318771" 0.104113811677891 0.130177099822496 0.0562025435540128 0.083171025881543 0.56276725945197 0.100586241315736
"cg14286456" 0.127595788396368 0.175716822104737 0.449156264593044 0.493814227706752 0.857827893961701 0.720978590816712
"cg08113187" 0.175376665645496 0.196140572629451 0.169946701757465 0.118891386131718 0.647243882933493 0.22677485678124
"cg11481582" 0.417444329261814 0.46878179782616 0.0657617394489982 0.0544746620632903 0.693750712975287 0.0680677101537625
"cg05608790" 0.350769173415148 0.598310929139853 0.168020235293587 0.135163887808305 0.781701405034878 0.265245056088582
"cg04840108" 0.280459928062799 0.520086328311099 0.0937722800509001 0.103977915198077 0.695306099415869 0.0870840613706406
"cg19736900" 0.440230231578437 0.556185479719705 0.105576426238058 0.108196614567359 0.742661384247036 0.0978285057294333
"cg25887844" 0.242425910231579 0.298383553715554 0.202721168351002 0.47859000369216 0.75121429719817 0.129475015888622
"cg03780927" 0.171241577926605 0.142086746271962 0.134013049590207 0.265405748285258 0.654610416428418 0.162178541359345
"cg25045219" 0.0905130758872798 0.539534267039789 0.100182718935179 0.317562449197452 0.721891789681303 0.134504589154407
"cg17176894" 0.123616479346222 0.186699102982369 0.105392604962487 0.0923856796257448 0.601621213220382 0.0945373834933127
"cg17087974" 0.463260991206206 0.624352986503133 0.0932382943974695 0.0906025812606648 0.762450832232269 0.0871733186883109
"cg26348226" 0.297049318273581 0.468626131497017 0.0888236269192183 0.0760967083461136 0.703871125229071 0.118343670594745
"cg22589728" 0.211393291050706 0.232647186695115 0.205997804450399 0.161374399646986 0.695656284900022 0.208528268178086
"cg09958402" 0.327895407397994 0.487215376097209 0.0619202858024912 0.0536003940335486 0.70066874839986 0.0727735897039026
"cg01447281" 0.065866424056825 0.126888231724385 0.092046124417695 0.12971941697005 0.590495388630614 0.0723086515649145
"cg02417427" 0.319383368073542 0.26988555060288 0.485886065330815 0.0931682643627269 0.779663835828312 0.29399168580309
"cg27122888" 0.0807228024277626 0.141362758157696 0.08683643102873 0.0919031240915393 0.599604866865413 0.0810143295298905
"cg22442430" 0.101473559829653 0.108917589079234 0.16852139100892 0.139671826247662 0.681094846383306 0.340526950558543
"cg27218978" 0.348838436175868 0.454074753694578 0.246063903007219 0.163965276203 0.771556290334401 0.0907820346194932
"cg09101151" 0.240785259451554 0.290317409096188 0.165457649390021 0.0780176011871265 0.69762354111944 0.157010044917062
"cg22897715" 0.243157123595581 0.266827079335382 0.0615853656143306 0.0957226919146679 0.660701878564459 0.0606663533679937
"cg09747445" 0.210904266413416 0.163128640383918 0.516783230252092 0.182361934144807 0.825768690739925 0.531408782422453
"cg14649507" 0.481636334463609 0.449260020515288 0.0749491499211927 0.0865204295270768 0.771192541561722 0.120724300463656
"cg26971042" 0.0870680373781064 0.0887223345168971 0.165678532915398 0.0782805289228465 0.637396836019779 0.163023907636301
"cg03837680" 0.155255131704239 0.258159781263103 0.0637251558603895 0.0793141549784805 0.661094251999126 0.0677891259678368
"cg21232161" 0.294215719678048 0.383939596530713 0.21729757204422 0.112456712596821 0.766968035319595 0.111373217904546
"cg13404688" 0.387084281619232 0.594588987826432 0.0912103263394583 0.150296691731281 0.824620835029322 0.126573198066469
"cg11173131" 0.275158012586162 0.381590000199903 0.0658689556614047 0.0725992210745732 0.72506964920303 0.0613233161434744
"cg09001226" 0.343190512216753 0.278398273585868 0.103564547264337 0.243458507853718 0.787085509573703 0.10485623655494
"cg07381806" 0.114555970681312 0.13905318737228 0.0936765146909174 0.0885758141570203 0.72569876118305 0.23740603670583
"cg18881723" 0.0651286186616103 0.164731084458728 0.0763796828694828 0.0743100019562654 0.68723859900636 0.101342606680513
"cg04179740" 0.070572885856512 0.071958637903911 0.102016035129772 0.222040867679925 0.704983878776526 0.092306046360048
"cg12273325" 0.13221899435309 0.25973794340632 0.0681980423829253 0.0819723846991603 0.741649128175945 0.159471823348759
"cg11358405" 0.228431969693035 0.339424188083365 0.0400787001050646 0.0479743453730418 0.74789701133759 0.0470118724420029
"cg25817701" 0.196334924422501 0.166460358788822 0.384520966453698 0.0449912759166534 0.856474404645277 0.492064438556894
"cg06117093" 0.136503518437245 0.346950870938056 0.0759230225134615 0.161942254923094 0.793776557610327 0.0874113863489061
"cg17766305" 0.116380494583832 0.240190094084853 0.0722800506060469 0.0644541525844701 0.834911513670431 0.114512865842806
"cg05398700" 0.9402947245785 0.950420739356395 0.866779071935149 0.923039462109195 0.919088395389627 0.0887273292021351
"cg22381196" 0.911127740978113 0.929943859446695 0.62994056578452 0.914751356628189 0.905186463042369 0.0760760523976217
"cg23819411" 0.926697421188228 0.938369670158657 0.64958685597412 0.918888998623679 0.911969459262539 0.0879901822596114
"cg25600606" 0.90116025888017 0.902047190915329 0.820991205936815 0.898980635110374 0.895202205085705 0.100855452598211
"cg13468144" 0.887342626328976 0.911186571340818 0.88269768621447 0.899554154705168 0.860815121736229 0.102751216206776
"cg16802439" 0.940677734298101 0.950822676020618 0.667062032543024 0.943683364939548 0.910764505269236 0.110913284299779
"cg15878616" 0.961301537287684 0.968327469383069 0.499678623903455 0.95884759956262 0.947790509337872 0.1050940116248
"cg25739938" 0.896068619589776 0.908860432083239 0.870563359074404 0.899027329473754 0.892085922579172 0.1192679879073
"cg21685770" 0.899157378076413 0.902999261753917 0.638860895604978 0.904331801562419 0.89015105148734 0.0852102651493401
"cg00705730" 0.882592146910304 0.888159179410752 0.824341224877193 0.878664643493925 0.858492407572402 0.0988584250658845
"cg06270401" 0.893262787511091 0.896973488010343 0.793318697223316 0.88375627762397 0.854003089927788 0.0990159354812363
"cg12483340" 0.879552627840857 0.888219070213918 0.710768958740581 0.879046147185833 0.867618852301687 0.0888435079390364
"cg25693317" 0.892308796069593 0.89432792806512 0.795428640209285 0.88962839135545 0.868155813693039 0.109395139490833
"cg11313468" 0.875713140423844 0.888057939280415 0.728053276900161 0.876924526971418 0.844960920355442 0.0895944447459518
"cg08253808" 0.892400205385231 0.884039128383118 0.698262296739272 0.852608806029993 0.857071552589824 0.0852465320617858
"cg23169883" 0.954869985294055 0.96485805077661 0.321866197680514 0.950848852347893 0.92166223213928 0.0943093479149133
"cg04858164" 0.883160387444352 0.902548308689251 0.832635997871135 0.899811267521414 0.911070136909775 0.131633569629206
"cg25605731" 0.944290490144846 0.957575104097645 0.421244387257085 0.957100001790867 0.944753528909523 0.113172995587975
"cg03340036" 0.891592665217213 0.902465017293243 0.744194701390347 0.90117807748606 0.884522434351629 0.117267130008164
"cg00439981" 0.901741926839187 0.923920344884335 0.517823131728884 0.903412537624953 0.904756794707153 0.0941138106506195
"cg10611016" 0.903619619919117 0.921869400815472 0.617173811374178 0.894072097998963 0.902411936231026 0.108054895081176
"cg08154963" 0.872777676941677 0.881464995726517 0.781086469939718 0.868437845038795 0.853656898912884 0.103247549514515
"cg03637218" 0.895427097130971 0.886512380995757 0.881749731246438 0.874157620672674 0.883824326678364 0.133395789063263
"cg13633625" 0.891570975185877 0.904276765695581 0.61284069850809 0.878251470054148 0.883856528306989 0.0959246549674629
"cg15658793" 0.90543584441015 0.905445356300042 0.67597977395637 0.911147314755108 0.846114843812238 0.10822239242747
"cg19081101" 0.913994421543902 0.926029758886954 0.505068171033898 0.922740832865596 0.894690522746628 0.100945027603446
"cg07790752" 0.896905423668959 0.890377434535647 0.699491564622948 0.902927322539723 0.85446505895399 0.107815671674499
"cg01692842" 0.890297490419208 0.898464405950965 0.803860671872815 0.873895972586627 0.845117709419134 0.116145873340345
"cg04609694" 0.876819038761975 0.883476868400304 0.795426253538045 0.869207595719443 0.869008919161906 0.112948024660662
"cg10487428" 0.887659740968211 0.891608267850299 0.725169500260146 0.88637875415999 0.856264664024026 0.107188002847396
"cg05936004" 0.900733161109185 0.899180238129695 0.763621934748736 0.907604062226926 0.85040479076868 0.122037067366594
"cg23338668" 0.870762969325475 0.888192174921592 0.83503018326298 0.876262871194008 0.86607207033895 0.121223499172931
"cg05971678" 0.94898093406633 0.959298518452292 0.577806548927133 0.943710274156639 0.931981428699141 0.14181443571023
"cg19037107" 0.894224740880459 0.902189635575957 0.840721956823847 0.893882691198815 0.885797357267205 0.138427714089309
"cg01040749" 0.885581128065604 0.89439491508226 0.690391372333429 0.874962500141905 0.880401102234352 0.108064022796246
"cg27510066" 0.867059690971639 0.894461159683626 0.750577579565911 0.878837575491787 0.860648551912725 0.111201811255932
"cg07110356" 0.945219316346982 0.963483851832208 0.107668617936462 0.95079200924911 0.918480441039277 0.0711900785624534
"cg25074794" 0.917031001764836 0.921608919978609 0.800172316636504 0.916761362132619 0.877911118142915 0.149637537284623
"cg13396713" 0.873796679783444 0.893018203828579 0.50699568677403 0.87445206076581 0.868380226414203 0.0800890695856864
"cg24737761" 0.893311706637534 0.887271267496581 0.794157247047103 0.885390058009165 0.827474142182719 0.122390768862749
"cg01699630" 0.878388722064885 0.889622032975518 0.844409874491682 0.876547524320334 0.857549382026865 0.131998281430978
"cg06465076" 0.897167192880525 0.896070304939068 0.735005829954698 0.882427280997519 0.891759619440202 0.129963187676721
"cg12157761" 0.8853612337395 0.889334589492744 0.538372729684907 0.879792527325914 0.861307554558188 0.0907861384814031
"cg13438337" 0.869401582507807 0.888415511275389 0.733232847361235 0.886661730947595 0.875537093336276 0.122303002794787
"cg09535475" 0.878814042028553 0.887892127245735 0.658161884822878 0.878426801524313 0.86255163786615 0.108411123987629
"cg08418670" 0.952597906471955 0.960185743714727 0.531075665649551 0.951005672708029 0.931584743356907 0.150236262303986
"cg11557901" 0.899515150473597 0.923802221982128 0.343575486111438 0.902203897188024 0.890945755371068 0.085550424527771
"cg13618969" 0.878468523416965 0.884950207075479 0.844878366980434 0.875165522685019 0.859528800601828 0.137657327260953
"cg11596902" 0.872769602790424 0.892792345725224 0.635922243083641 0.888106280531045 0.845807898293916 0.105863049565421
"cg14615559" 0.872977930773827 0.879969542009459 0.662662074754069 0.854169435629175 0.85567205251515 0.10247545842657
"cg25140783" 0.0984721735274073 0.0786042688328653 0.754572691389109 0.399234166216813 0.104325532746051 0.810344467547206
"cg17078393" 0.162030044769923 0.125420705283074 0.839791514517772 0.131347221482201 0.336878775659158 0.840171965615775
"cg20055861" 0.198781854451802 0.171721231244586 0.81083085235307 0.0663519994277338 0.346526898045408 0.842774878051177
"cg23280720" 0.0731651952185044 0.0730519830660327 0.580396236921502 0.28109095444122 0.351680048942433 0.806678011608072
"cg03728799" 0.110245344536807 0.123632901894311 0.769788239458486 0.157880299387643 0.281912598306023 0.814923971293854
"cg14437551" 0.0517254174738121 0.0464267921681436 0.698538172960164 0.0544937928928604 0.0650383179325898 0.708215007786774
"cg26360197" 0.0726232754085271 0.0602898317634109 0.707438674116814 0.312776826795348 0.109402993456444 0.780960389906125
"cg25133951" 0.278718361136942 0.111391373710212 0.470632112344077 0.0778098685085605 0.10053774603922 0.747409171475713
"cg05052463" 0.194852383376526 0.0987793035693924 0.801303530041795 0.0769631120708103 0.249838367709051 0.809293682731849
"cg14165142" 0.0998888164075562 0.0777604528998524 0.83485972013795 0.284202253389375 0.241469684132742 0.8326832023368
"cg21577598" 0.0729501308621574 0.0524965178691847 0.811905653918321 0.261684673200311 0.17960509904115 0.804661079180169
"cg19510565" 0.0943321957983442 0.0673079010081868 0.792177119700974 0.293438150146529 0.106174306751384 0.800646626940215
"cg24216966" 0.16705881443365 0.143633017655041 0.849089106027047 0.213795847602427 0.244351810250469 0.853402482141342
"cg12810837" 0.0929708025221107 0.0720375203076778 0.657131964079219 0.0793025708665724 0.117518225388469 0.737825225115481
"cg13554018" 0.148222780365609 0.102324694619023 0.759757661971848 0.0693780516122102 0.100190297353045 0.766166808726892
"cg03889044" 0.109724449594918 0.105419119602794 0.457654530759458 0.298367158571412 0.395598540641437 0.823523535702232
"cg18920397" 0.102381054167356 0.0823715760475168 0.647268628072439 0.2527050398804 0.131241527360485 0.781807434969869
"cg17322655" 0.120787712101617 0.108509965997063 0.718997039685037 0.349339008023201 0.482574099286733 0.897492319276826
"cg21830221" 0.125432816683997 0.108161205691871 0.785923073514814 0.12219192801372 0.138900270507672 0.7898739932343
"cg01735277" 0.0778279721141045 0.0658640907761093 0.695844504864708 0.321716563670929 0.116200740870828 0.795153725068131
"cg26106166" 0.158784736964651 0.126654986467806 0.699445736203192 0.227471703843949 0.142186009257469 0.814768883526169
"cg24310395" 0.0872390223685017 0.08020119550265 0.711939954946089 0.389323710386257 0.103627447652926 0.817971132599122
"cg07613391" 0.0877705956684523 0.0708099446822535 0.660725176352604 0.260123720136349 0.135086837799223 0.789254830349322
"cg15997393" 0.0673115393441943 0.251792951053998 0.90920118054056 0.4629502737586 0.350460610859658 0.95051192068113
"cg07706695" 0.0768601753357146 0.0555970082857172 0.780006294573431 0.272858603581915 0.117034817537495 0.80452180640073
"cg00795812" 0.105533181608475 0.0983124823399987 0.226590441289843 0.215505695021244 0.374759816434318 0.782032458561255
"cg07018090" 0.532809154791093 0.475396790699711 0.137315293841433 0.0505036409466343 0.27489009435501 0.883008051607835
"cg19097880" 0.090726008828489 0.0666696414187708 0.765120091811914 0.0830965506438856 0.0910238362269724 0.76886178977565
"cg16219283" 0.136042953731994 0.115488444523099 0.837956258951575 0.127769780034453 0.188961580134655 0.841117071208516
"cg17161520" 0.0988736128251748 0.0909524038617307 0.755527934907288 0.0860892034551207 0.19781724157469 0.810072662513568
"cg09993145" 0.0534302492917728 0.0483701207793157 0.08544066325856 0.13724857722376 0.0534912813233826 0.669299595927122
"cg14441276" 0.0971695566160489 0.079942561584563 0.799451722774474 0.0796793371285856 0.121399811990719 0.798845781113328
"cg27051683" 0.109876127909262 0.100866359549511 0.422136771221149 0.323259705760206 0.413420581055776 0.862305582092169
"cg08169020" 0.072401434633681 0.0712324449972725 0.883206597983937 0.461000499588696 0.154282871133258 0.893802672028438
"cg15535471" 0.126013095792486 0.174236064570288 0.475681846181012 0.402995437226033 0.105413534608909 0.843870668335062
"cg21359303" 0.100444924841474 0.0718161455188425 0.890463979288067 0.409289465606745 0.185523449755066 0.901520552702517
"cg26348243" 0.0957058345161858 0.1009590847089 0.903856738254765 0.221181595525189 0.494385593610194 0.936140224194098
"cg14480046" 0.119606697745259 0.0793611060789978 0.829413874653168 0.18756364741431 0.475454375532485 0.915364828420396
"cg18148314" 0.105267912386131 0.0689999871342135 0.816202197854093 0.287037556458924 0.105737480285927 0.852883137819911
"cg03526142" 0.0708246474418235 0.0529144861087824 0.678062907062226 0.376453116016737 0.0774453523733441 0.840391917440467
"cg21201401" 0.0852895054752461 0.0635778455353449 0.762962892133307 0.220822713482795 0.0902205991223269 0.841706196299893
"cg20805133" 0.0699614259898648 0.0521291742120597 0.789541122310499 0.134737437317168 0.221161506694308 0.849832409961471
"cg17169196" 0.106918337746292 0.0815732411566065 0.850627716084183 0.0967906320957215 0.174280551831351 0.856751898330456
"cg14597739" 0.0805372849549153 0.0642869724562262 0.826737604385757 0.0678821983618575 0.121183833372874 0.830554820938797
"cg23954655" 0.0908845537007479 0.0884843578872749 0.158206822956786 0.0904626756959851 0.165382917436621 0.749683196420437
"cg10699171" 0.103783452295146 0.0902201258909221 0.538304027562254 0.205437079989 0.117547227332435 0.834723708990124
"cg02737268" 0.0473053270579526 0.0359272682414229 0.786561358637966 0.0450621462145241 0.502619837211136 0.898999511393695
"cg11316887" 0.139773422636379 0.081087102356805 0.792544138046365 0.106390793404374 0.114160145528247 0.8618091495756
"cg00446123" 0.0976680738714061 0.0721032543582289 0.84624630722498 0.253797798619351 0.0997815151412672 0.904867309078424
"cg20513976" 0.0460009137377598 0.0316345349159491 0.810475170741994 0.244323196978884 0.0568974825483242 0.881045494608354
