"GR" "MO" "B" "CD4" "CD8" "NK"
"cg05398700" 0.0968622366659042 0.843807307039032 0.937575465816643 0.952645995820482 0.958461862923855 0.938813990446338
"cg22381196" 0.0742357586409045 0.662573105382601 0.92627078284004 0.926256886519088 0.936587936452656 0.91736144839664
"cg25739938" 0.10614661642024 0.832713865915414 0.904625620910647 0.903858600039276 0.911376143354218 0.898017753144758
"cg13468144" 0.104852873805881 0.846722828017837 0.907759490345593 0.885971692337045 0.911744785507344 0.87603995434472
"cg00705730" 0.0954776346794684 0.804978784095931 0.890279501545243 0.887124785781763 0.892960244478407 0.877232819377331
"cg23819411" 0.0983964828729227 0.642662488430622 0.929662726119653 0.933551397676744 0.938451364832594 0.918893685454074
"cg25600606" 0.119022606274902 0.807592094520905 0.911646254543153 0.912126007624416 0.914913779927929 0.907495717037551
"cg15878616" 0.110347563250731 0.541766404970304 0.968346017959582 0.965739740469867 0.97730842587201 0.956777797684113
"cg06270401" 0.0955166185751545 0.778447722877607 0.894850971733355 0.902950591198505 0.891060842915467 0.859164808320587
"cg12483340" 0.0832344776523252 0.713596624544407 0.886410347147997 0.887765770693684 0.893699371463511 0.879726569355868
"cg21685770" 0.0779008435941051 0.651734686025898 0.886608092455839 0.897868382658668 0.902243188276946 0.878641861040299
"cg08253808" 0.081359126653745 0.675114030734719 0.872433749863477 0.896691997483573 0.908036330335283 0.878403390926201
"cg05936004" 0.105142990338051 0.750717783081767 0.908263551385847 0.909128589921704 0.90662126923212 0.866680230549557
"cg16802439" 0.132456725316919 0.66661707472329 0.954439799693548 0.948023137110034 0.96215404088131 0.929299813266694
"cg19037107" 0.122819666731322 0.813160867126259 0.899365953537296 0.902240231098648 0.896400428902108 0.882572064036684
"cg03340036" 0.101618662370955 0.716820150528816 0.889603764446333 0.888884894170926 0.901844497012499 0.889950629704465
"cg10611016" 0.095998576805101 0.611906058104026 0.903075063451523 0.910590849560215 0.92267647328769 0.907688876431812
"cg04609694" 0.107669428055482 0.769944392411727 0.881547917872243 0.882992685144141 0.896670959005455 0.876895489640009
"cg00439981" 0.0826780797231625 0.516247153677198 0.916320834014297 0.907252057161856 0.930932154193181 0.904243215130586
"cg01692842" 0.0980642618583317 0.777759311927053 0.863121087558977 0.87797597242636 0.881327282505995 0.829621908948482
"cg08154963" 0.102243916712246 0.742535633051028 0.871634283128994 0.878906083383107 0.88044592903399 0.855323799067598
"cg11313468" 0.0893923031413518 0.703562966636695 0.869862330061627 0.872079071228369 0.871048417231792 0.842640353696891
"cg03146219" 0.199920039382298 0.885555194696431 0.95820119589294 0.957182693955723 0.958256426813833 0.949548750034696
"cg25605731" 0.102553089848749 0.453927470331865 0.924844130871411 0.945359875143246 0.954631962884447 0.942311361660967
"cg23169883" 0.0950254268156043 0.365356337422927 0.960165505179327 0.95437230365093 0.969105702903283 0.934100368429588
"cg25693317" 0.12828454465771 0.774477957814134 0.897379206601521 0.895374142804009 0.898432789106208 0.873068184786729
"cg01699630" 0.128690515943599 0.824473539878262 0.877569838990178 0.884709469487498 0.884933267684408 0.866358430293421
"cg06465076" 0.121087488791922 0.717626032926551 0.891521029429851 0.891528745376529 0.904302725975332 0.890574498868669
"cg01040749" 0.116529789994608 0.710926302715278 0.881904320469824 0.894300225103507 0.892905854085131 0.885990312774208
"cg21792134" 0.1659014757781 0.823366644935342 0.922302147695957 0.915385487954939 0.933481303320643 0.918098635464556
"cg09342997" 0.107795514832658 0.730881777955163 0.858187442164376 0.858783175187613 0.883684909710737 0.880732511943163
"cg10487428" 0.114637747654969 0.724455389061528 0.890212181188188 0.886956458556666 0.888195139008833 0.853911099863837
"cg13633625" 0.0993219348479658 0.602696123450197 0.868437668366827 0.895604423737886 0.906934210377034 0.884205939180292
"cg23338668" 0.127226797822508 0.801994464196153 0.881309361689437 0.870896259551176 0.874647956542281 0.866544816101919
"cg06526020" 0.137894360406557 0.785168568266621 0.887086727338665 0.883291344602906 0.89416841231454 0.886643719186119
"cg12809098" 0.124815046302313 0.649209932587257 0.903068938051064 0.90585275944358 0.911314166592278 0.893871869627152
"cg13595556" 0.101817240307119 0.628818828175267 0.911873515065111 0.896368557154206 0.904059652637966 0.807149028941176
"cg27510066" 0.10818464334936 0.730555077288518 0.864995756838782 0.863844817395817 0.874355527192787 0.844513680358502
"cg17852482" 0.128365234777705 0.787233990390295 0.873755291555577 0.886901899927806 0.883736419860719 0.844042773161329
"cg13618969" 0.145761389381222 0.821066666927263 0.879879857623031 0.892650537727042 0.891673582974747 0.87367914674042
"cg24737761" 0.123001644708894 0.764926138392859 0.879698793399802 0.881644258120125 0.87892986301916 0.833018165089738
"cg15658793" 0.123611959206359 0.663059238463172 0.90350700974511 0.914015376304766 0.901622614222019 0.858550374807271
"cg05627557" 0.0789144980556605 0.627115278034835 0.847378960150685 0.851178015330015 0.850408574507462 0.83950431166658
"cg09535475" 0.097129596760767 0.639156562426355 0.872066584307637 0.857492109624275 0.881029673714379 0.856033335351373
"cg13396713" 0.0797308326244161 0.469285964708765 0.889387975869102 0.874470924446291 0.906480222936883 0.876285200834642
"cg07790752" 0.0902915949201572 0.699711732591511 0.859902100621496 0.874739202896988 0.836174463476052 0.797077213656351
"cg07409471" 0.153591041038197 0.767225650961013 0.900843786474959 0.914926608432738 0.912956592910136 0.887014666481656
"cg19055828" 0.0865441349435449 0.542595591331642 0.871763988018297 0.861151285637502 0.886391295256848 0.872010505674428
"cg11557901" 0.079113487572092 0.371224009353032 0.911969866206038 0.900271427987386 0.916159940514409 0.895522256642399
"cg19460836" 0.0946793647552472 0.599868632878185 0.870600599169884 0.868545536450678 0.881071280547 0.850324164190925
"cg02212836" 0.739942851049858 0.231497944998816 0.11181628614527 0.187127301510878 0.228524225403969 0.331556755927608
"cg09221159" 0.711266158569044 0.467741817405357 0.196347153428432 0.0895446047532527 0.0735383650093801 0.118298501298747
"cg27183818" 0.885332210526779 0.852143058353256 0.0698949067457317 0.446273043442669 0.33074280897602 0.106857905897413
"cg16108580" 0.765368274825911 0.747817801892024 0.114861795266811 0.12914642504221 0.0866930141641444 0.126529410112588
"cg19510565" 0.786542243682723 0.769767861267566 0.254674459696604 0.105700040978016 0.0588995474394751 0.116242085246341
"cg16280132" 0.908142357456434 0.860513819332188 0.262900261078744 0.16901097779152 0.137687614139331 0.481601886982002
"cg24310395" 0.819231999602178 0.704484761630122 0.480300230014531 0.10805678478628 0.0700104375521887 0.102162572437321
"cg25050392" 0.848146221034269 0.832105157535745 0.381746206126651 0.137732661936304 0.0963835082644043 0.159895541089028
"cg21959598" 0.865884818899256 0.817677382295173 0.216998822415179 0.273346923645735 0.281469915245326 0.104269476162498
"cg14165142" 0.823957835934188 0.815274446947906 0.261934279407804 0.113747344737955 0.0723595304497924 0.220102797800656
"cg25140783" 0.812586543018003 0.761188483998512 0.355779744416944 0.106900067064176 0.0760946015087844 0.119551711158373
"cg08622666" 0.842285303401664 0.818914685510945 0.142373636559796 0.279578806198943 0.180289196645724 0.143967853309414
"cg21830221" 0.778811074766994 0.767376694687814 0.0982963292865118 0.134193104252409 0.10123553425231 0.140364500282997
"cg17479280" 0.900446159113074 0.535456931870598 0.0848659519917582 0.623513017056162 0.471998635140069 0.128374497409113
"cg03728799" 0.822169861473853 0.774681965518852 0.142401154730579 0.137658394537214 0.113114983151655 0.282879952270933
"cg01735277" 0.775294193994666 0.674596531626071 0.271949857946095 0.0921109911851807 0.0511987274146067 0.1236989951628
"cg21999229" 0.772258837986486 0.777337701339703 0.0726657702763097 0.123927003309494 0.0657515361226454 0.158265236875497
"cg15535471" 0.839947222103495 0.455317434174535 0.404980892442093 0.254449457978221 0.248162006680972 0.120982181247561
"cg14480046" 0.897097399627006 0.818291044052219 0.215134189903371 0.145407834400914 0.0990563458742895 0.490749678102501
"cg12810837" 0.742671348668489 0.663066159797511 0.0670135895637991 0.0880464180049085 0.0592659409447097 0.110750934192728
"cg17587997" 0.876241039793006 0.861558125816992 0.113379731212399 0.315511493211221 0.251862273119018 0.106930663453811
"cg18920397" 0.78748686574802 0.655664982811081 0.213605203452703 0.118132726267947 0.0740336796903052 0.139348238285459
"cg07706695" 0.789389091548533 0.755345076417778 0.197486581359181 0.0819144723431439 0.0459045017217841 0.108186379510535
"cg26348243" 0.910984299415723 0.88904499295026 0.20797637311537 0.130511580158912 0.103813912190329 0.46495584111416
"cg27051683" 0.849448359198122 0.466423105188098 0.350055022855529 0.128426185456867 0.116258048566675 0.420736270377303
"cg07018090" 0.888624555407682 0.194315720513762 0.0452469332346506 0.543649435436786 0.544592798473444 0.34928738721077
"cg26106166" 0.801535753057788 0.663589773540278 0.172907990188015 0.133001627767183 0.117268852659286 0.128109086709149
"cg00795812" 0.773843779702434 0.278361617110979 0.246583628110575 0.0966549935958723 0.107082949843026 0.373073344234356
"cg23280720" 0.81268391450041 0.58812928129174 0.248776169138526 0.08074064131768 0.0648602770317124 0.301227628055692
"cg16219283" 0.86710965858018 0.855420687641654 0.125796339273465 0.173750217274157 0.12537656580115 0.230989777978972
"cg17161520" 0.807646262986872 0.749728392960028 0.0781791369309446 0.115030162167981 0.0751323579892692 0.190699906810344
"cg14437551" 0.783082601763701 0.770785699702424 0.0583074791411027 0.0922039011846491 0.0560235666958035 0.105470689816561
"cg21359303" 0.901239300429741 0.879128568412896 0.362981842124214 0.12222081949298 0.0987350998980564 0.195805226605703
"cg26341831" 0.673004952723461 0.20028692711429 0.0606540694613724 0.113219088732882 0.0558070825822209 0.0741263780437291
"cg03526142" 0.835871593719089 0.733391956249832 0.353700827471606 0.0873275831288068 0.0446292220941923 0.0826339012224949
"cg08169020" 0.887175708342653 0.856185656478372 0.395526575845375 0.0924289814460125 0.0594905021396344 0.154390188503746
"cg14441276" 0.81949060671984 0.808523285171777 0.0725199915868779 0.118652517554339 0.0761354662471398 0.140576160434304
"cg18148314" 0.849044918440519 0.812218188204087 0.247170065914244 0.121088944448901 0.0648180614945641 0.117625104982497
"cg21201401" 0.803063043314856 0.715004645168874 0.165669663304772 0.0840229513454005 0.0636563894401023 0.0878975799327555
"cg02737268" 0.888769689907898 0.814402060923162 0.067530503161076 0.0894723185392967 0.0793804732346005 0.459447907733012
"cg20805133" 0.855789942556589 0.802617084626477 0.168099729769607 0.0826998392153291 0.0482255158155751 0.240718794612013
"cg11354682" 0.83468128962374 0.154630362883035 0.0751701090659304 0.44169152690149 0.45693881137934 0.0975714521648433
"cg14597739" 0.852619091885107 0.843798877510097 0.0723876537580171 0.132187584372396 0.0746471241805343 0.176658792340304
"cg17169196" 0.881159742511333 0.862277931581927 0.0985895335972567 0.152077069219063 0.098512444330141 0.221527242978019
"cg11316887" 0.864514402981091 0.80093997461044 0.109946275583174 0.165562716156627 0.0888566822949542 0.112830678354272
"cg10699171" 0.819229790559381 0.53690435450061 0.160396490059162 0.100246084090418 0.0766375980819903 0.111185446073938
"cg23954655" 0.74043757731001 0.187935969125013 0.0821377934606168 0.0820282357836742 0.0815031928170634 0.151719164285784
"cg00446123" 0.890855323960775 0.804239817574776 0.188268772974219 0.0961072833875184 0.0652123681879328 0.0978300031379601
"cg09993145" 0.724074958255478 0.113731141523718 0.138293762504399 0.0558509717216791 0.0403363026171476 0.0507592691924561
"cg20513976" 0.857131114741023 0.758052199215879 0.167571117483724 0.0517841545632284 0.024928327278891 0.0577160006068588
"cg26872907" 0.917003066219847 0.11459082782218 0.930379542467474 0.88082441865568 0.937044953559622 0.885474232979142
"cg23244761" 0.956990544197757 0.178121684782051 0.961340711137037 0.929662091538018 0.968365702075399 0.930320829563902
"cg11597902" 0.252696429906334 0.0724388945351928 0.943146396493157 0.919483750308305 0.967344471053499 0.891989093925236
"cg05923857" 0.822942631979524 0.146662154376028 0.886779705533453 0.802412920135561 0.893201609102614 0.87532714759998
"cg24788483" 0.880298833374657 0.194406051511237 0.906573731894539 0.869885670161636 0.937407694345393 0.907394259390851
"cg10480329" 0.856262128770848 0.192554715172124 0.909678575209844 0.89839952176574 0.92201653303434 0.902145571004651
"cg12655112" 0.691431578511851 0.160147677889895 0.869202725724252 0.897023569498734 0.941801926294497 0.909005677321797
"cg20610950" 0.621858543394134 0.153425149918071 0.912479487171653 0.888608145475708 0.920262581441649 0.895359504835692
"cg13430807" 0.844338185997704 0.161234140824636 0.838170779362816 0.854025816406445 0.889058073611779 0.843594567419072
"cg18990407" 0.796800524213429 0.188863895022531 0.800411453717312 0.917713347655035 0.946837986905666 0.906882997848873
"cg18066690" 0.898586604862411 0.21945302836184 0.902731163498994 0.887698125232067 0.912961915887514 0.895205497663491
"cg10499974" 0.445206994546556 0.120760865213944 0.855794570885665 0.878556079530085 0.922701967529905 0.867699794645422
"cg10278149" 0.691761089077932 0.163502581839776 0.845651535694663 0.871737767337781 0.894127356438511 0.858787655334352
"cg11186858" 0.535206060359387 0.191591929104412 0.931381057851683 0.938097948038893 0.969730451267409 0.904221512311348
"cg23146741" 0.779748504092046 0.141166151183862 0.775682330686291 0.817960682279614 0.838637892596707 0.780009322561899
"cg09220326" 0.534858702812646 0.155101360856944 0.888685068363605 0.869257676487859 0.90216525074358 0.864798428679107
"cg12422199" 0.852904314645296 0.153784926950238 0.706709317634269 0.83604959527976 0.86830459848938 0.784449920484578
"cg16636767" 0.8690848426074 0.218767562925093 0.86600625847538 0.868370358782368 0.894620063345687 0.871360976006029
"cg04468741" 0.813445251906398 0.198134990884616 0.885546578271075 0.834375826344644 0.870009119761368 0.855558688434108
"cg14109551" 0.749402066252531 0.20277262643718 0.897708660094719 0.870088254757161 0.895080286030385 0.867522687464959
"cg08908131" 0.826562584739664 0.172775529051549 0.838567804417415 0.832096043092317 0.845901153791682 0.783853033874257
"cg03339817" 0.952391217878646 0.267876404377755 0.803162869607693 0.944671487509167 0.965381926419722 0.932652856819056
"cg10690440" 0.123545867795365 0.108748598318273 0.938449655929589 0.915473770135083 0.949137757566098 0.874959095037365
"cg02861504" 0.40872581700719 0.135390004857127 0.863655019377384 0.881018214286586 0.9085998467978 0.866896494986713
"cg02244028" 0.826123247631254 0.215513891980411 0.881717607036112 0.872556205625838 0.884987361390633 0.857999790645394
"cg11327657" 0.0743666318846419 0.0954720595563395 0.933116589972835 0.906287536730087 0.946190109762085 0.862923082255275
"cg00733978" 0.772799878027375 0.163172488538999 0.84329723189232 0.827576245585251 0.83336602306832 0.781794256958627
"cg22259797" 0.471297457890036 0.129143456257073 0.912756304846291 0.760977223515043 0.863451290118359 0.879575584204097
"cg00208012" 0.790945470424189 0.207330581073622 0.865575694444497 0.862271662521912 0.899951833763261 0.848765016368143
"cg09322573" 0.649590653287426 0.171724875489744 0.833827192574362 0.856971613183583 0.89785062133352 0.85056296979683
"cg18835472" 0.683323564710298 0.157480783641769 0.810227227287196 0.823384730182754 0.86867886065178 0.830136656567625
"cg22528270" 0.0843510891643228 0.119312017873154 0.951600657579898 0.921861304562772 0.959166737308438 0.906618088347392
"cg07002540" 0.720338753985873 0.177769068022282 0.882063392937475 0.825006291939191 0.879775613243224 0.807337585011409
"cg27059140" 0.416473089754417 0.137639614697577 0.882073582300086 0.873186839842323 0.895342129073285 0.846172567217848
"cg16429499" 0.858907772766063 0.144734714582894 0.494820408587349 0.85447987643299 0.895648731663726 0.842193645100123
"cg12207930" 0.585092269222526 0.158765689249002 0.843756146459809 0.853086241332424 0.877736847953578 0.854037893239828
"cg10624395" 0.90138537439432 0.246454180299745 0.892551626791155 0.879905761049885 0.902198815945115 0.875372769884753
"cg06474225" 0.26874972893005 0.114546808496636 0.898904152036862 0.866230009984158 0.902274629995408 0.874869401441219
"cg13460556" 0.294767696190393 0.11279970779857 0.880908451740894 0.860767033816068 0.901406784174387 0.834587492782333
"cg27366072" 0.722893992484963 0.193386781454823 0.823984556607795 0.877869376002923 0.894507339626014 0.852687758181937
"cg01476222" 0.861264358910083 0.187414683019252 0.783136059977406 0.868199104917566 0.852507438478933 0.77667282737054
"cg25898577" 0.737543321464108 0.209727802936924 0.902353149202649 0.877745396426808 0.894467428114881 0.840070352535119
"cg22675702" 0.814414155127435 0.189169523888698 0.831908945078909 0.827852300551186 0.849940179115322 0.824436140115483
"cg23391288" 0.907894581433393 0.252888181826743 0.878996067852927 0.880440076614089 0.912621727852291 0.882225439047545
"cg19835973" 0.910488221539309 0.258521403410511 0.929865970050517 0.872758151840475 0.909482921257809 0.863739945529236
"cg21519701" 0.0625831848781642 0.078843945335676 0.879579335861774 0.879805322924553 0.913584656384534 0.850497109350273
"cg03313271" 0.387767092509574 0.148507688248717 0.872808090258667 0.886323699546305 0.913563494975378 0.870574885152641
"cg00288598" 0.730593601464073 0.213567922549507 0.941426802230316 0.797380647848096 0.883602390404429 0.90331330373553
"cg07110356" 0.118823678547584 0.146768838179875 0.960193374820081 0.937470879852192 0.968621871096052 0.920515105076705
"cg01087254" 0.0599555033939793 0.0733540822951616 0.879668929197858 0.873309534086269 0.898977750827316 0.824101889950521
"cg26217402" 0.828733726980946 0.826280478932664 0.157628644626921 0.20696002156953 0.174307674577444 0.349415169281822
"cg09736959" 0.768451521932375 0.754778170271747 0.111962711990964 0.155607163634652 0.0923794229206553 0.227268045310582
"cg11586857" 0.848697523674576 0.838213199909067 0.25097729301849 0.19550601442209 0.151914257825721 0.324134440504155
"cg15519096" 0.851099371451893 0.825510298953194 0.41385669687134 0.104678985416112 0.0821276287561872 0.253185896227346
"cg01170124" 0.873175733075518 0.854553956354987 0.45184550987836 0.099882853314214 0.0592579893837124 0.363104393345781
"cg05968188" 0.847095882038145 0.846700994953305 0.679070517967115 0.107907078165095 0.0622941235067942 0.110565488213771
"cg23213217" 0.189985841722403 0.765782358065701 0.504389097558126 0.156040595546903 0.109082540717976 0.435635792767722
"cg03916225" 0.787592715954855 0.779759925822214 0.343084704503389 0.120006027841606 0.0823754773244232 0.128693803822024
"cg27027055" 0.842049313971785 0.832689868283988 0.451214699351332 0.15241950595247 0.0644221610730941 0.187335862570587
"cg23007665" 0.666384691407051 0.702838235936336 0.0936877473662648 0.103437016210999 0.0654999369809731 0.109805012338814
"cg02879423" 0.0910347900212595 0.740275039395977 0.73945339206135 0.160378505682617 0.119705631208033 0.122152062757137
"cg24010658" 0.876447467922041 0.870032957375511 0.575010329164267 0.101262852420411 0.063385944809744 0.256160491718961
"cg23679819" 0.715907875438299 0.790057746228554 0.362482367818152 0.0958088920487002 0.0741252773542962 0.221007795901168
"cg06208288" 0.896315982854026 0.88199475027298 0.452804281627045 0.231558890452563 0.179560160522687 0.153371724346139
"cg03961551" 0.790415779435468 0.787284417369805 0.273264628438377 0.138025030596197 0.0893056728492876 0.141447181303445
"cg24216966" 0.86815886736169 0.857938129874299 0.228200487408227 0.21492851222265 0.156221216590093 0.297560332085676
"cg21577598" 0.804389314949121 0.80000959916872 0.332181495935381 0.0810476652677859 0.0567547638725841 0.200646019952468
"cg17078393" 0.848280553999897 0.836928326497263 0.135910846672061 0.195550234003845 0.128935963241036 0.346385344165055
"cg24957609" 0.523547408494342 0.757299657190423 0.324157735720147 0.163260240139378 0.106573454500083 0.129838357716826
"cg13554018" 0.769497453937737 0.772002291588762 0.0827398140536226 0.200230031734705 0.122795600933169 0.11891905446135
"cg10639435" 0.475752114206673 0.781721015938778 0.50053280497261 0.135744539573435 0.0960219417297521 0.102773543423456
"cg12609063" 0.637676764579336 0.780327653124901 0.375321739763684 0.106074009101089 0.0623080503531242 0.09919603362261
"cg19097880" 0.734515528577501 0.748093059830489 0.0698421308540808 0.0972186573616089 0.0552745190194533 0.0997713346774992
"cg04722215" 0.786206907176564 0.841740113107803 0.343953677277231 0.125961572523458 0.0907055669668263 0.13878021016318
"cg03795574" 0.0983395400073112 0.718528303129993 0.0834621107767727 0.0997177077374003 0.105686066459193 0.347556690944117
"cg25131632" 0.944965429837726 0.937993027107554 0.0933854980875716 0.936238132667501 0.920322440704825 0.918394250278947
"cg19276014" 0.976022795417624 0.960512136537422 0.14459474377155 0.967543084239337 0.967860118452909 0.96632396327459
"cg17768768" 0.958136706950268 0.941039953426646 0.135564811054771 0.956984935622647 0.959563902107361 0.959100352551958
"cg13738327" 0.965021963957619 0.954325512551991 0.130140715209238 0.959336962973438 0.947521800309217 0.907661601575348
"cg16210395" 0.911723732377253 0.903943784214321 0.0814186664685633 0.904022717174043 0.889448194795292 0.87699610627952
"cg15348679" 0.90600201136254 0.872300617320077 0.108482533543558 0.934309192724343 0.962928636431635 0.934430755559779
"cg01024458" 0.925152070251727 0.910717672551038 0.0847846183149656 0.890111336462742 0.898338914692917 0.86693341626799
"cg27106643" 0.938443025471085 0.892223141215752 0.0967689753620091 0.901336820461191 0.904571515064498 0.899086602974902
"cg02212339" 0.955436458887347 0.946406908982497 0.132939308083046 0.92609546406084 0.922243847835282 0.943228685663317
"cg05205074" 0.901375897847693 0.887615155076111 0.0886579948852413 0.89319670622037 0.898943602367425 0.874024393035603
"cg11661493" 0.873954672125457 0.863471294963321 0.0822627774466778 0.884693141182216 0.882840849101899 0.881481678757731
"cg14936008" 0.902220596965671 0.890128992893359 0.112647370493943 0.904703927946462 0.907622836092407 0.899323557782148
"cg14066207" 0.938085967392105 0.923421700269953 0.102553201529142 0.832618532476492 0.846525963171731 0.906197548279659
"cg20602300" 0.901210674591671 0.904281841699762 0.121124456425315 0.908557870799286 0.907243160304492 0.901109698879393
"cg21596498" 0.883748472713691 0.886156704634821 0.0946121913877767 0.866168871391138 0.87984141823088 0.86978762436411
"cg26552743" 0.861683772467069 0.857374058950617 0.0926051498504347 0.889622510580833 0.895858561781318 0.856981356616216
"cg17995557" 0.886034080326204 0.873371400060269 0.0869073328493353 0.886389935934071 0.887412065324241 0.794007824258931
"cg25683989" 0.870636120052803 0.877198026795575 0.101692072750609 0.886749064280587 0.895284015501449 0.867920050436999
"cg22212560" 0.868519622158035 0.701464709716368 0.0812644672380034 0.910244000925401 0.916030026621409 0.894591307338921
"cg13356455" 0.879243592614327 0.882162236223749 0.0962686631025963 0.894877574686081 0.886516163768068 0.812668321627469
"cg06687504" 0.909015041922386 0.900065085362926 0.127082961523884 0.909992342268419 0.893598534758037 0.885594284823098
"cg26318872" 0.904714148258269 0.894795971553616 0.132245969335036 0.909340750973675 0.912188633856131 0.902155276321868
"cg15035590" 0.900808938335547 0.892196040189949 0.130017470686457 0.90220026472671 0.904468631935032 0.907543170175939
"cg18250453" 0.901093243988973 0.896569644749614 0.107569950555373 0.888333038684294 0.89163060573465 0.815128630038011
"cg14482811" 0.933532167982135 0.915490686091658 0.13983237432168 0.953481836056532 0.942378621481379 0.807784410813341
"cg04828493" 0.964717037910282 0.863377174629161 0.126471285999228 0.952401865386201 0.960353805308328 0.742690758424674
"cg07721872" 0.927482935814508 0.916430827489108 0.10336503441268 0.794823591614966 0.831926710021414 0.88453495458196
"cg17679619" 0.867640930168291 0.869414209834208 0.0979952191647482 0.859954056272393 0.871238078843304 0.849996891107421
"cg15532942" 0.879888895361077 0.884288636373619 0.109882156794253 0.884220644977421 0.883206813497709 0.84588183515221
"cg00760938" 0.853967107873242 0.856267635745264 0.0901587476294214 0.881769724896532 0.871316657273652 0.813053070036174
"cg16148346" 0.86863155294946 0.862588212939777 0.107497206362412 0.879810809672243 0.877778469860423 0.872633409988792
"cg09469986" 0.89088418858167 0.863919498969151 0.103337708414402 0.87718605144626 0.873307220836854 0.829009424584908
"cg11699517" 0.933327347410058 0.937791339481673 0.193217934076744 0.974372563223345 0.975394891554899 0.961791437715847
"cg07558704" 0.932527500272899 0.930376568885472 0.173509555305279 0.934681823286908 0.942858234447256 0.938891119359206
"cg03402235" 0.847889896079106 0.858468649236304 0.116666399569208 0.895830016284909 0.908107974855473 0.878228824376431
"cg16411445" 0.960615256798773 0.951792097130598 0.197255166947436 0.967690207734146 0.96853998690013 0.940165265128691
"cg01598421" 0.968224056469356 0.954886375051611 0.20025032304725 0.958352061461702 0.966168753151255 0.95293690410092
"cg23683962" 0.89253700486823 0.895467548770091 0.134962963253204 0.896444241727681 0.905518616479172 0.884069652745555
"cg01868869" 0.891123519764195 0.885535805978399 0.136152881591502 0.89956959177207 0.90402398691457 0.889816155288967
"cg18590995" 0.798584821063363 0.81101897717224 0.0798196518098506 0.861841970249762 0.869645083228651 0.84637560171624
"cg26692003" 0.9674071921079 0.940702234213498 0.202082651126073 0.967942198667045 0.970538531562687 0.950924155088599
"cg21248060" 0.944091685115034 0.918804364316972 0.140688010004574 0.929256135332777 0.919672325850136 0.775501171826683
"cg18184053" 0.831593923977744 0.818442275845259 0.0691332211280097 0.87721308071509 0.857451870508916 0.742280958944439
"cg22381248" 0.871508812287442 0.818195213702975 0.102924384600311 0.876684615645736 0.869295358795576 0.851684904120763
"cg15235922" 0.828274538945526 0.839774322523985 0.0881329950589384 0.859097452211342 0.844873559115798 0.838374794957644
"cg03860768" 0.855399504882604 0.870342134410302 0.0868007674567895 0.837637915543034 0.814304009476335 0.823482457667997
"cg02665297" 0.964407170856845 0.953294170041533 0.210407869934521 0.964152251811068 0.969000078271867 0.962874069552921
"cg01869288" 0.869206097046581 0.856011522295635 0.092427831091783 0.854295711348193 0.824868478161643 0.805413970039788
"cg17232476" 0.892316522663684 0.849506909532779 0.125151536286198 0.881307652221887 0.88063382856972 0.863506948194833
"cg16185947" 0.829332686339334 0.859447736381037 0.11911599875825 0.895429915106884 0.88742632766797 0.864043901234086
"cg22286382" 0.0688483714977228 0.209847286315298 0.637175033575268 0.0999015323730077 0.0745525768497456 0.105528087841562
"cg27049094" 0.366349052518596 0.510900321034855 0.829446007528639 0.108722056511938 0.156742716083 0.360434601426519
"cg27492103" 0.081935254933994 0.396764799032424 0.747641721502951 0.110077007573548 0.091873999265184 0.407050692038523
"cg23144473" 0.100713292798716 0.211873126983091 0.671462955293754 0.183872141578586 NA 0.106732517627004
"cg14574996" 0.142870432046957 0.136725366130347 0.830879685225035 0.521654044785044 0.521803363967248 0.202810335082227
"cg02734358" 0.48845595536066 0.0944091911482435 0.812541805873533 0.34234571659999 0.376601928776103 0.0762527308275784
"cg24834394" 0.0653766069938155 0.360548953884624 0.849640954289641 0.329724783657888 0.375548470157153 0.420259698679596
"cg22677556" 0.625673078633586 0.236835909742861 0.823923095685352 0.0772079985649914 0.0774567626989068 0.403165949473367
"cg03889263" 0.0797890063945109 0.0952926464888665 0.767158121152121 0.114728180921957 0.219907443156773 0.624417395541367
"cg27507284" 0.0793657379507318 0.0931695067263484 0.744250401410982 0.388134028423236 0.337147850199352 0.118506388343192
"cg08698943" 0.391567285494332 0.124338389323011 0.837738615091687 0.265425445697757 0.336663331563557 0.344438796255248
"cg22437221" 0.163986800940988 0.52345104346586 0.831092295435777 0.150766251120092 0.131865237526857 0.451061395912265
"cg07375256" 0.338423512350177 0.669055100612911 0.823822616337506 0.108846974901009 0.0634916527459486 0.199959935098284
"cg12033075" 0.525395735615219 0.569851768589762 0.828153017461088 0.0399028651701657 0.0410538927874265 0.219943960999111
"cg09076077" 0.0985152291007714 0.100549501358357 0.810530969387242 0.508774129768688 0.473231576049523 0.119056930405328
"cg07249939" 0.209860643696671 0.237749013043593 0.782296092861739 0.351556949779777 0.248082060941274 0.0954628530725968
"cg00902153" 0.0850905867606722 0.0789249193319176 0.759674846593582 0.14913874994336 0.140823294530127 0.575106226199162
"cg00970435" 0.0861737052906563 0.233340054871404 0.692809769446871 0.171085778699303 0.099236231015182 0.0929014835393721
"cg17950348" 0.0625715296725132 0.0863755153594279 0.82661584809533 0.565595747835214 0.518607738514569 0.0905897814479337
"cg20450123" 0.0815819658583902 0.159781681822013 0.720341885921298 0.225561935958268 0.210655634284446 0.105635756539111
"cg25518868" 0.0548264351853313 0.0723369951999273 0.665259261863109 0.100126079011758 0.112473868342247 0.166947805323794
"cg25983531" 0.105049779369374 0.118308130522446 0.827124911877797 0.479410022504962 0.410413955376538 0.195679041081869
"cg09849688" 0.0718825941193574 0.0886281536424257 0.724684943941852 0.239921228567825 0.199028280134302 0.188330841449865
"cg01054402" 0.0816547158734166 0.292268862430721 0.798846216081964 0.121584699063385 0.148460658682285 0.506403221063468
"cg03798942" 0.117831140143368 0.542374526039728 0.775708139534189 0.127360405731338 0.129750307741416 0.0827939924153939
"cg07725527" 0.125254874079492 0.172559334603265 0.721200601123387 0.129299577828061 0.125108046560416 0.130005077637694
"cg20380468" 0.17585131135225 0.435560907928477 0.841675721019497 0.0819033021724371 0.0788384077752286 0.449721843931038
"cg20317872" 0.642375692081153 0.364656206398099 0.85871460954659 0.0865332562402783 0.0738400717179005 0.128702708227866
"cg25616055" 0.0484820540177161 0.106792155860774 0.694816626085688 0.0642920566464523 0.0886288758703439 0.14380476624862
"cg15906007" 0.125468290657479 0.29142001122175 0.753819316309693 0.114099184075821 0.0957941270954615 0.0826795169188505
"cg19268695" 0.590169031100773 0.184416533415158 0.816921627685941 0.0751358333671083 0.062671750971661 0.089817281871695
"cg00619207" 0.480594397158184 0.162158181163852 0.795309425814478 0.0815787080631331 0.0722935430832873 0.0905080436167202
"cg21291385" 0.0882723959838961 0.377290791899484 0.786077745496444 0.129110548790561 0.106677961592244 0.135798638994604
"cg25336765" 0.102331958786722 0.094964027607803 0.83721453217205 0.398723761771229 0.344617763825668 0.149621966753608
"cg23792308" 0.071465826057976 0.231338655983843 0.72617846851083 0.073560998896267 0.0732346479097509 0.0841309287460929
"cg08682625" 0.0752222272050914 0.100605148824039 0.784144712039355 0.130979960725015 0.169484047403537 0.342675237332971
"cg09300089" 0.0639363157042255 0.0882448916074575 0.807950145161457 0.364468562765145 0.233512398738038 0.0928021864969439
"cg01156249" 0.0606671940169833 0.077448806953123 0.905067316699973 0.252665608241318 0.265832958661343 0.601492479251789
"cg00058449" 0.215422489995934 0.269339601427154 0.903978821636312 0.406343923328076 0.254743779783042 0.0761196472894145
"cg23357708" 0.0689769488304335 0.0860231217157302 0.805987680859129 0.170441884150102 0.181922418645028 0.171747335971049
"cg19269039" 0.392575932841318 0.160925792373651 0.823994540575693 0.0598806087814948 0.0538020200829469 0.0859568501698293
"cg07635227" 0.0380361628369836 0.0481206092640285 0.826946040391793 0.118674791960122 0.148053734290656 0.4143883810423
"cg14317609" 0.0606349434891444 0.0628238155061403 0.753893264890675 0.0739015819303375 0.10793700796734 0.0889269496394085
"cg08560387" 0.0426821250903069 0.0566917623443097 0.749416292384684 0.0651557970355615 0.0530487997701585 0.049699360426707
"cg24641737" 0.0679888996685995 0.0766537555737293 0.778610779625075 0.0699001105317761 0.0624713040196465 0.070589978097519
"cg04978343" 0.0948294158521353 0.112179207214389 0.82839245313726 NA NA 0.133162528019215
"cg08864105" 0.0711279409225298 0.0748703504508705 0.818789487414315 0.126437829452432 0.133085435238255 0.111857747383733
"cg03429643" 0.0499090898213011 0.0704575616305562 0.796837084502359 0.0593145801874867 0.0480941797043466 0.0558439223937097
"cg17266282" 0.133479417589826 0.12941621642978 0.891023832711078 0.130573907224892 0.105558610230461 0.177346590152177
"cg02606840" 0.0504677868166524 0.130262906228478 0.824251580182776 0.053438851977484 0.0424596069050273 0.0596999013471639
"cg07679948" 0.955610163468862 0.950343905376467 0.956094208012588 0.183307207533179 0.326901611058702 0.927250979498978
"cg00366435" 0.914947034759163 0.907365623599722 0.91429812219563 0.153220276866199 0.339885531714566 0.868134651201481
"cg16452866" 0.951913401270572 0.947196682599331 0.953000928038507 0.150982927405372 0.17267517006787 0.88800909540664
"cg11848483" 0.9168045196449 0.909030287747988 0.893333472661014 0.138058521554878 0.218323677805616 0.88669238133268
"cg03388043" 0.942620473191354 0.921233110663091 0.94109656465741 0.0868953771019046 0.0657762016183001 0.637247277047844
"cg07713946" 0.894851109840704 0.891493128973726 0.899184610058512 0.122458294887293 0.194599576466391 0.77038990661811
"cg07015803" 0.939360513131698 0.934270367301078 0.938707759321159 0.174052986734383 0.200099080951638 0.869815929584056
"cg06915826" 0.866320667560097 0.872731658966341 0.872843421209081 0.147579658334254 0.245095575664906 0.841132241440184
"cg14522718" 0.915770518923205 0.922437745814992 0.928457070590576 0.147210506797844 0.18542455681227 0.712982603850734
"cg10240150" 0.858679118580655 0.856165247592047 0.878068921694847 0.144746669669154 0.257792441698722 0.778947879097561
"cg04347414" 0.902774358852598 0.877950241750861 0.858537227577981 0.156971687772588 0.204615100778522 0.841907096453855
"cg07545925" 0.870339557759234 0.877701780593738 0.861955994553492 0.0905640827622923 0.0729082270839733 0.66795968449288
"cg13750061" 0.865085901397516 0.870070509709382 0.874468770556961 0.123775458375543 0.105169674351805 0.784803214584747
"cg22230912" 0.826198276395088 0.853196090735624 0.887434474152421 0.145916824524849 0.216251064855755 0.802066044267044
"cg13992008" 0.878928734749739 0.875038588250489 0.76687857973273 0.140617061494399 0.195360596948906 0.840703922237741
"cg01874152" 0.90027711585603 0.889121657618189 0.835557348572055 0.19467160014664 0.384444622230759 0.814140395089221
"cg24841244" 0.880483717624103 0.871026404065827 0.890973157677713 0.122213652343031 0.0952972291226236 0.713822644871499
"cg01154505" 0.954250569030314 0.939027985182742 0.750022682099379 0.244324176206535 0.462984999040896 0.944438209791671
"cg08338281" 0.900369887522334 0.875621265055455 0.772860100177618 0.115668059258457 0.113313655511944 0.743796473527729
"cg20661080" 0.872059032427351 0.847729009791502 0.84496925635647 0.123707998533697 0.169213057895265 0.706633448129358
"cg18735089" 0.911041096982499 0.896253507349607 0.892087734090768 0.172056847711727 0.199032118164758 0.783593412446837
"cg18650518" 0.904559478712771 0.898424454098341 0.883776231181392 0.141654209181987 0.180801014696362 0.656597935391168
"cg18758433" 0.896673738796286 0.844640162363859 0.880077334471364 0.137767171902163 0.208132025537263 0.66872995237067
"cg16193207" 0.863062145188005 0.866607399607925 0.871487948745542 0.168369534234451 0.232667501587402 0.814308831503178
"cg24441810" 0.860584951211384 0.851199293116993 0.76552145140922 0.100439612169818 0.104005361619401 0.723840918036692
"cg24662823" 0.902635674498822 0.892820059281177 0.904216816510581 0.186874044952739 0.326016254902515 0.708945566668404
"cg04340595" 0.907151781587917 0.883010166488538 0.899983446711435 0.0931051317201922 0.117230909622023 0.454023607753088
"cg19001909" 0.959951298955396 0.956967008818837 0.964441050514102 0.258534892134361 0.307979362366243 0.89842138658262
"cg26400113" 0.860268783795299 0.876698401281951 0.855933748527296 0.148612134516279 0.169078694885795 0.763865488238452
"cg12353788" 0.862138283822004 0.84795533125387 0.873568920485536 0.189137458309154 0.320777015838332 0.821836019057882
"cg23896695" 0.846280346004858 0.870165094879676 0.811477945415842 0.158370343343049 0.227383123511322 0.815441301084371
"cg06164961" 0.886828305612934 0.880754795581532 0.897544371092621 0.113426965381795 0.0838554847390679 0.590206006480702
"cg05705140" 0.891238346724117 0.88588170597958 0.778278280355681 0.162228472524681 0.247580478442428 0.779119523621206
"cg07970799" 0.936209609763831 0.934551840674481 0.926199783975159 0.263570490420354 0.490744543118607 0.791001280893293
"cg08280368" 0.866867263878318 0.872122695996461 0.753913103760486 0.163862011036227 0.248122334994132 0.836516631293524
"cg23723835" 0.868740066737968 0.870886986355905 0.683937235752738 0.147342789885969 0.259736425616261 0.809467284431775
"cg26347170" 0.937984596828971 0.926586296332574 0.926348038738213 0.205637238674427 0.240185994118213 0.747935433908158
"cg04180114" 0.855756678240209 0.825713624822677 0.822577381917905 0.147330198303148 0.174569166885816 0.796056470979712
"cg25599673" 0.872609741271453 0.859849336563719 0.851833927380221 0.210094599263001 0.33689096000198 0.866226475454832
"cg26852712" 0.908936458591029 0.894239002287384 0.774483163497333 0.1777444420179 0.305043559458897 0.775460602476691
"cg07930673" 0.863354813354988 0.857356672841996 0.863048964691151 0.133864264195587 0.125435932365903 0.68685337742638
"cg11162888" 0.846489576143459 0.834531359545245 0.857349306179778 0.173811527077371 0.247019549389067 0.809528345154391
"cg19296305" 0.841762461679089 0.82616003396375 0.860552112284898 0.175951119336159 0.24427347271901 0.829199401519023
"cg25486399" 0.802377066923081 0.821888882286258 0.860851032560512 0.190541439225021 0.369910615408489 0.815408797192902
"cg01040649" 0.883524005425426 0.883846620290595 0.812853537437236 0.20594848477547 0.329574576970107 0.835275966025368
"cg24612198" 0.897006148939738 0.892825711694366 0.897766689795912 0.15986089643845 0.14463755130573 0.678621137060916
"cg07110949" 0.955289059540011 0.951335596089763 0.92791484667097 0.277650723115203 0.343531116661946 0.915791732314483
"cg10111816" 0.827562974400728 0.843133281129029 0.814933382352711 0.12111764651583 0.106300934482589 0.717498378049601
"cg26166854" 0.888036499053127 0.895140141438264 0.881503819496508 0.227312846613622 0.469900562597547 0.705624440212408
"cg15564619" 0.694852677568501 0.571018026190439 0.873631148417914 0.105702046763677 0.243328266140996 0.849246649051967
"cg16602097" 0.0980573302964039 0.0883852014734863 0.159064805065268 0.767248034208322 0.73988523037922 0.465267331954809
"cg22539431" 0.0852617273365447 0.0956322615076808 0.221879398698808 0.83367094050715 0.838779008477706 0.638156995888937
"cg09037630" 0.0674101365651618 0.0600638723681105 0.0526104197015791 0.629268686819804 0.603900445724207 0.0713122207270563
"cg23379806" 0.0777794835462705 0.0820846949453987 0.0749668822923487 0.739983072048873 0.746432588436158 0.418752178100816
"cg27058988" 0.0445712075118691 0.0486336095739109 0.0503389984943982 0.647750494338714 0.547344615422583 0.246180569280509
"cg26501007" 0.385115037822022 0.144305356909389 0.121041110738085 0.748306405797039 0.661907473538148 0.119626368203154
"cg16261114" 0.0992570902526329 0.120502863448407 0.25244552686169 0.830597546714037 0.836392434585087 0.533668095246791
"cg11377213" 0.0941349279951479 0.0856175227694927 0.127821123311915 0.82326540919867 0.809841236630846 0.688081830867615
"cg14510299" 0.177299722242817 0.108988913864314 0.119205152449252 0.772716821068996 0.756156670880451 0.389172118181243
"cg04244970" 0.0731324414899263 0.0808285443815663 0.49345948581941 0.729527721210164 0.586177342590132 0.0994861345067721
"cg25711558" 0.0611713122128373 0.0588131783038261 0.0712828603848126 0.718353067512219 0.763724992361374 0.321812122957142
"cg24049629" 0.0797944598319411 0.0793077854881689 0.175180374474082 0.650440163089556 0.527275973097079 0.0720589660329244
"cg07834069" 0.0810506978078856 0.0910408846546795 0.22785010448433 0.856541848743582 0.874920531327306 0.689040772732163
"cg01231183" 0.125234663013813 0.144351681715539 0.0864269919720622 0.776210725516913 0.748275806115234 0.456805301136722
"cg23582982" 0.100505026519497 0.10854519655887 0.302893316046153 0.824699098720256 0.864382327248254 0.421303948629677
"cg19369955" 0.0738642367553645 0.0801783506438136 0.172176050194013 0.753067254956484 0.767650678209575 0.341165041397794
"cg16563370" 0.115072930180069 0.131434002639308 0.188606525009908 0.749312172104192 0.760803436464803 0.216703163091202
"cg23570245" 0.0912699259829427 0.103892087883783 0.0992548856514648 0.690598809468084 0.649400929086925 0.167420755812386
"cg16922167" 0.128994995643381 0.141057153300946 0.233289162365499 0.806921076882334 0.807608242162335 0.381203182472752
"cg10099758" 0.183114963085418 0.100890440354318 0.117797651565014 0.693960177707028 0.614701275236406 0.107584880117369
"cg01233897" 0.0879299995660648 0.092528579003499 0.0693607725469513 0.711665240430736 0.678127158069423 0.279258665478516
"cg05228359" 0.0481859690964324 0.0580542127713398 0.0611357296489607 0.712459601354878 0.696602602845353 0.337612246946212
"cg04905719" 0.0439734598590917 0.0430451754631178 0.0580444203795773 0.662733613784778 0.656589729665701 0.144034437406811
"cg26402417" 0.122382863039481 0.0942907689947142 0.206352758808963 0.870778877540712 0.894448400081925 0.651615817201772
"cg07837085" 0.0869330024689465 0.110301822989128 0.428439210047671 0.750076392643418 0.622167876037064 0.11605316948694
"cg18739675" 0.0802310955694604 0.0776742201455098 0.668248267922728 0.806616912014053 0.721121376036597 0.0963457502466538
"cg21495704" 0.114710023941526 0.0999456428884736 0.686585786281014 0.868948842702805 0.861486657713156 0.185819943365657
"cg26923863" 0.0599928674474287 0.0557517260848781 0.556102782434544 0.798677727035371 0.742924362800651 0.182383910020519
"cg04776231" 0.0710070007342178 0.0701964855672701 0.138888527664135 0.71582273005127 0.743992567272195 0.148916999580202
"cg19628988" 0.0973117459420293 0.0728763265139405 0.261162353528243 0.754839482769684 0.739531279357181 0.185385120043947
"cg25025181" 0.0634067271893992 0.0673970114739228 0.201871447469397 0.78996319664328 0.83215555005582 0.365945475369151
"cg25394505" 0.151115880167979 0.119472092543511 0.187291407700597 0.742088413739701 0.69539566687522 0.137255100568584
"cg09169413" 0.169599287072065 0.105987923074804 0.0943146859316538 0.814011351442584 0.805212555075262 0.459529601699889
"cg18150584" 0.0659779047508689 0.0778522846164669 0.153133642897204 0.851475899889459 0.854085763670993 0.651893445742782
"cg11787160" 0.175099871790048 0.17503631471682 0.207960086951958 0.846783595077159 0.858541172311645 0.354239900094273
"cg09662852" 0.0697184551909561 0.0745983588459606 0.128296086976626 0.683433834045139 0.59375049995593 0.0859089453584572
"cg04642300" 0.0580513838388039 0.0651611612122445 0.128777803297442 0.675571706441202 0.597515389864858 0.0613954580348486
"cg20455854" 0.0979668894272082 0.0910774188155696 0.142845557405657 0.743586127679987 0.694228933737235 0.199274996683787
"cg16097858" 0.0811478083321471 0.0879480562733519 0.0829590397571862 0.737636024767429 0.70636319067445 0.22009318720745
"cg06650256" 0.0841138177131192 0.0753765883020989 0.503302436504496 0.843841816974939 0.770551519563641 0.27593773229353
"cg25978218" 0.0704791357123998 0.101503186084375 0.276152507563017 0.743063008896755 0.662626450374749 0.0583146927213822
"cg25729350" 0.0759177716612714 0.0698723714416126 0.0787831682639943 0.690545878186799 0.556865155818026 0.122876605390261
"cg09885622" 0.250478314464156 0.152569194043911 0.334684006834042 0.838118661039114 0.760813252664223 0.124208052641661
"cg24457026" 0.0809183835801364 0.0973550293140778 0.114863017913044 0.768697436229709 0.72524466932118 0.240784840234851
"cg12465678" 0.0948784428123835 0.108652292637176 0.556642180838931 0.840514191311908 0.750644368307499 0.107323510630429
"cg14181576" 0.0524662651144898 0.0464072773627352 0.0714960225089529 0.747797340482542 0.747564158423473 0.231266189630242
"cg07785552" 0.0935291759248566 0.0958118938677463 0.0827543611331608 0.741353657520644 0.656414595395338 0.187623200742486
"cg13448978" 0.0679816119064179 0.0654861142499661 0.125221021488534 0.791833288237219 0.779402562268846 0.323978467314868
"cg13468685" 0.0793227871421518 0.085812101293729 0.282795900152113 0.811990797953819 0.731834170552542 0.119665892076727
"cg02380585" 0.0481290014845864 0.046878613351004 0.041573810292552 0.759775280592152 0.74292682561284 0.119876725591715
"cg08777095" 0.911003850908893 0.897422376575641 0.905876057680589 0.362887872553173 0.17543216415891 0.699735075615147
"cg00219921" 0.887512462769208 0.8795671884695 0.886369357320855 0.675753750774772 0.267487087178639 0.804445401428466
"cg25939861" 0.860328576696303 0.835421000641182 0.863729886813809 0.613446187382797 0.195298974871633 0.588156948266896
"cg07728874" 0.844533111342886 0.840913741255989 0.855417248222335 0.139352255864317 0.115584345646422 0.668652580589878
"cg09032544" 0.924051631766867 0.910240650461832 0.938042881813652 0.161690553660078 0.0771357741790115 0.220424521741205
"cg11210357" 0.864474728018961 0.860273204118734 0.835580868205143 0.13987351334614 0.126587413481187 0.698598257255576
"cg27111890" 0.855299887392443 0.869026700992395 0.869593865474482 0.173664623813526 0.151417930364432 0.734326050733559
"cg27470208" 0.874165813021696 0.853906546011643 0.862715654070886 0.136487830796792 0.0714111689783603 0.37371533793206
"cg25643644" 0.855195362860022 0.847908443814415 0.855980250975055 0.113400271459439 0.0891316059949258 0.513986870904594
"cg15392364" 0.871619150558901 0.866965696983373 0.745466902656338 0.0925149302315896 0.0614529721928455 0.459086422785528
"cg22512531" 0.884077433134625 0.875419278959762 0.879350145764269 0.343878611561087 0.116344536611282 0.317182437981536
"cg26137915" 0.869716804931497 0.84999696313185 0.865370430985941 0.124486101239076 0.0986663467230818 0.497036318495699
"cg10977115" 0.89122315882011 0.882536167704313 0.898570119354472 0.318001794281269 0.126991607681057 0.350428693636893
"cg07786657" 0.902985308336444 0.885046870387716 0.91977444891323 0.110878727554028 0.054613302416934 0.149960485995863
"cg24150662" 0.926957661531052 0.916179264386918 0.900692822306455 0.232514797505262 0.186246090011608 0.649956375678454
"cg16374333" 0.873997004323668 0.868631056326108 0.882310037560081 0.116585438162202 0.0769993667176166 0.326636934515292
"cg05160234" 0.820024766145953 0.821342552430603 0.843871706020899 0.143764966453952 0.122815984117866 0.665360508973702
"cg09232358" 0.858204371953728 0.832535175915302 0.875889706163889 0.226542512763522 0.178514929343073 0.759042813746783
"cg23825480" 0.839948307236653 0.833512309282942 0.852161144051053 0.0856121027464179 0.0834845306042291 0.464027690452483
"cg15880738" 0.835894808902339 0.819715576692508 0.833175986141695 0.142081948648428 0.114699906641416 0.597488008276195
"cg08450017" 0.907070946405621 0.879547895701864 0.90357235176977 0.1059783916224 0.0931521911444183 0.317646552331484
"cg03254928" 0.779475123960305 0.771253379086992 0.793217689149157 0.11506787429422 0.0902217620646814 0.639858402232947
"cg22689323" 0.869188383075991 0.856722895335092 0.879366919419381 0.143891786699346 0.092052244836263 0.356675690800927
"cg03172657" 0.623765623739622 0.682667107862836 0.886906284424814 0.125135990210442 0.0606738220159059 0.648365654731406
"cg22999502" 0.825733905225307 0.829549552692706 0.784010036560463 0.188061091585817 0.10144943193924 0.510783596238506
"cg14094409" 0.93927758573922 0.919720530828439 0.849911072250126 0.352905888525805 0.123777465999791 0.183800076430309
"cg21773646" 0.863114191000814 0.85258486526546 0.864090831881645 0.145494398851927 0.13982332241061 0.597307492672402
"cg00277591" 0.867844360263383 0.871851087552596 0.907009419119738 0.120690479313439 0.0647607728548566 0.173322641057195
"cg27280688" 0.825576362910573 0.84310182460824 0.872439570339802 0.122778448131277 0.0838299379805026 0.36733003618356
"cg17477578" 0.861378500286362 0.848739414392461 0.827763787201804 0.11734203863005 0.0646055550432851 0.274091150412499
"cg09234252" 0.875877543424252 0.854335871086118 0.861109760861532 0.154616138321422 0.0979501593119422 0.349259914294175
"cg09989037" 0.255532386257481 0.109937253184103 0.134983848788098 0.806094424301008 0.835384261661263 0.566157680545513
"cg10453850" 0.0797898473395439 0.0912475031957846 0.332575923483107 0.827595408903178 0.868749862523892 0.705065074700618
"cg09832245" 0.0813834825556461 0.101112900549789 0.0805160321205414 0.766096378926165 0.783722496667109 0.581279197657885
"cg13854219" 0.0831827985317679 0.069840965888675 0.174280958042538 0.766314938184182 0.786498686991886 0.530341643226038
"cg13795831" 0.166858212023117 0.147353785446181 0.207723267755114 0.819127906338037 0.873866930816755 0.707483182945521
"cg12426092" 0.098850550485022 0.0924054527194935 0.156774778097492 0.697145411533397 0.733673408201271 0.297549435091989
"cg25031824" 0.111833233448385 0.104411806910615 0.241322698668417 0.813411379977973 0.828605848071176 0.534088952053723
"cg27307183" 0.0761597282533884 0.0805639350276435 0.134486356228484 0.783087138604701 0.800099709520201 0.582620459107122
"cg16824282" 0.0919576225903565 0.130461971875092 0.164239259011886 0.840189839387065 0.85761244450777 0.702417744457857
"cg24902461" 0.0855696582344839 0.101652567318557 0.114159657283538 0.747232792619926 0.775932288891195 0.471756460347397
"cg01925950" 0.112242058566728 0.079970484198791 0.0799651369399672 0.797649137886543 0.827222971014267 0.700340191047361
"cg09145126" 0.0821208237207884 0.0862203003417546 0.100671943176127 0.765972006571155 0.810429777297665 0.648959055242638
"cg18522931" 0.0888682798050414 0.0956198230526834 0.0888585219282145 0.751885999143463 0.818767041622481 0.688781587646894
"cg16403565" 0.0719990396344149 0.0743460242910712 0.066960879483945 0.699871435404608 0.753356373731544 0.47038237034897
"cg03664994" 0.0795327352448203 0.0814017322239326 0.151279536864809 0.786514842935305 0.825582211273583 0.642768797354032
"cg21593001" 0.104754230062765 0.103018776046707 0.224337885298083 0.739453080186902 0.773023385425855 0.303880588887552
"cg01543184" 0.137374913613602 0.124412677773306 0.375847311345887 0.821463898388335 0.864938078369964 0.436140826013951
"cg05875463" 0.0921312133897923 0.109931935158921 0.217465808651771 0.752598172892557 0.794070420790008 0.366329354639758
"cg27097542" 0.090396347961947 0.103152625680879 0.321383660998246 0.801011544103281 0.842156190072921 0.453983189939809
"cg23671196" 0.0820985397725262 0.0881070840220145 0.0990579447262524 0.7933231461729 0.84987426661776 0.731662734889415
"cg22742001" 0.0738216637648083 0.085871403739371 0.121562358014532 0.852189023108777 0.874118791034906 0.73850020726108
"cg09287328" 0.251693403081308 0.139360328368863 0.0927677935475879 0.928203757689312 0.943356471257958 0.791570729193306
"cg22193912" 0.0785464307717735 0.0579343994302633 0.264009446474669 0.742505134100709 0.799636884383799 0.32744451677293
"cg15935770" 0.0910187866518819 0.0837692363951365 0.12568837722416 0.866903187141827 0.897558128296872 0.789401053561572
"cg24401262" 0.0560519145401299 0.0645933531110921 0.118561552696533 0.792584637392819 0.840544149394445 0.606122295155435
"cg24448340" 0.0681661337350713 0.0832084622551524 0.125468677923282 0.859946331836271 0.89894885200472 0.789124286595463
"cg23249922" 0.20734175811395 0.0758934835770169 0.0522182531845427 0.908120874793336 0.956704238903949 0.848009706007561
"cg27582527" 0.85940483947116 0.84002949629085 0.834119756031712 0.821115431795384 0.680983897459138 0.0723491665187748
"cg12811871" 0.966267228140298 0.946967603189481 0.784613399327014 0.942322557925925 0.767420541280089 0.153117884339886
"cg25383568" 0.939169723435703 0.928886800169705 0.930084825410455 0.924750099128827 0.818907951898561 0.194493815527542
"cg13617280" 0.786961872874383 0.876597875839965 0.886822207010363 0.889342690460145 0.849945676717442 0.149581987340822
"cg06202778" 0.862834302091181 0.82135538357807 0.896491630853095 0.868590737626859 0.730744873803807 0.127820467971521
"cg05875239" 0.900008187334238 0.89087420079787 0.897943920615507 0.911549776984754 0.84178607203937 0.180528696955788
"cg06040872" 0.885344666082299 0.880763986966298 0.904727883252224 0.876357516667571 0.727701613734967 0.148707449672031
"cg02384859" 0.894161422841411 0.884472555228698 0.881802347662511 0.873425781051125 0.73508997475811 0.1510335753309
"cg15956469" 0.945380280280926 0.938917252066088 0.941214548521805 0.942738645937361 0.842535628089212 0.220231096622088
"cg05653887" 0.872940504781416 0.87491204848209 0.889376739805152 0.873229610644677 0.731392186125775 0.148458294933627
"cg19066520" 0.928745861447473 0.934131083087649 0.913487165302301 0.68508190386828 0.731461735715028 0.140783714910766
"cg07307830" 0.884202989309176 0.873924729204597 0.880904819105337 0.794810008087779 0.684460454098937 0.129986035016721
"cg01940139" 0.88569755492997 0.883529937250566 0.885518036178491 0.840977866346161 0.747667478669798 0.157250792290859
"cg21333217" 0.963021011611706 0.949668757586169 0.961112448101659 0.945226644043834 0.80599833700223 0.233898533733444
"cg00805874" 0.937481524782258 0.910847530543262 0.949733123557511 0.927496554801697 0.706178475979356 0.195958632597973
"cg27309871" 0.876920831923215 0.885574548302657 0.882941876637641 0.884006916454717 0.769852645656956 0.171150118386472
"cg21474838" 0.888169773394383 0.890273430797194 0.889348421884606 0.834560045543786 0.74608885490025 0.161955198649728
"cg21634628" 0.887374172525775 0.875724687466317 0.812498753176092 0.817638433356871 0.709323084396831 0.132846088521613
"cg03538296" 0.857472925309314 0.851760080157394 0.868012528437613 0.834949812906689 0.717875740018355 0.138132208525197
"cg02150910" 0.856074821077903 0.861483551142593 0.830244433940011 0.856836272246118 0.717422429155993 0.138113607677626
"cg20657709" 0.875902674433951 0.86875374338724 0.876249647765328 0.881462375908825 0.763618934778228 0.17131911466927
"cg12531611" 0.894429777727931 0.877188113316164 0.89513959689973 0.876778436973198 0.767702028522467 0.182170114885116
"cg18672716" 0.843246108305749 0.858417122004076 0.870569772729448 0.850787073862774 0.700573344455079 0.144920003070014
"cg24430034" 0.974685805324813 0.955340454344666 0.973495032396531 0.960185605919749 0.89770759724433 0.272786723722338
"cg19696012" 0.887124080459071 0.885672442835359 0.883692813880028 0.845587174778425 0.731334360454212 0.167961718069064
"cg26012482" 0.86943720494071 0.86172430143505 0.862250730523249 0.786532023601564 0.701916923176721 0.138702820877436
"cg16340422" 0.886227535825079 0.873590624845445 0.879520614450102 0.865097240132934 0.722261770002855 0.169069761401195
"cg14301562" 0.818513142506405 0.854305316026671 0.870766281780945 0.859675683589086 0.743336570698796 0.154120060499999
"cg26934362" 0.850120360138493 0.839013976481151 0.827500206425736 0.774953218420087 0.610480104588482 0.107082971729612
"cg13917614" 0.930725317999643 0.894465709355625 0.903103344593774 0.935023861090511 0.851651114309383 0.233840949802538
"cg11335172" 0.891694750729216 0.905173052340603 0.909187492042997 0.899940764706702 0.818324670625342 0.216692101537216
"cg26227465" 0.867546258491776 0.844892759386778 0.84665724208038 0.769915612167641 0.650218093514151 0.127933553429019
"cg10628126" 0.900397421165504 0.79992082904949 0.883492939448901 0.852782532311733 0.771971670855988 0.175145044421402
"cg15241779" 0.858004540945329 0.867675992669219 0.853300252174623 0.855923776894857 0.76903184494794 0.174652327117832
"cg03708221" 0.819040508887035 0.820890758200851 0.821903924139733 0.807411086972133 0.676794927149315 0.129530576132241
"cg22488278" 0.897080011097923 0.883366451172896 0.83401246903395 0.878460025467806 0.781121304632115 0.195612619504745
"cg13613174" 0.780480385353084 0.858826943938542 0.889290216026373 0.818894225743383 0.697484316938064 0.149836321935484
"cg13209388" 0.8534853598781 0.876549388686202 0.898276986358836 0.89658661460702 0.78293497373672 0.202681785666459
"cg00719568" 0.855298833328851 0.849821218657308 0.750808171282003 0.852069565301831 0.747558974704399 0.153457466472866
"cg13828440" 0.847514117599124 0.831383319697148 0.797210526504637 0.843254568735322 0.764272662306845 0.160412989130672
"cg14384416" 0.872185133228111 0.860613502098305 0.877490575653521 0.860262223481323 0.735985891127257 0.185514043348566
"cg20987610" 0.897340527321189 0.777284605897319 0.839573158005526 0.868426392738246 0.812565277554288 0.18408314799215
"cg14200211" 0.889881154150525 0.892659499833103 0.891190008231009 0.864980119928154 0.788081965842799 0.212157339296745
"cg18310515" 0.875059678779808 0.868810328944135 0.875024763725627 0.851567863164348 0.747671822906612 0.191947252204954
"cg05656688" 0.85700363441688 0.880335994337596 0.77342643602644 0.767224783462349 0.602018642575737 0.12586452230697
"cg18800235" 0.913967088996616 0.907145743822894 0.918211530621312 0.917723452894713 0.82793108995398 0.247473507846887
"cg12294633" 0.800905311287002 0.848833350268863 0.911880407645484 0.829317575616026 0.677429580862935 0.164420074154356
"cg10796068" 0.871690917353626 0.862421600434168 0.842061120611967 0.863529565682785 0.776324071367596 0.194034340147199
"cg11978441" 0.877273053544215 0.859502390806718 0.838023588219412 0.78809816837232 0.695111515649791 0.162904898260049
"cg26242064" 0.879476437448504 0.877823005850922 0.873373204961496 0.855714052061534 0.752675112453127 0.20158587744811
"cg26668919" 0.0712359255079048 0.0912311635042738 0.188815693801599 0.592986412878282 0.726389919653178 0.759349073955422
"cg17801864" 0.105111495280254 0.106382524828959 0.201783355313406 0.340667560217183 0.444576006377547 0.665008037892108
"cg07065759" 0.0616843543495993 0.0602624203510007 0.055596960352073 0.166383603636605 0.247641523473432 0.544366644532785
"cg05608790" 0.229589621611377 0.157992950445021 0.194396006778057 0.473390595703412 0.583798063903572 0.754697061832394
"cg22442430" 0.350730344684396 0.200808464740383 0.140061070120623 0.107360086010413 0.159000956579345 0.618641312554993
"cg11481582" 0.0667110817393561 0.0706896962037671 0.0492346750432041 0.420593556726737 0.486777439933999 0.646035042069674
"cg27122888" 0.0665519297622307 0.078193324790703 0.0957338418150809 0.0974785108578722 0.153504559955345 0.527914719483831
"cg11948905" 0.0675047852071186 0.0910334286460672 0.358435970499342 0.520522649197903 0.587209364666413 0.759882125168158
"cg14649507" 0.126746289998751 0.0990032690418958 0.21866163932515 0.572330472093406 0.56952666237931 0.75328524857805
"cg19090861" 0.0772016318810743 0.0848375146664048 0.137006678864924 0.207982444070199 0.227134646924502 0.58288849375015
"cg03677056" 0.136770665062418 0.145924908799246 0.198488943353179 0.735603988796885 0.779128909910833 0.836089750695355
"cg02417427" 0.268424765329733 0.482959335900837 0.209174297879592 0.382120564501535 0.391616153321334 0.787460588571055
"cg06832898" 0.0649543569906212 0.136868263852771 0.0959747927145615 0.19381593619108 0.356821829691812 0.610340392203613
"cg04887172" 0.104194365177252 0.113893279432907 0.152142068357981 0.501888998612494 0.565587799837995 0.729047130756553
"cg13318771" 0.103522025122074 0.0684327511821124 0.123205117861866 0.15118423560983 0.242865874756157 0.579907613713619
"cg07675477" 0.198922064100588 0.211062723075532 0.225192234019585 0.234942543748346 0.341849550396186 0.684630565545754
"cg08783514" 0.775762832438729 0.601929365304673 0.123452091470977 0.129601497083062 0.251928838026984 0.820662154548771
"cg25887844" 0.0976366483176653 0.174305146507555 0.411118570618919 0.214591406772299 0.280995440772552 0.684214111191644
"cg24315421" 0.06131239117674 0.0743885721272501 0.452323018007531 0.343205539492965 0.505226624877351 0.735974770914607
"cg11822932" 0.0685018836431714 0.0720037614704015 0.251306330760549 0.521145008269006 0.466807853286849 0.724653214754943
"cg26823762" 0.0601560488955504 0.0621976712811275 0.0820522972069941 0.25193597221256 0.443300055431628 0.629615452902964
"cg09747445" 0.543846485118457 0.523048908483337 0.260855111582072 0.267265068144754 0.31213876258025 0.831248204718662
"cg01447281" 0.0629962138952942 0.0778022976105362 0.140557857620408 0.071549771538041 0.165466123641679 0.555378451585937
"cg00423035" 0.0941346162227092 0.0994584940365869 0.143885704142125 0.481891400455975 0.648313361089019 0.747314458602841
"cg03837680" 0.0775595520799809 0.076745522721202 0.178766729561965 0.318335803544986 0.355094256396001 0.656628042478689
"cg17087974" 0.098595243117177 0.102048842992967 0.0917219868352954 0.584057192623269 0.661750692473931 0.764744552268628
"cg09958402" 0.0707989329881625 0.0641030165134067 0.0725089736106897 0.46676864691815 0.535892792695279 0.701446595133703
"cg21638533" 0.0886736792550376 0.103695683705236 0.863823499369112 0.346103718285376 0.406156130356877 0.824210427356318
"cg05756780" 0.14102568976677 0.103251176598544 0.416361871162296 0.288363140705285 0.532810079868046 0.765330678869495
"cg22589728" 0.188181094513766 0.184009716804628 0.20005960426757 0.25006236182668 0.322764657171696 0.702657564447114
"cg06398474" 0.193565371263795 0.248385692532684 0.15523595949549 0.179571437641398 0.308581908456236 0.691959252319075
"cg26348226" 0.10576724536685 0.0878357150141485 0.0659600053039236 0.306491358333165 0.44791518207998 0.67904173329434
"cg00761125" 0.214466117074557 0.179589455058043 0.197594089635801 0.276419267759595 0.520730887972789 0.756836715514841
"cg09101151" 0.163235109359578 0.162100815504277 0.0818334441480022 0.326474473492358 0.389525496020516 0.704882016269953
"cg17176894" 0.0861496423732385 0.0990747332010005 0.0866887667466801 0.173782215977996 0.295917257251313 0.629358759750123
"cg26971042" 0.153240470844797 0.145997596673525 0.0803046690273744 0.0919528669263838 0.154467790409227 0.606899476394691
"cg01700462" 0.0748430475958129 0.0834154354686785 0.189329658994283 0.442348488731666 0.531909439655686 0.754961509851475
"cg04790874" 0.158616725222632 0.167562912229626 0.0616455429085851 0.496509328070667 0.407142523871844 0.749099013969864
"cg13404688" 0.113918012180849 0.0902710113043114 0.215093553325826 0.530265364864616 0.632557079113007 0.810132933608672
"cg21232161" 0.120924690936898 0.212717941430011 0.110375987562572 0.411600666325437 0.478862596036224 0.76193384701532
"cg27218978" 0.0933636170540495 0.218091693115412 0.144292743772323 0.454878766826493 0.534745226158002 0.784688388635216
"cg25817701" 0.577024763971974 0.495464675799525 0.0468268110271753 0.406735343697345 0.369005415118234 0.874916885142787
"cg11173131" 0.0673218138868141 0.0717252293005976 0.143079524092087 0.373465391923422 0.47989649352445 0.737508490678491
"cg09001226" 0.104913145242409 0.109471206312602 0.266029466083175 0.392831023748404 0.405765524626148 0.790022732234051
"cg18881723" 0.0874649256151241 0.0806122792256492 0.0681679975965047 0.0710289901696261 0.168829626926989 0.639456150259483
"cg11358405" 0.0602653039020709 0.0585814331385467 0.06286864842288 0.354678954590202 0.416508290956335 0.739573976772779
"cg04179740" 0.0726131718656306 0.080388703735899 0.262501506679774 0.0762326717431117 0.185225475067799 0.686352151635997
"cg12273325" 0.142170521048516 0.069957435893255 0.0756810440532841 0.15196369286413 0.307551396620691 0.714430197473354
"cg06117093" 0.0847294386146763 0.0823794302313619 0.147209344071319 0.157973685299196 0.338465343811602 0.75628317849163
"cg17766305" 0.104847907999049 0.076952872131718 0.126812746472711 0.268001239966676 0.371680862338471 0.828497452628462
