"CD4" "CD8" "MO" "B" "NK" "GR"
"cg00366435" 0.0918921980412045 0.319466473085499 0.906376875680359 0.91363360145213 0.861102792706615 0.912375331251129
"cg07679948" 0.137491372430098 0.342775862567826 0.954767146622299 0.956693962047368 0.932472594444137 0.955671428911742
"cg01874152" 0.0891209796597994 0.433170590016618 0.894093781617486 0.837541194702819 0.810146014486156 0.894932237402929
"cg16452866" 0.116678311130412 0.192239003487728 0.95028491013764 0.951473026659831 0.916651423383633 0.953128992784122
"cg11848483" 0.0974924761999 0.193954950366298 0.910804555870122 0.891837408848501 0.893695733205069 0.914022954098621
"cg26166854" 0.124131902742691 0.532814746904697 0.88733234901054 0.874718945922698 0.682330629911017 0.881158721651843
"cg14477767" 0.177672481047242 0.714610909140443 0.879187450980873 0.845586814107254 0.793708685702641 0.868580943152436
"cg07015803" 0.147046116379865 0.221347940965856 0.937291020575433 0.939700002626107 0.903559735974474 0.940163120856061
"cg26852712" 0.118627023974894 0.350247222365083 0.890187816561524 0.833282414237846 0.80896380069858 0.910076762311404
"cg01154505" 0.175998799924172 0.479780872617801 0.94925663952054 0.745070322324563 0.944510334497116 0.955372513988852
"cg10837404" 0.223442409772438 0.662083714434589 0.910021487911653 0.90173104856448 0.90208560758778 0.90937661912862
"cg06915826" 0.0986824694898362 0.223452963003671 0.869666354910003 0.866210512619819 0.840933622821744 0.859234832406907
"cg11710595" 0.198664924594081 0.625368020576322 0.878228061513392 0.89422176016343 0.824868908882406 0.899089477820277
"cg10240150" 0.0963711803932608 0.245800618738496 0.851967993785222 0.876753287984588 0.780203862964915 0.854756523979693
"cg07970799" 0.198846627894667 0.549583821452026 0.930156022607086 0.914195937421846 0.773700365450488 0.927982350735254
"cg12353788" 0.129060806868142 0.333894103067449 0.849908203471409 0.870909165216459 0.836035457795834 0.859108464601307
"cg04712122" 0.0914204992909306 0.157581005745314 0.853826584875178 0.86700799025519 0.839150208147799 0.844331169345516
"cg03388043" 0.0885249451856526 0.0723523265842247 0.916941654044041 0.932721958488002 0.67357075350078 0.937869604285745
"cg24662823" 0.121836636650048 0.314366805811454 0.895841989174257 0.900280641406799 0.683755079385942 0.898726071386567
"cg05705140" 0.10085886105108 0.255963767787941 0.883526096900777 0.764663010519241 0.804275684268269 0.888652549805611
"cg25486399" 0.117602718184523 0.387426147858323 0.815381294327966 0.856957105159346 0.814669609142458 0.799045342385232
"cg19001909" 0.208091704628687 0.321642777947833 0.960261554948804 0.965879943889125 0.910547078818272 0.960250432216145
"cg23357533" 0.173783091359414 0.418300809165588 0.879264539578481 0.896903282375605 0.873512129885467 0.87464547149863
"cg00620024" 0.201585849877074 0.51995682381397 0.894526108483523 0.891520019135577 0.857330107477823 0.900457448991056
"cg22230912" 0.108421227876867 0.188992473859337 0.857880564990178 0.891364014145919 0.823193828426672 0.821913834801375
"cg13750061" 0.0935085845354617 0.0881337534258462 0.865388564970199 0.871998586851537 0.815757016966402 0.859188846071881
"cg05070273" 0.212654727095521 0.517757861131094 0.88882723988983 0.890898448547114 0.878962758449669 0.894801238631194
"cg01040649" 0.139954921697562 0.298872555509836 0.874253077182698 0.824413007492208 0.834783156916974 0.875562663360397
"cg08884752" 0.15966148096385 0.432023172710727 0.776223331916587 0.86660007541921 0.875496560693858 0.841163077564244
"cg25599673" 0.139211406289169 0.301560282715176 0.844319752215696 0.840498087728212 0.849184943005403 0.861379022165748
"cg09526469" 0.108203056323437 0.356903997022186 0.857440757521801 0.687548127348335 0.775347191888243 0.863519408707527
"cg07545925" 0.0667621939420334 0.0564885789205262 0.87799677667127 0.858227433902574 0.674368008265129 0.863758868511516
"cg14522718" 0.127167422171288 0.149842177707137 0.929232500916012 0.933529294726165 0.69536500099381 0.915982886690694
"cg18735089" 0.136811555055209 0.158162931517867 0.895343200012953 0.894091696018964 0.815112284696839 0.906983675162289
"cg01490728" 0.120662337534819 0.297228161735485 0.820334388975522 0.826774752487009 0.812658170791571 0.826085621712378
"cg24841244" 0.0943024991453719 0.0808196581857085 0.874648039393365 0.886824861893959 0.728424294034969 0.879360412672846
"cg18758433" 0.11427506574514 0.209553006077039 0.85573285015563 0.893202211633469 0.685808201347428 0.896041563933017
"cg08338281" 0.107288651571677 0.110878280774519 0.876575260865377 0.814318001897313 0.792574769588039 0.901993785002502
"cg09016797" 0.179964623787917 0.43003664993641 0.860239341926448 0.876703260109971 0.831155472535122 0.850566718892511
"cg08280368" 0.119974077999056 0.212898594092026 0.877687012926952 0.766819222138275 0.833956095226057 0.866276111775267
"cg13651908" 0.133099344591701 0.325806240335737 0.839389333732658 0.859619329430824 0.746771723877842 0.838968715103959
"cg00440980" 0.118287608992858 0.319258143527102 0.775854530031518 0.859965881245024 0.696424637327268 0.871278663913219
"cg26400113" 0.103819981515595 0.123125462619639 0.866756017760249 0.848405877680184 0.780397552492439 0.847819879280642
"cg18650518" 0.105692825554789 0.140176004663195 0.898994798150472 0.879594165874015 0.646119056500367 0.901455015147569
"cg16775598" 0.145781709664153 0.219251024690475 0.871341741105459 0.877892465164296 0.833155217743985 0.866980264879405
"cg17991206" 0.139736480439017 0.355816613567494 0.857134000333482 0.805140678926874 0.763626790147224 0.848942822617191
"cg23896695" 0.117458456139472 0.182318167034476 0.868264839166196 0.823155658925631 0.807891687270712 0.837316075947379
"cg21747310" 0.152358693630639 0.438096228857413 0.808177473167841 0.835820148403081 0.765966712786323 0.82698365995116
"cg06164961" 0.0849043823156225 0.0685929830207319 0.880821467838361 0.892165169169449 0.615542505263499 0.881787736651072
"cg05074138" 0.172728560614006 0.401249702087419 0.851223724385591 0.853236023250497 0.823347614238154 0.843518133089879
"cg25394505" 0.734593721630603 0.681370523655497 0.131387995938192 0.206358737727007 0.134131307974002 0.164501309016322
"cg23582982" 0.822378812310613 0.85509605261875 0.105589449018606 0.294857765422163 0.397682808269239 0.102531145589147
"cg02386311" 0.784225894026238 0.71677717408804 0.0900075883407922 0.0557349782133553 0.595349318953091 0.116291699464005
"cg14134003" 0.627939944062024 0.409419550887575 0.0452115717597233 0.21643047567864 0.0550519713555192 0.0427683332311873
"cg23379806" 0.730142005279172 0.731884276134578 0.0625391276544111 0.0620676459258855 0.362796492460138 0.0651650752395333
"cg04244970" 0.743777715189658 0.590652286120346 0.0584598404076846 0.52252391876083 0.0945469662711245 0.0605940807847528
"cg27485845" 0.787158111296539 0.564110649332179 0.107782728003988 0.308426333684744 0.0989042959708408 0.437515435788676
"cg19548859" 0.813073641021347 0.786901442358902 0.0552714153852609 0.0848162600622624 0.371505828841265 0.356947933259915
"cg22018086" 0.755976779700275 0.621289913799735 0.147403046095414 0.242628762441705 0.310253356717189 0.0779758417244232
"cg04905719" 0.645872926912917 0.635693898863385 0.0320390690402598 0.0441457171540715 0.0879806580275106 0.0354450494912949
"cg21400549" 0.716553650954399 0.398346016284266 0.0706269432947621 0.507791490079478 0.0923073710865805 0.109621731370332
"cg01233897" 0.706157865522833 0.679075703866798 0.0704319656992105 0.0559018897326397 0.257804096791414 0.0742848131116453
"cg06760238" 0.795815184226422 0.738644352500757 0.0781086758423116 0.527683229010056 0.141528775986674 0.0804054452638012
"cg23570245" 0.694326368888376 0.66739777112556 0.0812440387867781 0.0868794910394482 0.155900474291113 0.0792318631878646
"cg26501007" 0.765804666047981 0.685367957418714 0.110513851952396 0.112866231159866 0.114336401818311 0.373909608621981
"cg20281375" 0.751982653379009 0.725964434988779 0.0657443571947502 0.15469004105487 0.352393473156012 0.061571014335677
"cg09037630" 0.645521760631687 0.612674230596508 0.0470814448491604 0.0429255867713614 0.0582723349195887 0.0591799412421289
"cg01231183" 0.776998282007655 0.726467879394105 0.138210260855686 0.0796814894086435 0.415451845533059 0.120635883072018
"cg10099758" 0.685447765586625 0.583414573522134 0.0747173666936384 0.101455452385093 0.0780935594637107 0.16312842135355
"cg21360910" 0.709729824362239 0.581877675706303 0.123100282263128 0.0805966259355461 0.222214611341429 0.118082496506785
"cg25031824" 0.813047201941745 0.812275955217327 0.0767881423843124 0.17585418674465 0.483769144777678 0.0928923103270358
"cg04642300" 0.658663865977683 0.6089340779558 0.04983143964878 0.0969765548608493 0.0510040475463343 0.0483119978682415
"cg07598385" 0.674736291629287 0.512123324915187 0.0727874513474685 0.194414866707821 0.0887266166227436 0.0678304314066362
"cg16261114" 0.834394190873687 0.831781251350021 0.0947253883854827 0.22413914144285 0.502467354773424 0.0827919479134272
"cg16602097" 0.770419880120195 0.717270258745452 0.0666614933735823 0.112461279687432 0.432256288932593 0.0811294423866452
"cg05228359" 0.716544710385619 0.68595215243 0.0425736422970589 0.0466666696034682 0.314358290298717 0.0390931596482243
"cg19369955" 0.758301369579291 0.76022250343382 0.0726539867727354 0.136253645705461 0.285295323157665 0.0721037860986554
"cg07837085" 0.758772088768457 0.623143396048466 0.0790777770097303 0.437080929145655 0.106465569001528 0.0711702925070373
"cg09662852" 0.67557990426474 0.600214301337675 0.0576482589514842 0.110395942416009 0.074311391859392 0.0576654772406214
"cg25025181" 0.771629408352012 0.817020445134912 0.0472066793769813 0.185116595493362 0.274570309289779 0.0495776322543336
"cg09169413" 0.802986056587016 0.80455000175283 0.0739716454741227 0.0767212874241659 0.429782986290251 0.147848760841602
"cg26402417" 0.871855008576573 0.887441039091419 0.0900427331630744 0.164398490819106 0.604922964115625 0.12131110521228
"cg16922167" 0.809597608204477 0.792938385067802 0.112586315040538 0.209788391774915 0.313365645418786 0.109376194013785
"cg06650256" 0.861912443987213 0.795543035062761 0.0658442803647169 0.536953255203309 0.293351127196867 0.0841460635953215
"cg27058988" 0.670107204310146 0.500544700032458 0.0362243902613682 0.0378541063940965 0.222067394934012 0.0358966862243293
"cg04742550" 0.699448329682036 0.324826951094823 0.0369554315411032 0.512594093215493 0.0403627639454691 0.0297207521110997
"cg27027151" 0.686341569192114 0.375678038046016 0.162679400926271 0.0557866170598239 0.131120560273797 0.166535106546442
"cg16097858" 0.738869727054788 0.725789401421267 0.0649883649008796 0.0683992976917058 0.202869826875198 0.0686302832376562
"cg19628988" 0.751624112448052 0.679892657952256 0.0566625126434395 0.246728135288026 0.107963774209965 0.0814835681323056
"cg26923863" 0.822530830924951 0.708083760719191 0.0523481424184958 0.559056120299861 0.128060324186952 0.0562474625203694
"cg25978218" 0.751837026843833 0.687387022127001 0.0861640955086911 0.25342692325933 0.0510289472913529 0.0595392505309472
"cg09885622" 0.843702189532405 0.768335784632501 0.117830585388492 0.339097737466689 0.110854271362276 0.23073985215408
"cg11787160" 0.849713314834961 0.850250568972216 0.148980754822639 0.168017755701442 0.286294281622283 0.152175599373873
"cg12465678" 0.854531478348736 0.751491228851721 0.0821441966475643 0.564709590902721 0.0957851963016452 0.0804876849971341
"cg13448978" 0.797646146456183 0.755942333406955 0.0543630720611204 0.114751248764424 0.263406453812334 0.0619923859672773
"cg25729350" 0.717593803486876 0.54996673733862 0.0530295262731451 0.0622031284454937 0.119263550915039 0.0647563093580137
"cg13468685" 0.803033416402077 0.743211981771232 0.0630054963976543 0.277222259900073 0.10946913254609 0.0653765863435039
"cg20455854" 0.774137145979461 0.656039329730692 0.078153221383321 0.134859352255121 0.142311161150214 0.0924877966400717
"cg02380585" 0.744193515282487 0.714319731248198 0.034219713016016 0.0311407656249707 0.0754615726354983 0.0382098869176439
"cg07785552" 0.766830682201994 0.621184718806127 0.0743123454009164 0.0688477334503198 0.146744245779328 0.0799621857965047
"cg00219921" 0.768728070711383 0.135159333129739 0.87400674681702 0.876740497003472 0.815478442321625 0.881228697287689
"cg25939861" 0.689709142714766 0.077934885726743 0.834956776362933 0.86377436350639 0.581606076643856 0.856565888515149
"cg18174654" 0.78905361550442 0.200999329342425 0.83419383042558 0.862277294158075 0.845310555185932 0.858708258544801
"cg08777095" 0.369966432734261 0.129923977505103 0.903548069590882 0.908426699243717 0.712370962958267 0.911202968486848
"cg11531557" 0.64810263444823 0.194346351656084 0.865636806918811 0.876629719071938 0.769593744553903 0.869712844902908
"cg25535316" 0.591629174318394 0.160366396795708 0.835761724774454 0.823273981861495 0.750681620887062 0.835712136206025
"cg22512531" 0.338306771948112 0.0642053830322854 0.882520898042389 0.873645113249223 0.32443044020403 0.879270807540106
"cg10977115" 0.321388355162239 0.0787732169542254 0.885638412659009 0.896158549415182 0.359518018676733 0.886797067397951
"cg02324835" 0.435551000835193 0.152960455566524 0.845971770523604 0.856342051818455 0.7085796386542 0.863690300222405
"cg12655059" 0.337801649073353 0.154515969626655 0.862965355071484 0.843402492683788 0.806851755125216 0.861799388370463
"cg06419846" 0.882650080051059 0.345725858795672 0.945691015955915 0.950631767030367 0.915620123796498 0.940990446178388
"cg11210357" 0.115237485605973 0.10313768730078 0.865535116488203 0.84384563452272 0.7339315131386 0.861701341458368
"cg24612198" 0.127558218626736 0.131073202850369 0.891861879672365 0.894057559717487 0.716565520279498 0.893402687860607
"cg10111816" 0.091890509530384 0.092744147427539 0.83420231632405 0.82537519669982 0.76127179833915 0.818166593819316
"cg07728874" 0.113848810095677 0.100401553171959 0.848931315364617 0.856331655044846 0.684397334083532 0.843780655092255
"cg11067179" 0.803551992157448 0.272873116934642 0.873207624555375 0.810865107917506 0.842157807041593 0.866160251141116
"cg16596052" 0.646400029850066 0.307434990292154 0.944201475590899 0.898692501840053 0.929587513514377 0.934213322956906
"cg26033526" 0.179533902577857 0.0670047130590203 0.838090021320741 0.710982734621664 0.565753756662129 0.854609533625729
"cg03030267" 0.416814413637656 0.142398341092495 0.871043351743791 0.846007065706664 0.511774270879926 0.868023409159636
"cg24441810" 0.0934206145574594 0.104292448680499 0.861087775833175 0.768520710346189 0.75504592914772 0.8645824052475
"cg15392364" 0.0692525042976735 0.0542807093358865 0.869608592662636 0.788925839611574 0.485601811286807 0.86697156660766
"cg26137915" 0.0959520105092942 0.0780334486706395 0.855692240736598 0.859541158511538 0.512058829089105 0.865340990623115
"cg27111890" 0.140319237993069 0.1325166271337 0.862102774022312 0.857838103390164 0.762671191004437 0.848380391154536
"cg27470208" 0.103125437783822 0.0568725408648525 0.85450123925153 0.858391584024213 0.386658992654925 0.869791773382678
"cg08450017" 0.116487013108793 0.0729640090375219 0.905792627273621 0.903676633339237 0.313684504465041 0.910123155925681
"cg14094409" 0.370289549758892 0.0964083479949138 0.937893447830893 0.825563336210925 0.189399603146747 0.934234274920062
"cg07930673" 0.0977624527181222 0.112364492576955 0.848783873691527 0.858553145035178 0.693808262002898 0.857104462827957
"cg09232358" 0.212942696714153 0.15595713901373 0.830394660751071 0.877809470944379 0.790593083000859 0.856154205456647
"cg01002223" 0.797880636112129 0.341106105668659 0.917826652783083 0.928606805658591 0.910943348395034 0.923333267703742
"cg24150662" 0.208330956464091 0.174906158743412 0.930103288904063 0.913324047948607 0.676434356648699 0.927062036202198
"cg06110802" 0.217592502674816 0.148232352307436 0.828933083313872 0.821477257268197 0.812809392950323 0.845038241670502
"cg26518932" 0.254063883878214 0.152716343285499 0.879240219696712 0.882777310308981 0.657264709425048 0.866531435372397
"cg02598071" 0.447842024885915 0.214835582558542 0.841865011289247 0.874449114535615 0.832185807417011 0.852736347604336
"cg03318654" 0.705493805997264 0.15678596953872 0.711024333222425 0.716498797202272 0.687060488717033 0.72003558207511
"cg04403423" 0.147958828025657 0.0961953656127107 0.838708859260201 0.741862823085626 0.677754529852935 0.842616233085291
"cg04759756" 0.382596983269406 0.192956157279477 0.893477046673247 0.889701213116468 0.670165700753563 0.885926582536539
"cg25643644" 0.0840061886602416 0.0723029778524834 0.838954215173616 0.846492118985879 0.4951209330764 0.845739490201585
"cg27316811" 0.470614285172539 0.288410032650961 0.940414227868025 0.931926386806133 0.883396473468403 0.961263745353433
"cg07016730" 0.694149656768959 0.238411657601363 0.845297252998987 0.796085205079109 0.743167731804184 0.847725756694556
"cg26681770" 0.621110346518813 0.656553585845842 0.0497526860487136 0.110390641673948 0.101687309530295 0.0549842034371467
"cg09914404" 0.684712624674137 0.735584610182473 0.0997151061947746 0.307374276002484 0.154538183987009 0.0810224747361455
"cg07280097" 0.725510488464739 0.749893848286556 0.0823503056725422 0.0775014647279672 0.466149261804687 0.0604637338817141
"cg12183501" 0.74875147733815 0.776965600404409 0.0841140270724891 0.33592121856417 0.272009177716369 0.088042710117085
"cg25578781" 0.688104966015281 0.761160208419842 0.0612323236051354 0.0988323816442253 0.556334406294847 0.0626962813744153
"cg22948808" 0.622291484634971 0.815930501705655 0.0981831184461073 0.247049816534172 0.52370755178181 0.227323626977042
"cg12774429" 0.770252579245498 0.794524605717453 0.0760664603458689 0.0783774267648754 0.601522307205047 0.0887067901501879
"cg13703437" 0.780745439965924 0.817970286313113 0.0628993103174283 0.322134387450862 0.49118523254866 0.0640145957904911
"cg08131309" 0.660643034446238 0.789990575458044 0.0606614840475242 0.173594443103697 0.619354756836009 0.064967926493707
"cg21340621" 0.576490708404161 0.750640837713304 0.0647022732293703 0.274872643237487 0.356607415329185 0.0887701493927782
"cg00159523" 0.778100677919286 0.852223475294489 0.188146898655491 0.190783705576511 0.515426081690483 0.199122735517439
"cg09989037" 0.807987019012792 0.827974504065373 0.0694187583006233 0.10154231898572 0.523796370255555 0.232889517222494
"cg27531366" 0.771324585951657 0.824292590240061 0.0620985577578581 0.163351444863711 0.62057479578205 0.112026868640975
"cg09832245" 0.755949711856004 0.780517118155732 0.0743315582831952 0.0618671312299491 0.556334013382237 0.0681220654524012
"cg08243626" 0.676904001589412 0.788696792461191 0.0553896847087373 0.239151060230075 0.523176776654214 0.0568906025485858
"cg13854219" 0.756952648460407 0.788648763425683 0.0437785491541541 0.157798034358509 0.509831771993416 0.0698701684000999
"cg16403565" 0.696355329576688 0.743950832753448 0.0553662525185949 0.0552514719468207 0.43518873233297 0.0608906383677655
"cg12118504" 0.603250455801558 0.736404329613634 0.0672348288536132 0.0767582356595216 0.44002596267496 0.0778594569932552
"cg27307183" 0.767865142657701 0.782709738643065 0.0527385665369357 0.0889042246358139 0.522244480185373 0.0627329688870353
"cg07671644" 0.56563281502596 0.76196037951007 0.0514101935633621 0.0709558767862321 0.658196121837677 0.0510584443736797
"cg17329534" 0.109821144638567 0.732553187798825 0.0686394329484851 0.634680065231009 0.348840815000509 0.0619021719447605
"cg03664994" 0.774042358242134 0.809695823635775 0.0515632934256814 0.120648480594192 0.601064704923121 0.0645394780870259
"cg18522931" 0.750353941415911 0.810619116370191 0.0656463658635176 0.0703285824860843 0.655719113670704 0.0717691812938735
"cg20545410" 0.758324726352541 0.800266742598428 0.0756380701729705 0.0601846956610541 0.307178923195659 0.290788875439689
"cg16824282" 0.83698385434378 0.856711970808087 0.0967328496947744 0.123482910743458 0.671131630874952 0.0754947989547255
"cg09145126" 0.733083002027754 0.80677288446737 0.0616834222633084 0.0814421691271985 0.609858286089567 0.0653091124487789
"cg07799277" 0.662872596800577 0.779564865020482 0.0697305383208054 0.11283642917921 0.48743248778988 0.0738766619408531
"cg20048655" 0.615759094213168 0.784693925837649 0.0691517047672418 0.0716965582777701 0.599664531902015 0.0696389861222011
"cg20071624" 0.782287262937552 0.857393612074625 0.0895782713637401 0.106733403253648 0.698184118408861 0.108388610432026
"cg01543184" 0.813929922417318 0.859344112061853 0.117306041261374 0.331281725738595 0.375314701258616 0.129937165851513
"cg27097542" 0.801840301638681 0.841618977793969 0.0792161668246908 0.307618589430148 0.409136697329492 0.0763939203505325
"cg24902461" 0.705834484766058 0.786223472451666 0.0746598854524569 0.0874829392701318 0.447924973196402 0.070444890233746
"cg16563370" 0.722821360050523 0.768251041682596 0.111374512555426 0.161577697135875 0.163684037221013 0.0973994044584359
"cg24401262" 0.788329551961971 0.826360006314544 0.0414633154176804 0.0728624779415705 0.561163183605994 0.0446117922349783
"cg25711558" 0.685147745352468 0.750495655562467 0.0429080952801847 0.0512675359149076 0.239352804012657 0.0477808885874344
"cg22193912" 0.717306335307492 0.8025310177194 0.0498600107693204 0.208957822163449 0.24336062049786 0.0671572481969893
"cg26872907" 0.894772782514223 0.936490328927645 0.079489144358096 0.928765338076821 0.889363014979603 0.915410504668794
"cg23244761" 0.939995012457539 0.969217458398548 0.122999211499981 0.961180080738686 0.934704491483625 0.955812135417795
"cg10480329" 0.897081991161683 0.918216937340783 0.119158741153371 0.907444940271057 0.896219760990761 0.847219766571055
"cg18066690" 0.89139750270768 0.910849743114475 0.133277745169094 0.898363460415677 0.891949612001886 0.891936655801915
"cg12655112" 0.905823673082422 0.945680886725576 0.114738995483337 0.872998908047132 0.913660220402743 0.69172001702939
"cg20610950" 0.891520357610078 0.910772010763359 0.0897011758711223 0.909803784447491 0.888671165268555 0.601832903041222
"cg05923857" 0.771488630163292 0.901749678261637 0.110707958650979 0.867286521079948 0.866670002297093 0.809040954409252
"cg10278149" 0.867984436670214 0.891326216475283 0.0944519199892289 0.837228835980578 0.859072578738569 0.674872600631015
"cg16636767" 0.866194381416882 0.879612719861127 0.137262955836453 0.860052807800988 0.862878951467942 0.857877113870749
"cg18990407" 0.917308288065254 0.947686337847258 0.15111512803673 0.856647992877962 0.903804118442073 0.777697455417428
"cg12422199" 0.83455906126606 0.864820283497983 0.0867659533436141 0.732078033460601 0.776715255125904 0.847595409387193
"cg24788483" 0.849812760300383 0.939643852103201 0.165046697083827 0.889415694110219 0.898395898450647 0.867009887543444
"cg11597902" 0.917609484778058 0.962599586224445 0.0605565552400572 0.932079598990821 0.879517825821467 0.263845496953913
"cg08908131" 0.83598221211875 0.838721281966018 0.102361289736469 0.836209500432873 0.798391232499916 0.81315339226915
"cg03339817" 0.954405292636188 0.967255877211041 0.211542561976036 0.856891590286074 0.938233870914005 0.951530174399221
"cg23391288" 0.883739350399309 0.910599848082008 0.173562737421614 0.887515010113935 0.884905721408995 0.902761293785278
"cg20559385" 0.776319503811022 0.782312208334345 0.0735561292443234 0.803998120254511 0.794539057438111 0.810703614056013
"cg01476222" 0.871661221097964 0.854346138207715 0.12003645132076 0.80319857941909 0.806287489555269 0.850187136735489
"cg23146741" 0.812318752459204 0.82787495452194 0.0801847067440559 0.786608527978645 0.794992300483943 0.759152127431685
"cg10499974" 0.881732700356908 0.917573061734479 0.0695615084977007 0.856882129947396 0.863445828833141 0.428887318182525
"cg04468741" 0.821824120700495 0.872249393055591 0.131491766720515 0.881046594913661 0.851161060721428 0.804535159550427
"cg09220326" 0.874685037071428 0.896159127453141 0.0918514767582934 0.881495509404177 0.862342201818419 0.529434771817951
"cg02244028" 0.874050393775037 0.883650677591137 0.151347584544519 0.883667417044666 0.85877483854017 0.818415030496989
"cg14109551" 0.872385031723708 0.891805434296149 0.139702171343934 0.895534677237779 0.863910263401329 0.738065036983909
"cg07002540" 0.820612004405221 0.879619079957341 0.105164536608913 0.880149197969893 0.798004810348564 0.706027113088826
"cg10624395" 0.880535802376138 0.904932875044846 0.181144348392905 0.895646974366664 0.875793828459225 0.898042179952607
"cg22675702" 0.827280309747026 0.847950425706886 0.120014582094623 0.834907732939724 0.822867640369219 0.807028348011555
"cg04478930" 0.896889176004706 0.912349889495315 0.156686928620673 0.880153735157788 0.876968732368025 0.747526493401342
"cg02780988" 0.82350134190232 0.841330050855728 0.117173455675408 0.803114631192212 0.791354540118224 0.823352247707552
"cg27366072" 0.87915939939864 0.889728129524564 0.130922568871642 0.828267231216317 0.850881534437297 0.712025897632443
"cg09322573" 0.859333111653624 0.877145276100005 0.108823761988044 0.831372872959227 0.84561175322268 0.635335597770924
"cg19835973" 0.87721221092777 0.906272570001297 0.200718652098702 0.929768914696156 0.869393664360458 0.907005951084366
"cg20641531" 0.889652469832572 0.903019808735595 0.160013548518563 0.887249555368334 0.876153939828976 0.735336726694905
"cg24365417" 0.83478314375536 0.855622321577285 0.11773636157287 0.850322678585319 0.786056193932062 0.743562241838492
"cg26538782" 0.847115039812956 0.852251721958319 0.130304016007716 0.763101266451955 0.844858597235865 0.822963855114613
"cg00101629" 0.868473931853522 0.877589412404608 0.151509349481069 0.834571612083055 0.861333923094192 0.790512075060386
"cg16429499" 0.851630778584835 0.886705428683799 0.0867357350615126 0.47617391421131 0.834813461166952 0.849235895704773
"cg24954967" 0.861501489730636 0.835568910703517 0.0827238264468038 0.653715923442917 0.781999513256779 0.748737265053254
"cg18770149" 0.839003720728306 0.85299616118193 0.150318674716681 0.873234745595773 0.815675855112707 0.834961124225714
"cg18835472" 0.812956030907513 0.865394934914476 0.100489631916441 0.811027221203993 0.822626645586919 0.665855147349866
"cg08694574" 0.874483591037024 0.900471847175382 0.146711494560206 0.881169123866721 0.870687681057736 0.674577646010687
"cg26326621" 0.859347562344324 0.899013423002483 0.171440308901021 0.878179500210126 0.838555849952183 0.831318935378904
"cg25898577" 0.883729649435156 0.895522595236274 0.161767314277684 0.906771234579197 0.840705753558993 0.732723530449149
"cg00288598" 0.80330187559203 0.912005038946515 0.166686149666132 0.940440097685427 0.908168587448677 0.725134439097106
"cg06297318" 0.810679499972748 0.831663398189672 0.117310698052364 0.791127909103223 0.826192044958274 0.76670119942237
"cg26690127" 0.825326642852597 0.88387240131023 0.113379393051259 0.719569544117849 0.867254315196499 0.711941659916481
"cg27059140" 0.872804701511209 0.883343978918786 0.0813927940038821 0.879254041204746 0.841786267237183 0.387794779731283
"cg03533256" 0.789687331860094 0.796106066774287 0.082486228881484 0.829430297153469 0.776887988088189 0.643578086750815
"cg05669832" 0.84472367115802 0.901964400267812 0.151275256284517 0.709252473062263 0.870640712954404 0.844470917766924
"cg13290254" 0.896845391597238 0.917616201167381 0.201618640963847 0.880831650959453 0.892711514345131 0.834753588710229
"cg22898082" 0.111000587693733 0.0600687448697726 0.783956675219239 0.442035733179168 0.169972834726752 0.671597588154649
"cg03728799" 0.102374492457302 0.105144395140913 0.778413567133081 0.130976144749587 0.265556167728165 0.81653848996338
"cg05052463" 0.241106058379466 0.180372328014856 0.818377269385701 0.079676829025358 0.306326456648835 0.814047660853362
"cg20171453" 0.138285123537487 0.0962185488508288 0.807366266113296 0.12942771572916 0.460612472208272 0.746880507144741
"cg11586857" 0.181082702776527 0.146170326427093 0.849000797036563 0.259890849602318 0.326675527276714 0.848150665036775
"cg08622666" 0.293135166426023 0.129791975670258 0.806394948161283 0.123219290278323 0.121073091356762 0.832730881241084
"cg23679819" 0.0720465549693147 0.059187547372338 0.782894783455402 0.3552347378315 0.205282765689773 0.700147681287867
"cg20055861" 0.181345910752699 0.163648394207099 0.819949663654861 0.0544925837846105 0.331128035646502 0.839632955787763
"cg12603453" 0.146429900016249 0.0968478696887069 0.810006733040853 0.828138831427209 0.126391954410108 0.341787944465717
"cg17161520" 0.0910403710410331 0.0642312109440706 0.748813272294684 0.0651891747027371 0.181366614291109 0.802399658348482
"cg14364797" 0.123814971266042 0.0452259014203941 0.728855933823031 0.643766242190453 0.0668079351385354 0.251929407973189
"cg03916225" 0.0961919510157115 0.0668896786234284 0.788160043561702 0.335152500185636 0.109029351192214 0.783269939959491
"cg01849093" 0.25597755165677 0.195567123547787 0.836389971267921 0.224705120757823 0.155189526856156 0.802023911306982
"cg09621572" 0.0877503010740652 0.0662072690107001 0.714979066271078 0.0692668594499606 0.121794958662909 0.676524992590875
"cg23007665" 0.077402243760441 0.0535854977897019 0.699112592550286 0.0806685023315398 0.0880674757564431 0.636864913173414
"cg09736959" 0.119615996327128 0.0724706233449713 0.762408147545655 0.0947718642299605 0.200996134183786 0.758548639707062
"cg25050392" 0.102425593943379 0.0796097084778804 0.820848503640752 0.373107663296394 0.138240973260303 0.833931814714804
"cg06208288" 0.22915297399173 0.183410391964916 0.90307974351032 0.484304706844564 0.140613738332442 0.896713669502732
"cg02879423" 0.129710771185338 0.102607895673977 0.745994097076398 0.782566345260965 0.102872717887719 0.0756314337609021
"cg07706695" 0.0629200676825508 0.036666216858629 0.756119775675144 0.196778091297874 0.0989666929747691 0.785625097750372
"cg23213217" 0.12323049145965 0.0916645656383468 0.77839785919754 0.525625176905549 0.437926981269866 0.170744030068105
"cg27027055" 0.121305953883225 0.0522864378648922 0.845244522019814 0.439054665762801 0.170783148802002 0.837633322901288
"cg21830221" 0.107787367575186 0.0792547236734337 0.752056814024074 0.0814199123531705 0.116785680123144 0.761590826179053
"cg03961551" 0.119989471387423 0.0751116337891072 0.80359992140806 0.281641156463805 0.127856671583732 0.790581713617951
"cg19510565" 0.0847414043188382 0.0471265275714812 0.779340617891351 0.251710998552698 0.103263745401409 0.783537735253063
"cg24216966" 0.192824342304881 0.153300931424958 0.87167885596349 0.230775291763507 0.289755973657908 0.866103105881104
"cg24957609" 0.143103016727192 0.0797597193075486 0.758883347253645 0.324279070250537 0.109952808244933 0.499611404419698
"cg17078393" 0.160126058610774 0.103671569852524 0.842898104005653 0.114116162052679 0.333482451232573 0.843054900401605
"cg13554018" 0.173271092363106 0.0947442710313322 0.779692655041598 0.0641249603951318 0.102119687077834 0.766109580733368
"cg14165142" 0.0914577183280083 0.0596368916146706 0.829274653904358 0.254833243009879 0.216973116784804 0.822095776666802
"cg26348243" 0.10913350543859 0.106304439799478 0.906239323081487 0.221298761297185 0.490124822191426 0.914321245912612
"cg21577598" 0.0647365815405367 0.0420456161930462 0.817138570986917 0.291716530564858 0.179624476203967 0.800898016991719
"cg17587997" 0.340924750221547 0.216600346492508 0.868175811897077 0.101247785050068 0.0925859784795564 0.870485487202916
"cg20805133" 0.0707517987830397 0.0480712960256952 0.822250048404051 0.170378017615289 0.245355870438855 0.85665621323822
"cg19097880" 0.0744888010151473 0.0448820688837365 0.743898944304978 0.0593437341685411 0.0824259021801844 0.730447237231164
"cg10639435" 0.111257845616013 0.0913219174423914 0.801384872825478 0.531327588852636 0.0892510975836274 0.472989046857226
"cg11316887" 0.13970983979347 0.0650482238935422 0.797746500142912 0.0890667154252469 0.100316235100026 0.857770794298462
"cg00446123" 0.0937617322879128 0.063778212909596 0.825106228973343 0.204909575639952 0.101245016495282 0.895427276317366
"cg18148314" 0.0953123607058841 0.050643869085796 0.817438635347584 0.231756520841384 0.102124277330697 0.843492832489481
"cg12609063" 0.080762939859023 0.0530951528803068 0.794123644803779 0.369569015549445 0.0836418392806535 0.62007244953446
"cg04722215" 0.117491579182108 0.0866111869605985 0.860702223881796 0.364551491711001 0.135975426617627 0.786331623782072
"cg21999229" 0.105872058624033 0.0634163467158325 0.798251139634461 0.0743917128302378 0.147383381125688 0.766098010254002
"cg08169020" 0.077822867265074 0.0652181929853862 0.893328791158834 0.429052618877552 0.161487201435525 0.889237926655727
"cg21359303" 0.0977700429960566 0.073872115589694 0.893214369492646 0.359059857482461 0.171314239477267 0.898243507032712
"cg16219283" 0.154275176025476 0.122968184517717 0.872117330913507 0.126179428902525 0.22474031544553 0.86432449818713
"cg14437551" 0.0763145076094266 0.0525088528042893 0.795208317435136 0.0585654969628828 0.0979444408086167 0.77466545128982
"cg14441276" 0.0861119959484178 0.0619371662365418 0.815958699401876 0.0595253210322128 0.121559873924831 0.80818016425977
"cg17169196" 0.131786772950281 0.0944594462282647 0.879088766227947 0.0963234968878604 0.21642012798099 0.878899108184979
"cg14597739" 0.110358654558062 0.0711525163258801 0.861322447131953 0.0727458820481141 0.169387241018541 0.852022171381468
"cg03795574" 0.0735473454017002 0.0777597635188485 0.732335249564064 0.0674989599599424 0.31250228690304 0.0818037975714815
"cg17768768" 0.955268318226815 0.958899117983407 0.944293862692083 0.0988572765428886 0.956797622240906 0.956798434398137
"cg25131632" 0.937641904655603 0.926443129496393 0.942254352143484 0.0908576481482767 0.934366167441409 0.945048575307335
"cg16210395" 0.905540075658249 0.892653143262348 0.899829103763949 0.0673121520466313 0.889157941107532 0.909527804730367
"cg01024458" 0.884042547854351 0.895786492735373 0.909163648228204 0.0702122838524202 0.860359478624694 0.919845342282293
"cg13738327" 0.958502263741408 0.953127142536828 0.956378310950153 0.127288645448055 0.918572676580232 0.964038572641029
"cg19276014" 0.966713082412392 0.963752702939702 0.964611814777882 0.146093137445775 0.964069101304102 0.975043088055754
"cg02212339" 0.922987516935339 0.919232204826044 0.950149381953318 0.123719741273972 0.945777244076682 0.955323612763687
"cg01598421" 0.96146913904982 0.961748203244415 0.958185702371197 0.148821157642046 0.949879756444592 0.96833778140151
"cg26318872" 0.908432211872882 0.906931167832284 0.89515058897528 0.0936515662195848 0.897133018957479 0.900326157035965
"cg11661493" 0.874851814769162 0.878202927750974 0.855653796693837 0.0670272845012315 0.879126844774168 0.866337169461476
"cg14936008" 0.897608898999155 0.902240635214657 0.885912339063452 0.0954767525669034 0.894447048850469 0.897926585718776
"cg20602300" 0.904171851437782 0.903443918798543 0.902553353265855 0.101424987728627 0.896228050337036 0.896600586144249
"cg15348679" 0.918928668234076 0.962222144246221 0.858557700858512 0.119203134818613 0.926367202998359 0.893620141619411
"cg26552743" 0.887621845790723 0.889411573000337 0.850630054510944 0.0770406757995985 0.853475520793653 0.856514699089559
"cg25683989" 0.881399963075619 0.887347048437343 0.871511054966679 0.081728444062398 0.855560256026711 0.863025965714517
"cg17995557" 0.886932319707858 0.875898474132696 0.87320465501318 0.0732583194506069 0.789117380562281 0.877762272966702
"cg22212560" 0.90986926422388 0.912707261967577 0.676843883543692 0.0657303479571624 0.886734326516163 0.860807318086736
"cg27106643" 0.881674693780339 0.885005282197518 0.878735699721944 0.102873330192558 0.874062062529063 0.92896803558813
"cg21596498" 0.843369314854801 0.87358092792525 0.886568982151744 0.0789365535748016 0.851092241985567 0.87679926466932
"cg01868869" 0.900026069498207 0.897670659528653 0.884644561374045 0.104919164971731 0.888140221682796 0.886949963480991
"cg07558704" 0.935205491851515 0.941847637813067 0.934345304653625 0.150962826186123 0.940052257986255 0.932954713818974
"cg18250453" 0.883201817812492 0.884977994587721 0.8926928249837 0.0860508568785084 0.796558835839412 0.895595759897031
"cg13356455" 0.894128143425336 0.877599874693632 0.873329108123533 0.0783427828272847 0.797859270703769 0.87058700043017
"cg14482811" 0.957425075617622 0.944831561949167 0.916960316183771 0.135281327126421 0.831035856847325 0.93301054049378
"cg09469986" 0.871516094866325 0.868711252064885 0.856146105810731 0.0803124685643132 0.825152919746342 0.88311721109608
"cg15035590" 0.895339031712821 0.896967001496349 0.887388532017114 0.113508409781122 0.899909759734272 0.894891535920152
"cg11699517" 0.975915920980426 0.972862076458608 0.938624960465833 0.176805657238602 0.959512673376326 0.932068773833499
"cg17679619" 0.852948593432943 0.862158658498505 0.855435903664814 0.0770838821287152 0.846456270792826 0.855586789854582
"cg15532942" 0.880850946670435 0.883359144736781 0.882108745489997 0.095057107244058 0.840571755558978 0.874657949291677
"cg23683962" 0.894752110915166 0.897220840339153 0.890221292493499 0.112933812702627 0.877848778894931 0.887823166053224
"cg16148346" 0.873647800924534 0.872713377991766 0.85968799779403 0.0905530378489405 0.862361216959347 0.863651591222725
"cg03402235" 0.893580225410306 0.901584350861031 0.853094004829453 0.095987700803359 0.871026468582632 0.839949265805954
"cg15235922" 0.864568178218532 0.853214799712122 0.833378873123891 0.0699913662084594 0.850335861001227 0.82239905751793
"cg00760938" 0.878170251017867 0.865810260904217 0.858693948453145 0.0762396057758593 0.799320162688629 0.848222112524859
"cg16085171" 0.852732379239275 0.875213663973778 0.883481168059178 0.105544184978429 0.882546081016777 0.894877067584828
"cg14066207" 0.81824884539863 0.822309812678576 0.913289880043442 0.102266195570688 0.890485615272528 0.928923342341597
"cg21248060" 0.93338029186195 0.909268527636122 0.928059909833275 0.122470825984177 0.743785134933023 0.943682803464889
"cg07145038" 0.889584217788462 0.877933994917759 0.878529413374694 0.106310507703507 0.860406578481679 0.869215646356502
"cg07721872" 0.766894453474529 0.831471222485398 0.923097168090678 0.0954678801018294 0.874944558742565 0.926522491585186
"cg03860768" 0.839078608536441 0.805205384454045 0.866749215589174 0.0715119157308689 0.836864304459998 0.849908494249808
"cg18590995" 0.856756119097411 0.864239075894883 0.803762725159811 0.0642761062431518 0.841263123339061 0.792283166557926
"cg04828493" 0.952754225816003 0.959705907041913 0.863851174634363 0.12756544696879 0.711664245239665 0.964483528492022
"cg01869288" 0.858781785140514 0.829678387597577 0.858390092504798 0.0804658514816146 0.820088667002102 0.866626437722974
"cg18184053" 0.87584950256847 0.854809673000774 0.817257007944456 0.0577100842420422 0.73959988898921 0.823584030292861
"cg22381248" 0.879803720531352 0.847583386066498 0.803643579585829 0.0842758273222311 0.844458241295528 0.863598069910536
"cg05524458" 0.879803949988372 0.884780929000672 0.849002909334859 0.078545731208613 0.869447996788014 0.741079677246752
"cg23948703" 0.850131696610724 0.853541261781191 0.853812167171732 0.0885949155708539 0.832599056979419 0.864598344527386
"cg27304328" 0.8806542199763 0.878627069587169 0.81296919510863 0.0901167278751191 0.860765490855333 0.819486485598325
"cg16411445" 0.95857741536194 0.960385844522383 0.943471909582046 0.190819938230769 0.92589595363563 0.952649775323274
"cg16185947" 0.88983787653768 0.884206042203394 0.855560252567627 0.104127663893345 0.859396706405717 0.821247290043705
"cg26366091" 0.230526371660303 0.266455990219472 0.0368902283416637 0.690812653960689 0.135711745407282 0.041417205683498
"cg21278103" 0.439564375527005 0.464547483702653 0.129540710259547 0.865726619208352 0.448884863554307 0.105554861150258
"cg22677556" 0.0645518328641948 0.0697467075063754 0.178957533592622 0.824907656546839 0.436407514412764 0.610929174731365
"cg27049094" 0.0840544992365127 0.119143176709888 0.502800210709513 0.811741204892681 0.297058049343007 0.338104195226212
"cg20025658" 0.0609520791462556 0.0511440694186776 0.253389895696974 0.656908530796341 0.0684374694229876 0.113602082503224
"cg12033075" 0.0444635095434074 0.0425189858412603 0.570643044881504 0.832656164632911 0.242247294694274 0.519993804660073
"cg20541456" 0.0495240126238183 0.0749740142913211 0.0676963355680995 0.673967108434297 0.392903972882427 0.0301005917151374
"cg02734358" 0.356043000626352 0.375490171143264 0.0514439909174445 0.833484417336246 0.0716036322755816 0.477535281421583
"cg06079564" 0.0919750633699209 0.12888450243921 0.458758381261287 0.765734855507543 0.131951492689347 0.2599939486696
"cg03889263" 0.109125395203716 0.20115781183305 0.0892619642076634 0.7732769842066 0.615647180208833 0.0796282483382214
"cg27507284" 0.366715562483627 0.315615582451406 0.0686723134597893 0.748084524041443 0.110624144858875 0.067894845073924
"cg08698943" 0.206186728640941 0.349713292155951 0.0910788871937136 0.838945760281358 0.336458324361297 0.374081371588099
"cg22437221" 0.135793356343331 0.115146243399425 0.517848417099774 0.825585203884626 0.444517344449489 0.1482348869185
"cg07375256" 0.0893256587849368 0.0490589913703537 0.672928885968807 0.819410638747824 0.188009454481017 0.312895894014246
"cg27492103" 0.0931494736499043 0.0713568257974077 0.373782613626501 0.762376736946015 0.417148693655822 0.0679967972568183
"cg17950348" 0.573640083407249 0.496084041843849 0.0705152643845415 0.825808444111361 0.070399669266733 0.0528221874285524
"cg09076077" 0.498179750666666 0.451653603421692 0.0782912912660612 0.816956340934378 0.0931386207257985 0.0867271666466247
"cg00970435" 0.161324713005954 0.0754102773524351 0.21610652543984 0.693819000270222 0.0807216719088322 0.0751960498493834
"cg24834394" 0.297722508116715 0.334050806177357 0.34564519832853 0.849331613628294 0.364511540330212 0.0543696439476058
"cg25983531" 0.451963190392437 0.358629960875531 0.0923182242180408 0.812998758404284 0.158294426380805 0.0897466518504143
"cg07249939" 0.326387642303893 0.226000162283029 0.215090427786603 0.792539380383444 0.0819897333652155 0.195254849422823
"cg07725527" 0.110573572444856 0.101965289781656 0.140041741870063 0.697576740963563 0.108581817397327 0.106302120686194
"cg20450123" 0.20720506160972 0.201137975471649 0.144436867594448 0.73464590719777 0.0959730471099968 0.0732607775275299
"cg09849688" 0.211081511913209 0.170928564111735 0.0664219902339185 0.728266826365719 0.170014555041507 0.0584684248237392
"cg03798942" 0.0908564451400798 0.129448123316489 0.546477242321895 0.770663096862732 0.0674297920306713 0.102978953019403
"cg00902153" 0.140495348206838 0.124944595591002 0.0480741507589037 0.794940849377161 0.635810415804156 0.0712301553988526
"cg01054402" 0.0862092881656377 0.140963731216675 0.27161448244881 0.814063252659622 0.509590350459909 0.0723050419570842
"cg25518868" 0.0791644294412918 0.117037254676575 0.0495931207712417 0.700451477806922 0.16522830977412 0.0460502656938277
"cg20380468" 0.0591304919732998 0.0661137723126063 0.402906617839228 0.824858304872555 0.437528746321584 0.150775981671153
"cg25616055" 0.0539405332633683 0.0684971757837233 0.0945730979890934 0.683801954296217 0.110410482744024 0.0414535064138349
"cg20317872" 0.0691012111205179 0.0750673645612938 0.336369345143312 0.873305104352538 0.123026875259946 0.635157756469343
"cg15906007" 0.087239366629009 0.083692313737553 0.269254484769118 0.747541327117199 0.0704920317989467 0.109703926489302
"cg08682625" 0.0995687806854177 0.148847489908152 0.0746156502941818 0.769274924080931 0.305419868759945 0.0618202742095791
"cg25336765" 0.344259606684306 0.305344432497234 0.0666215548223238 0.829752654666636 0.12364538624279 0.0861699614131252
"cg19268695" 0.0652464690353707 0.059458846557775 0.140360764220219 0.837822434001563 0.0850809577231855 0.584851389919846
"cg00619207" 0.0712352532965125 0.0655559695661211 0.126783995260404 0.813500417312629 0.0835990374923359 0.470275398158375
"cg09300089" 0.366113613512545 0.182787208734967 0.0698243412566728 0.802014121836757 0.0836569475318123 0.0544781327538232
"cg21291385" 0.0980026171113209 0.0894618018000078 0.362262384517618 0.799642032635341 0.121411663120994 0.0771300732824521
"cg01156249" 0.271135383599781 0.251612810274339 0.0617901535281586 0.905568987764723 0.612375048001377 0.0603371834484295
"cg00058449" 0.399115550630296 0.25699025071072 0.267379384589796 0.91065376721049 0.0777048261771269 0.218208421466366
"cg14317609" 0.0751111665083251 0.0923661552390138 0.0635231674835629 0.746224426721807 0.0713155476378116 0.061189256958601
"cg07635227" 0.131510300187242 0.142145168048959 0.039007681665377 0.828712753134834 0.426278914560898 0.0387257678711093
"cg23357708" 0.133365193445601 0.176920235358895 0.0663294596581443 0.800944888330392 0.144531438019341 0.0585801040269017
"cg19269039" 0.0488585649516255 0.0497321119616341 0.124837814849846 0.835847866363627 0.0791146165622761 0.378518838427867
"cg08560387" 0.0672771142755499 0.0407571433635708 0.0456273293215551 0.761745273598777 0.0453937884235856 0.0368354195646106
"cg08864105" 0.123709607082529 0.156366650557332 0.0686016420844278 0.84141615587426 0.118833810171772 0.0718392645856354
"cg17266282" 0.12468079520198 0.159994690385778 0.124042250207975 0.891587516604533 0.185226542597873 0.135257549313188
"cg03429643" 0.0471408169269684 0.0417028521297907 0.0529048550830743 0.817773538504788 0.0489967395075367 0.04190055980814
"cg02606840" 0.0420071440601976 0.035473374665539 0.109332504625201 0.845364959936779 0.0512251113391706 0.0429477108584733
"cg27582527" 0.819656917940209 0.692732620291822 0.843109141916538 0.835927261420276 0.0621681434990324 0.848359333976122
"cg13617280" 0.885829862585703 0.852639700813062 0.890317008663812 0.876792229583393 0.123837794848179 0.797707817383225
"cg06040872" 0.891390804826345 0.737349870136883 0.896701821072926 0.904346166649525 0.133785113799742 0.887067910114458
"cg05875239" 0.913527649419202 0.851386376195332 0.904615719455759 0.897354447288668 0.165885210648068 0.899154382495865
"cg02384859" 0.881671282569119 0.755876499974319 0.895979288414884 0.888208917145079 0.136697597177608 0.892657621983553
"cg06202778" 0.876556968596673 0.737529143525679 0.8248038335919 0.892451347087835 0.113012816420286 0.857160122020374
"cg12811871" 0.9549932372822 0.764798637846106 0.959183190445736 0.815962407856089 0.165735228793778 0.961965940498871
"cg15956469" 0.945218389836474 0.858588383000059 0.956159518261047 0.937050976734917 0.207689634103103 0.9441550336029
"cg05653887" 0.880872839709446 0.74857520535794 0.887206048229313 0.887701746406543 0.135613741709732 0.869747897077424
"cg25383568" 0.925057060037113 0.826506656701731 0.935519039649424 0.920577722653507 0.189258798023182 0.931603582408181
"cg01940139" 0.849166512882457 0.75152048552451 0.886335973638013 0.879659619684558 0.13466097321054 0.87867441771863
"cg24430034" 0.961384404579342 0.874304032012791 0.968931196674585 0.964694583730578 0.233804953493508 0.968586591095547
"cg07307830" 0.813156541090601 0.689737115159135 0.87728036094517 0.883077796642656 0.11545412540182 0.878685505762959
"cg21634628" 0.823142819721123 0.722641465161375 0.881456758136356 0.831275045179451 0.116650755878624 0.882476120365964
"cg27309871" 0.88977189162896 0.777276239057459 0.891340938374452 0.883765192861072 0.152191721994328 0.874419489065838
"cg21474838" 0.843088472191553 0.74990868804147 0.889396168575097 0.883883124039502 0.140609587578329 0.881169721554997
"cg02150910" 0.864835657196556 0.728288545582114 0.871602202981703 0.841924659361812 0.123219059150299 0.848209619926647
"cg26012482" 0.784933824814606 0.718414840225044 0.873327950436488 0.86278875464426 0.115002057787126 0.862917932994784
"cg03538296" 0.840658156719988 0.667725346195441 0.857387449574851 0.844816891557641 0.107320830968283 0.840561107769921
"cg18672716" 0.861398377257823 0.712691044156333 0.866719607196968 0.875205439030731 0.12971931944355 0.841507358477409
"cg20657709" 0.877537096477109 0.775193428588221 0.873298923472071 0.868330384638294 0.152178817351086 0.87000340874919
"cg19696012" 0.852954459587326 0.746454850244234 0.888920384288832 0.88470455357602 0.152906300728338 0.883346945408382
"cg14301562" 0.8672138604011 0.752994302440953 0.862890322909168 0.873609992042872 0.137085397741046 0.813537258217974
"cg11335172" 0.903503713574392 0.817542724795802 0.906862327882082 0.902926693249583 0.186782718407222 0.884814237011656
"cg21333217" 0.960672046318789 0.818316206278075 0.959326038041094 0.959240505019915 0.236683221787806 0.963883414831126
"cg20987610" 0.868658436854373 0.819545879137707 0.758416354654184 0.849575274233779 0.147940773206076 0.891120510171325
"cg00805874" 0.946816816660428 0.691745236451134 0.944572959160581 0.938326386713265 0.197523083684198 0.93065563477513
"cg22488278" 0.886056848031192 0.779504809069089 0.893400672052769 0.844648329389745 0.16693995177189 0.893216579895752
"cg13209388" 0.902729528489659 0.79416677867608 0.898904527186099 0.897407756292361 0.177214907713279 0.856125445343635
"cg15241779" 0.860732167797517 0.775055268393551 0.866921371126605 0.850226302530232 0.148392321327172 0.847914673207791
"cg26227465" 0.804142259593035 0.636888356336412 0.848578569688534 0.854550500595588 0.112330128642683 0.865608237127255
"cg10628126" 0.85317662797 0.7893110731395 0.778032970417868 0.886460227292226 0.154170950085148 0.896058949202754
"cg11650164" 0.878617522519727 0.788044749029606 0.889362308506185 0.891631756291593 0.174511091780641 0.871007775736726
"cg19066520" 0.647734487962597 0.78097918486231 0.942587558537774 0.915629108760016 0.151495054919353 0.921845432023576
"cg26275360" 0.865870740981019 0.790828067306239 0.864885946693509 0.843671994544684 0.156235675115665 0.858623116576986
"cg26934362" 0.777712131278549 0.620728416547258 0.859709389085302 0.83637159119041 0.0987856246470595 0.844155258006888
"cg04784635" 0.810171097486346 0.725023308083563 0.893487623178691 0.890252481705184 0.152089936591658 0.881234735631421
"cg14200211" 0.8635336916391 0.795908525200265 0.892457802399385 0.88243548439453 0.179755828621921 0.881460419425585
"cg00719568" 0.857590992031155 0.754585041672662 0.858234140342564 0.766374335821673 0.133824737671056 0.849030124737197
"cg10796068" 0.859846552236818 0.781150364136222 0.853863380934088 0.848468524783777 0.159265338154989 0.864082505459327
"cg11978441" 0.799030234006197 0.678984847941175 0.871355246482509 0.850813495076729 0.134602546762923 0.872506761348407
"cg13828440" 0.844177460732378 0.758354548189858 0.8291511444953 0.81138303806897 0.136020110287077 0.833395538441696
"cg05593759" 0.877296040399482 0.787237250759986 0.885434168910838 0.858987686374168 0.179542008597597 0.882710309650313
"cg13995453" 0.825355047010414 0.770886826389044 0.869287554529651 0.861697086217565 0.157704107669306 0.855972102134558
"cg26242064" 0.858446273564117 0.74842315699322 0.881506300806096 0.869820981640645 0.167823939086322 0.873969551101994
"cg13917614" 0.929031856487591 0.837946935304974 0.917634038463981 0.893881865830701 0.223169580842892 0.921891118580664
"cg27274718" 0.899557742636498 0.864438228715226 0.879951242805466 0.890523715938001 0.207265974391789 0.884655650463937
"cg13613174" 0.835578604022336 0.715153158089876 0.875291577974627 0.888981941246677 0.139231736873282 0.772313416615957
"cg14384416" 0.870475787304423 0.744874931859249 0.867061051653589 0.876364708945692 0.169238784949866 0.868630112968551
"cg18310515" 0.864679737429546 0.758331921368673 0.877409750018376 0.873877402458908 0.174108439003803 0.875258001714321
"cg10491452" 0.212120480363581 0.280672189248793 0.0542889619356429 0.12319700331909 0.574546512160037 0.0589391448105786
"cg13318771" 0.144225274290221 0.225049064417642 0.0605684582073425 0.113060660851784 0.5612033900072 0.109141456119265
"cg17801864" 0.286250054468255 0.421368547577487 0.0804881528273694 0.150298725327119 0.63783353567839 0.0908177629298207
"cg00484711" 0.139145675022949 0.258242629964206 0.835708113498477 0.503276587164532 0.799803488635946 0.18504992590589
"cg19736900" 0.466150562126846 0.5278810412362 0.0781195825360186 0.0842670164936078 0.681590786077146 0.0788795112931231
"cg06875488" 0.464180975903676 0.516318392264049 0.204918599977075 0.323302368574717 0.798070599875998 0.300320192949567
"cg06832898" 0.157924573845147 0.378766944425782 0.13022933402197 0.0800025389358184 0.59761503311055 0.0658760516944174
"cg26823762" 0.169958791209831 0.434170387922249 0.0397469802285925 0.0568953145682796 0.588417761984289 0.0470527369313398
"cg19090861" 0.179067845806152 0.177436448957175 0.0554337422795443 0.116617335486022 0.559591215897244 0.06610745254236
"cg14286456" 0.151845859191356 0.251773072032981 0.399133227703891 0.45172419144857 0.835153194017482 0.700374690921229
"cg24728803" 0.47646828435348 0.591555097975214 0.0912141872753658 0.117275784281957 0.717171753631545 0.0951057203568114
"cg11948905" 0.476309474500291 0.559878884623038 0.0607779615944269 0.302048565222534 0.734668195299221 0.0546300978484389
"cg13942283" 0.168663258094358 0.250534082654854 0.327081677847871 0.540899891874036 0.769920424118619 0.34109283771663
"cg25045219" 0.106242301664143 0.582078949380353 0.0858525757523325 0.335276086257907 0.696631429705524 0.116378289089609
"cg11481582" 0.392927181015889 0.468023109984881 0.0438557808488645 0.038443967630077 0.652213222420941 0.0547977735563905
"cg05608790" 0.377002630816326 0.594151850341557 0.115626779164092 0.143670424088764 0.742521182569519 0.202672350469018
"cg01447281" 0.0500044545037071 0.142970242071627 0.0590259392904999 0.110949527925948 0.540293895228489 0.052527187900757
"cg07675477" 0.199705218815584 0.357027233918168 0.173606390943046 0.193118810963053 0.679958365979322 0.177347881352648
"cg08783514" 0.0935696171441446 0.201296184139128 0.561447815739459 0.10694226116144 0.805955146150676 0.760787127514938
"cg17087974" 0.530234447497799 0.667121447692283 0.0702187448093297 0.073971640990062 0.750796466914314 0.0845808947507787
"cg24315421" 0.299850157380903 0.520403225843147 0.0503145922382002 0.433497416955632 0.736877845158395 0.0515554053617308
"cg09958402" 0.394578217383939 0.51792031975105 0.0414915305114061 0.0478872070813404 0.677461017947736 0.0574210324254379
"cg14649507" 0.56028401990001 0.528868521423594 0.0786824669098954 0.165424268310775 0.758568554449632 0.126002080369763
"cg22442430" 0.106517288685314 0.146665549278957 0.182220000266563 0.136570896695773 0.650074399524192 0.348356428254012
"cg27122888" 0.0705562935544496 0.139430260798585 0.054926336154879 0.0749091089208193 0.544135121604541 0.0560661009742175
"cg17176894" 0.129222764275116 0.25453569468702 0.071888133264283 0.0647318195186797 0.584863093926499 0.070329971331118
"cg05756780" 0.217978663684246 0.580593669387015 0.0672260934798576 0.42926827316818 0.754704458700443 0.126342845629093
"cg02417427" 0.356041902356932 0.332915011603605 0.468954415286685 0.147455201642446 0.775404179520764 0.251094696110212
"cg22897715" 0.20381799532434 0.212200152436524 0.03823036402313 0.0805956357431575 0.585799033694046 0.0407115614168883
"cg09747445" 0.236608401453099 0.245394853789167 0.508974045149193 0.209006947003869 0.816065733052935 0.531261763970198
"cg25887844" 0.186618310827768 0.267076157092956 0.13702704695717 0.407442443191343 0.694524175027598 0.0854624849854823
"cg21638533" 0.282173860250157 0.375060972324144 0.0680466003172782 0.859469445360633 0.815764420423684 0.0736939102101739
"cg22589728" 0.206636890803285 0.271625541916336 0.153419008832013 0.151052317729978 0.674423365721275 0.16693854820681
"cg03837680" 0.25739198827005 0.323910945105856 0.0509731067345105 0.138026527151545 0.653392242141706 0.0647178410902707
"cg25817701" 0.366897644536049 0.320908399538162 0.505378049566909 0.0493987863613325 0.850556797556777 0.567570051463324
"cg09101151" 0.282562687630053 0.350035946287077 0.135296290628871 0.0631945771211516 0.686437050310668 0.147207862603587
"cg26348226" 0.261367995309891 0.45621641920833 0.0598868903155376 0.0539413180350804 0.677897110229707 0.0911881005032432
"cg26971042" 0.07434089447246 0.119051392686891 0.121973817706972 0.0602882793456996 0.597781006708615 0.134506291586098
"cg27218978" 0.386464724828534 0.503003652423582 0.178642026613519 0.121298309856524 0.762087388018409 0.0744282927842899
"cg13404688" 0.440887542840924 0.629047026156547 0.0597283470509757 0.165032550350232 0.798749546452851 0.0965653530889241
"cg21232161" 0.356614431341387 0.449386537325844 0.177740445412445 0.0919648195362558 0.755069628044352 0.103468330470551
"cg11173131" 0.317188877727783 0.445890994419383 0.0441422380968128 0.0945818725771201 0.71460365927424 0.0535554593084087
"cg09001226" 0.386863078674305 0.366689331868443 0.0919945717846764 0.248682432557225 0.783524777220425 0.103178104815819
"cg04179740" 0.0608903009776229 0.136933569457973 0.0565612884206474 0.201979986627142 0.662074605390983 0.0599123130608642
"cg11358405" 0.30499177936674 0.404688826713175 0.0416565039191533 0.0532471802193269 0.733641304387147 0.0569777474183616
"cg07381806" 0.117558876823317 0.230276327030351 0.0937691465934312 0.0833086193573095 0.731504586658896 0.287625039527936
"cg18881723" 0.0481511034926674 0.163777465142222 0.0555037959736592 0.0578298536268692 0.648700675568921 0.0759776296450163
"cg12273325" 0.113547694888397 0.281152053872422 0.0412819981189579 0.0574151794303513 0.706274036487262 0.123991896245073
"cg06117093" 0.105323926298361 0.34244906159647 0.0507235177857665 0.132991789631228 0.757129272863082 0.0713187748155654
"cg17766305" 0.195866928298337 0.3300397957931 0.047947562798414 0.0785772355399681 0.817598251610112 0.0882365182002782
"cg05398700" 0.949843237850607 0.956234109303261 0.882616668225489 0.933924038648629 0.930852290353022 0.0951047806161877
"cg22381196" 0.919923882855394 0.937038509433405 0.66778259994637 0.920950812518342 0.907308792714688 0.0618166238317332
"cg25739938" 0.897484216405879 0.907408655348368 0.857884118521663 0.899706917569638 0.890087710003913 0.0907244219471356
"cg13468144" 0.872687197931734 0.908505078024749 0.87703368391597 0.898847530154737 0.859671580943709 0.0874510774025071
"cg25600606" 0.906888475736732 0.906897899961003 0.828369663562868 0.906536920083237 0.898567541286501 0.100576339377914
"cg00705730" 0.883803096113948 0.885919759827502 0.818714583916968 0.883453088434369 0.862923675592383 0.0798591065622345
"cg06270401" 0.899694174997702 0.891754655964613 0.806428068390269 0.890052884358023 0.854726184345937 0.0828963207769925
"cg23819411" 0.931831254088966 0.938409091099115 0.66048030543977 0.928727494319294 0.916375131786141 0.094511594331371
"cg21685770" 0.893489787575818 0.896002732598041 0.640880232823556 0.894740575531747 0.87782327827723 0.0620861130692597
"cg12483340" 0.884295985177887 0.888134928720689 0.726929006983176 0.882572172220892 0.868930405917771 0.0700019865107303
"cg08253808" 0.897299031479563 0.892801606929633 0.693842947906862 0.863314911960735 0.860105057749679 0.0682521226257418
"cg04858164" 0.867146435011764 0.892649913029374 0.818776584580528 0.886232665899857 0.895593669140471 0.0966061985039491
"cg05936004" 0.905571286606221 0.898526051207464 0.758623002335874 0.905828682708736 0.853454431227928 0.0910667441527941
"cg03637218" 0.876838379646973 0.867121050936904 0.855254418539189 0.870229470018703 0.862965434169467 0.0925598358913196
"cg19037107" 0.894775866315088 0.89455019331434 0.830519699368222 0.894246727811208 0.880191389668566 0.10662134732742
"cg16802439" 0.947423653024542 0.960011216935109 0.686631912740951 0.951513170701815 0.918953206078013 0.126372122525635
"cg03340036" 0.881905173836219 0.893659265339994 0.716040964000252 0.888190055099482 0.878674583930282 0.0848850218221001
"cg10611016" 0.904438217162971 0.918929478949335 0.596227490635939 0.896816663563369 0.897906936204952 0.0794900906125419
"cg04609694" 0.879791389383005 0.882488879774828 0.786190523008911 0.874661985272649 0.864945018924893 0.090336587214341
"cg15878616" 0.958229644822448 0.970868854782087 0.53052430373745 0.958685492153768 0.944287009456501 0.112234624370617
"cg01692842" 0.879267933417422 0.871926640720531 0.788892109806878 0.862976991401958 0.832473906959979 0.0833561919109129
"cg00439981" 0.903186727708861 0.925778079696216 0.495154636776565 0.907976471792687 0.892463155045075 0.0685203778483842
"cg11313468" 0.869674183416415 0.874019868301805 0.719251695799327 0.871729289078093 0.836377628620386 0.075653869717094
"cg08154963" 0.875973227205887 0.878354451329811 0.765208213949246 0.870414224940843 0.850131468423209 0.0887286160032446
"cg25693317" 0.890074883005981 0.890890863936385 0.787189551554895 0.890559258369826 0.861611914386509 0.104764372743594
"cg01699630" 0.878469091784512 0.88173227975974 0.845033158910836 0.875374799900851 0.857648979184405 0.112107478956479
"cg25605731" 0.944902380135255 0.956836704306102 0.447297783629065 0.943032222125308 0.943589549943921 0.101032643037209
"cg21792134" 0.909736095961051 0.925765472556812 0.846117571826718 0.915771009908178 0.909996434374969 0.14732053848171
"cg01040749" 0.885707983636537 0.888158809892064 0.700057548994492 0.872993965404093 0.874541731754862 0.0928979947777439
"cg06465076" 0.892276359572724 0.889685885312555 0.719462177562733 0.883049496774341 0.881510930890685 0.101641149040172
"cg23169883" 0.956600052940903 0.969373431094158 0.361593362745362 0.957779868465561 0.927529277636537 0.092073670921157
"cg10487428" 0.886097789244683 0.886063783263954 0.733485172689247 0.889929826478898 0.852307581257185 0.0992399480012303
"cg23338668" 0.86475227498086 0.872518500052717 0.820059321164205 0.873671199912609 0.856460069635989 0.105830670394445
"cg13633625" 0.892384286670367 0.899444058805187 0.59588784425344 0.87014534797061 0.87882834548575 0.0811479855044082
"cg07790752" 0.874924173864844 0.840501716945384 0.705853652069026 0.875178779103655 0.822799618171738 0.0774940761489557
"cg03146219" 0.952766523674451 0.959469925876889 0.922484021636022 0.956686642959596 0.945126967756416 0.199551764487661
"cg09342997" 0.847339271942769 0.868378616966049 0.72267700816023 0.845246723505043 0.864923438663838 0.0861313707207524
"cg13595556" 0.896660895208814 0.901706408317679 0.640374641633738 0.909237727804769 0.7873556849581 0.0868350347590373
"cg13618969" 0.886015697550218 0.88395690759996 0.845893730293711 0.877006046459095 0.86102999365462 0.1264320552382
"cg07409471" 0.908302462262303 0.911910434770249 0.784085517874624 0.892607931768018 0.877230711833091 0.132933689812488
"cg24737761" 0.882628361174536 0.874176787660564 0.775413054618796 0.87717640312858 0.81996068669045 0.103964182463326
"cg12809098" 0.904306930633227 0.900572481144228 0.634866406983802 0.898244022212227 0.884151219440073 0.1056920201227
"cg27510066" 0.849480157794055 0.869821275241389 0.725704639060708 0.860564804724111 0.838117821342177 0.0879636565665926
"cg17852482" 0.884282210254675 0.879097426179964 0.817517373284997 0.87058393314144 0.831429919348696 0.114981631060601
"cg06526020" 0.870077034357995 0.881195305121959 0.786318877796281 0.872381622935303 0.875700756716227 0.118295024749055
"cg13438337" 0.852277784248593 0.857255297256569 0.71092913505345 0.866057172974957 0.853804020700281 0.0922530128744073
"cg12157761" 0.876536517688925 0.877871222948883 0.536290767427026 0.883503580189851 0.85313400363494 0.0739577070914378
"cg05627557" 0.845128179865485 0.841335465113704 0.637952066166932 0.840543442793037 0.827063340025493 0.0662029439989161
"cg11557901" 0.895668458133886 0.913995857545719 0.334865261897979 0.906916846022252 0.888867031119413 0.064694987494619
"cg09535475" 0.852607622504575 0.865905195027016 0.620131808992421 0.86262783075243 0.841153662616526 0.0800984633715518
"cg21959598" 0.230061578069179 0.30399000509571 0.817132792591656 0.210409254338071 0.0897654768150082 0.858852662951159
"cg07613391" 0.0797025057884962 0.0706232791813266 0.642072494747954 0.279429118593345 0.135505539581997 0.771359569797159
"cg25140783" 0.101926858557013 0.0742957773224762 0.78036139766647 0.382968031473411 0.11684117930159 0.819706258435034
"cg03889044" 0.107872869953576 0.0988247995410555 0.465158634766495 0.30971399163245 0.386631771404519 0.808453552377582
"cg01735277" 0.0691025751570827 0.0449241488713981 0.670520671781086 0.27623156683257 0.112356510477095 0.772015756265011
"cg24310395" 0.0807526652991737 0.05665132304115 0.701333628341629 0.428441093044519 0.088173209263181 0.810220660702622
"cg27051683" 0.131012815160788 0.120560047343239 0.459399133497301 0.362069076705134 0.426821968326154 0.843984868318476
"cg02212836" 0.156686085088575 0.19195328977822 0.185704493539348 0.099108838070648 0.282306592817431 0.733590065863571
"cg12810837" 0.0712072146653575 0.0474552642656832 0.636953112729134 0.0564768287347891 0.0986378138098285 0.731042780416149
"cg18920397" 0.0990985108329808 0.0643031595415235 0.660706318576889 0.217365364780172 0.131186336224139 0.787856525277355
"cg07018090" 0.558645162557328 0.523545352702224 0.159079128714196 0.0455617475025949 0.307150055657771 0.887957488741293
"cg14480046" 0.133116216637157 0.0956621071605952 0.82408641144358 0.211302310826688 0.484948013751499 0.899928534452179
"cg23280720" 0.0608279860408343 0.0564351800519609 0.568542183468611 0.250381219309851 0.314089176561859 0.809792893681375
"cg00795812" 0.0858851176392319 0.0930326240687768 0.237422631015412 0.239193825902127 0.374428582985101 0.773950593230928
"cg15535471" 0.199251802414579 0.209116493120321 0.416758843177592 0.377199765897046 0.0970682415540292 0.832581792221526
"cg26341831" 0.0975338132399433 0.0393392849440211 0.161296584508295 0.0526255834951441 0.0656610993718471 0.656845990640289
"cg26106166" 0.116857951603311 0.0842045368312425 0.6365701448599 0.154169754060737 0.107803438650421 0.785674395028648
"cg03526142" 0.0664730966277338 0.0353470870318119 0.716595306199796 0.344565612597341 0.0689835361340834 0.828417990450772
"cg02737268" 0.0854151013176515 0.0753962187540436 0.817252899744354 0.0620025511530684 0.495199046673465 0.883054487853634
"cg21201401" 0.0829926932711489 0.0612971034881172 0.725746009429509 0.178240413337492 0.0915286938524537 0.809643528578656
"cg11354682" 0.414278687567218 0.465946626207958 0.0903927257837314 0.0630031936478471 0.0872452066823185 0.826647266014665
"cg10699171" 0.0810977399175705 0.0634741949497625 0.497035507004182 0.147353019946968 0.0945299098453698 0.80695244023093
"cg09993145" 0.0537155931855364 0.0426625554881535 0.0903215478291965 0.146395488016525 0.051931589120368 0.719242643395017
"cg23954655" 0.0735515053784003 0.0730188044008452 0.144514702324463 0.0759454835814828 0.147523411339584 0.744450301280048
"cg20513976" 0.053453755309572 0.0303275919475077 0.765289940347645 0.197490581696713 0.0686840227265011 0.85367587278909
