"CD4" "CD8" "MO" "B" "NK" "GR"
"cg07679948" 0.116552047945509 0.316775866349423 0.959241047107644 0.958842573394495 0.950004358541007 0.963409626116395
"cg00366435" 0.0859806899158392 0.339082298095328 0.901621545045836 0.907087602792967 0.86618208651581 0.908458843730087
"cg01874152" 0.0765723444624906 0.403645637255193 0.896099998544239 0.834386161507102 0.819415833422889 0.896594325464092
"cg16452866" 0.103848149261914 0.165290444634987 0.948711207780091 0.952011260220508 0.943409112269593 0.958005939032363
"cg14477767" 0.167432361854801 0.715448652798741 0.886874504509591 0.864159622245772 0.826030876802001 0.878991740387813
"cg11848483" 0.0897381389998719 0.172638174967316 0.911374542433116 0.889450117337533 0.899215938134898 0.913569066951503
"cg07015803" 0.132553426792663 0.189359862699302 0.935081203258948 0.937890933781391 0.936085809673414 0.945019285915678
"cg26852712" 0.122605325127522 0.384138649134317 0.89306879417215 0.821794883315973 0.856735452074465 0.917414606011139
"cg06915826" 0.0865219826083081 0.201527338982776 0.874865541580957 0.863229835991229 0.853250795064166 0.859206307793758
"cg26166854" 0.123230277517414 0.479823780034557 0.88858496332778 0.875258527796038 0.698124754864788 0.887418073890509
"cg01154505" 0.188057713662769 0.507966555407232 0.954271089661509 0.772431051889944 0.954575838627782 0.963631393570133
"cg03388043" 0.0747386569067005 0.0656791921526492 0.918549093073638 0.930321883244089 0.734587042780885 0.940332945854589
"cg10240150" 0.0857619099153952 0.232687490099484 0.851374997663987 0.870416168557835 0.795018404376274 0.844525001278885
"cg19001909" 0.183419048624006 0.26555125372298 0.958788947338338 0.962139447502351 0.922872451858993 0.959500550210953
"cg04712122" 0.0937696541746265 0.139696018154084 0.85566966353419 0.870119720640436 0.867074240357982 0.877825534270581
"cg05705140" 0.0921809543676873 0.232123486617667 0.885755106724056 0.769842295603661 0.828576896088176 0.89080949611192
"cg12353788" 0.121994167650387 0.300893685415837 0.850646292872979 0.859738325862504 0.845214090607228 0.858648777503228
"cg24841244" 0.0746272548853783 0.0600181241707472 0.873940423136199 0.88874437680749 0.78791719194951 0.876726705324761
"cg11710595" 0.200981631463297 0.600021277482775 0.873023975125215 0.884406504378722 0.845489314578894 0.893654209913056
"cg10837404" 0.242446343453253 0.654350692928393 0.905449428243628 0.901883179449596 0.909484894059571 0.912270096755549
"cg00620024" 0.190529397458865 0.473477697525878 0.897750470261858 0.883744254066137 0.8717446880706 0.898467226183539
"cg09016797" 0.159478371729276 0.392912427466487 0.871919824108094 0.879360309584 0.865509384484211 0.85873533825251
"cg08338281" 0.0956696214429683 0.0975168760655428 0.889783653693742 0.819230107221636 0.845208002327556 0.909843074912513
"cg13750061" 0.0847441636340289 0.0739386454604633 0.838041244816929 0.866018992362605 0.847449411246635 0.862513034264678
"cg05070273" 0.198579120507857 0.484579132740105 0.892922217023523 0.885126143602793 0.885287683778587 0.89386279842439
"cg07545925" 0.057638984967639 0.0454521067157901 0.869495065806911 0.852260104435937 0.727473959383199 0.860730999294867
"cg23357533" 0.174700384883346 0.401847795254922 0.875661141687774 0.889032152585127 0.874926739594208 0.874295487340348
"cg24662823" 0.128932308073386 0.319485378974031 0.894498439111953 0.89811874216903 0.681397449157364 0.895594005639618
"cg09526469" 0.0998120594216385 0.338284661458656 0.860171242630623 0.679831681040798 0.796088811336715 0.862725640263965
"cg08884752" 0.142670445493702 0.407765894517181 0.751748063092402 0.860684502502319 0.87381667220234 0.82506637119009
"cg07970799" 0.203510297101526 0.508573428476926 0.924518906877737 0.909426614862995 0.778976213767869 0.92044164429947
"cg18758433" 0.107415181493525 0.218796897099171 0.861072243406166 0.884294716986316 0.701640732859962 0.889513760563553
"cg01040649" 0.143674034951725 0.302801446880436 0.879953641883809 0.815792825310581 0.847773624104278 0.882969932974634
"cg22230912" 0.112671698269262 0.182806415064613 0.85289645925158 0.890214789602003 0.832124790974112 0.814202828242857
"cg25599673" 0.142349961295486 0.297341947693692 0.857399063444093 0.840446198188029 0.855135862760347 0.862206845239908
"cg24441810" 0.0872430309670882 0.0901783405636782 0.879348213052549 0.781939446874162 0.820715100936959 0.873065846608281
"cg25486399" 0.107086699644176 0.351069241311028 0.765525069542251 0.834369874178396 0.804108106067402 0.757065468869354
"cg24612198" 0.113535480661906 0.117880471792052 0.896712193907004 0.897957607429696 0.747168056314182 0.89565618420474
"cg15564619" 0.0804074023672818 0.264716469207955 0.587159121094338 0.900074504954837 0.880632557712001 0.708235893525259
"cg04180114" 0.103478836078044 0.132626055201116 0.836596753369116 0.826645893639722 0.83386487886135 0.860344532924629
"cg13651908" 0.123139356690042 0.315708134385089 0.831711531795203 0.846697525739199 0.761687127758409 0.825592941714577
"cg18735089" 0.138564869170011 0.166128837657527 0.896140979019708 0.885991399031859 0.809604046920108 0.907775209194818
"cg26400113" 0.102820817444503 0.141217959938439 0.87111269859896 0.832145142111305 0.782852338593068 0.859831901850982
"cg00440980" 0.112221143890181 0.316313145263434 0.768508171216873 0.853835382005401 0.710601917959604 0.864140374524259
"cg06164961" 0.0735920158438666 0.0630509128040286 0.878248795528533 0.886504784681605 0.63397112797816 0.880321578517533
"cg05074138" 0.159972190602321 0.375680356712095 0.850121935042374 0.845418431344203 0.837874632053088 0.840379569107523
"cg16871561" 0.161997186007453 0.738651897224279 0.809044934466997 0.901593825264312 0.846468629943331 0.455775676032308
"cg10111816" 0.0794100902849349 0.0793592156220824 0.836462832518311 0.823952583411418 0.798622867050041 0.818915264217745
"cg16775598" 0.144945943478677 0.216048016566766 0.866904638964581 0.87170253661762 0.856390542156417 0.867578099804696
"cg14522718" 0.13340780446125 0.163522545190156 0.928899876994228 0.927175300405547 0.698020581292573 0.916207500771782
"cg14016236" 0.812675109042781 0.822767461541975 0.0627679357115178 0.360472855589354 0.36266290022122 0.0539887310489341
"cg05228359" 0.70156602981161 0.690234993408081 0.0432443651791346 0.0459534487912429 0.300548072560041 0.0368244699558528
"cg24904788" 0.612746674652015 0.393325175499803 0.053797458513101 0.13159570307339 0.0538572137167392 0.0517453066177824
"cg11284147" 0.798685273237773 0.770437121847709 0.12086156556371 0.49210521113975 0.123560436251373 0.0826841195421059
"cg27097542" 0.818215652507011 0.844369160668911 0.0705933443734788 0.314353667834067 0.38438088962223 0.0611094994353259
"cg01233897" 0.704872710216915 0.677403920668581 0.0711063973828466 0.0547700577841804 0.251762198768385 0.0711474637500467
"cg20281375" 0.74857947002295 0.747054096721922 0.0609811104237377 0.146957084950142 0.327731118588521 0.0510362017468103
"cg18739675" 0.800411172264507 0.723167095891767 0.0589649710663534 0.661502049089789 0.0661338666941786 0.0649501809277853
"cg07837085" 0.732672097093573 0.580976603612632 0.0776457156123228 0.427462376989675 0.0970754188885737 0.0666785017825778
"cg19369955" 0.743484623525551 0.755632311087525 0.0687104730000507 0.150685301168335 0.252762045977493 0.0640264389945214
"cg16261114" 0.835840020263143 0.838581164429533 0.0985881641926322 0.2438964780316 0.488487815017176 0.071478328729087
"cg26501007" 0.76092357625307 0.665302205205609 0.106249846956833 0.114973169143056 0.109605861592814 0.376625400969467
"cg23379806" 0.747477051561172 0.751179621200814 0.0631092643602169 0.0609051620282016 0.356536871951289 0.0570829797266952
"cg11377213" 0.84033532835032 0.803290248263834 0.059671782145944 0.108232412513531 0.690453705434305 0.0722512215640726
"cg25711558" 0.708812668426219 0.763583340520245 0.0421313094210152 0.0525666360922777 0.197806488671195 0.0394278391813457
"cg04642300" 0.656910611668919 0.600472771461326 0.0501592529306118 0.0959447949521018 0.0500534446989988 0.047633952400603
"cg27485845" 0.790222522365027 0.537925180134258 0.114060061916899 0.298174113062708 0.101169405499527 0.444389186135733
"cg06760238" 0.798729970513596 0.76399101694836 0.0757555002881745 0.519425183198715 0.0934280867312953 0.0758940195530493
"cg10099758" 0.696569923970718 0.600969794891649 0.0851847458428425 0.110817606559941 0.066491031558762 0.171561765249544
"cg01231183" 0.805944639585552 0.760553691008089 0.142856536457637 0.0896884935631572 0.452859658965186 0.124078726348779
"cg09287328" 0.937570499083938 0.941146975629342 0.122644615360724 0.10172916571011 0.784909187193031 0.249673586871038
"cg25978218" 0.713144336147309 0.672142363430708 0.0795302559341649 0.252930359764738 0.048790790571524 0.0551392443490316
"cg16097858" 0.722884090199275 0.730609877934565 0.0780844151955971 0.0738862247140396 0.186317054669001 0.0748419302353225
"cg21400549" 0.738315541621462 0.44813880872597 0.0679546819627245 0.508984565208524 0.0602063242080468 0.127126464246793
"cg16563370" 0.749474211214851 0.799160770023173 0.106626520048328 0.155394201094242 0.118234496710388 0.0863033298686172
"cg26402417" 0.883072211344537 0.893104773550726 0.0877383397533839 0.192213503353227 0.612364170595273 0.118750494050273
"cg06650256" 0.853523750707343 0.799250658017773 0.0627351133109991 0.54750770182937 0.268189186488944 0.0778248950307573
"cg04905719" 0.670411955661559 0.66683460104873 0.0393290561929853 0.0558658066576306 0.063080609539025 0.0367106127846358
"cg22742001" 0.865378738122011 0.870541481525502 0.0616985713052258 0.104406145606161 0.706151036567637 0.0563648378032803
"cg23582982" 0.841718835458476 0.872654493269872 0.0865370653998028 0.286239510598145 0.363111501051858 0.072287883427784
"cg27027151" 0.673033146398185 0.366602526695904 0.160254442182204 0.054973932039124 0.12926659348999 0.163276217773879
"cg09662852" 0.690217523582791 0.625268329596697 0.0599288301519705 0.128506662680758 0.0703746143682331 0.0549574841497456
"cg25729350" 0.667742797992188 0.538211926741146 0.0514726485957094 0.0609018862541169 0.110024162406238 0.0587169371202156
"cg09169413" 0.808255755838397 0.820570504453077 0.0722140732716547 0.0711510867850805 0.392073991104267 0.141554346293158
"cg25031824" 0.823858983252723 0.82527113398821 0.0715991172755077 0.175233855269688 0.425851965813555 0.0707406670474915
"cg18150584" 0.855044077630408 0.867457870577908 0.0562831881873737 0.116758377766343 0.599550296463636 0.0524964974122457
"cg25025181" 0.788773129333864 0.823137439186642 0.0530019653419489 0.194373282018792 0.24089772838228 0.0487229411828464
"cg21495704" 0.89800545190255 0.894664205652518 0.0797536442431896 0.701935538326179 0.0976566180583652 0.0985367005762637
"cg09885622" 0.828725166605969 0.757935772785074 0.127369220940051 0.305610804583014 0.104502751970126 0.233794190115468
"cg07598385" 0.705684055112576 0.561957261521129 0.0538373565245727 0.19885714691549 0.0550609282129777 0.0430790946971001
"cg16922167" 0.820844001630649 0.808753342193624 0.104833644118623 0.214084943759159 0.253554472951594 0.0917120857458128
"cg11787160" 0.8581349115802 0.862231934531787 0.164317055245175 0.193501797515866 0.286900569879928 0.151916807106541
"cg12465678" 0.865656855536099 0.767400562258368 0.0878485235889625 0.591250027789046 0.0911297065017145 0.0770365212906485
"cg26923863" 0.849492274402442 0.746936863589954 0.0461012096202427 0.577777765171286 0.0905379708668091 0.0482900382023215
"cg19628988" 0.778228019951079 0.719229310036093 0.0597690177740315 0.244493641743479 0.0671288446927151 0.0725365376385111
"cg20455854" 0.761313488575667 0.681852153326895 0.0557377651806816 0.118226557268709 0.0873294865226837 0.0581858137962961
"cg13468685" 0.818258775827612 0.74112897121461 0.0614011305036875 0.263186783197559 0.103214668765592 0.059772982294221
"cg13448978" 0.826278048989212 0.790038906884616 0.0500675504639921 0.131555670018637 0.217428823449057 0.0441505771768413
"cg07785552" 0.775249796535863 0.657020220511439 0.0628417940644129 0.0619839622260999 0.112059992986512 0.05916597980522
"cg02380585" 0.770249102029461 0.752314937206834 0.0351527036614674 0.0310960765001487 0.0426182643845442 0.0317941802385733
"cg00219921" 0.758096151322043 0.124046546789313 0.877409695771947 0.880321240983302 0.840241869916575 0.878849149724185
"cg25939861" 0.69365059983286 0.0751040508344089 0.833683468268282 0.858846955700876 0.600321307557705 0.851011628004173
"cg11531557" 0.630641262667705 0.163423854111307 0.875976300215419 0.878503407503945 0.817754251682419 0.877836621456702
"cg18174654" 0.769430569872907 0.206606599764957 0.843225323405991 0.856178482992125 0.863265770855051 0.856527797506513
"cg02324835" 0.412815476542443 0.120702137140259 0.845575095700617 0.856770033193662 0.732272235336398 0.860547208694705
"cg08777095" 0.316409691277203 0.101663416838815 0.870257928574978 0.873192158463169 0.669449984014968 0.882589324591131
"cg22512531" 0.355423725200468 0.06594863795589 0.881387897899388 0.871091403644767 0.358086882705487 0.87463134243105
"cg07728874" 0.0903970727375996 0.0753496862008895 0.850436040613107 0.85286102692439 0.740007660337498 0.84647694927848
"cg25535316" 0.570018283430372 0.171615368113594 0.832593797033834 0.811725494351518 0.765474260387801 0.830674913887457
"cg10977115" 0.318743129304182 0.0773102918219311 0.877183667637517 0.892717358586965 0.379313666637003 0.879560626218351
"cg11210357" 0.0985969051080197 0.0904282312680525 0.861048598320914 0.830698438788429 0.758406121788555 0.859244379200415
"cg06419846" 0.880565060722419 0.351714396820746 0.948854555691006 0.9507179433005 0.934886953034398 0.937425744349323
"cg11067179" 0.793610526845139 0.257231463219037 0.868810606951926 0.801619036520037 0.851874831962815 0.852526079151544
"cg27316811" 0.464251635696494 0.261122973491128 0.942805669755668 0.93038140979506 0.91367854438647 0.961680852033638
"cg15880738" 0.0954850739407115 0.0749066051563124 0.843484979424161 0.840744258504469 0.676466877281325 0.846439442270852
"cg01002223" 0.798508274783838 0.317575009078111 0.909481627679105 0.920378918697919 0.903850793597888 0.914798248966681
"cg07661835" 0.199428436768144 0.0812113872143219 0.733280018630054 0.822150801676871 0.766398715928465 0.77501923103468
"cg12655059" 0.336388981128335 0.164027795657577 0.856510407922706 0.839354008590072 0.822445930319202 0.856476524962463
"cg07930673" 0.093788032856177 0.102618065402878 0.852930723219419 0.85787153302381 0.72944596384888 0.864268164485827
"cg27111890" 0.12524809769729 0.116415727794629 0.855624567803053 0.857944751439723 0.789838881209137 0.83484883603695
"cg04759756" 0.366421176171987 0.169968754636462 0.886520146779483 0.884187152526628 0.689128503188714 0.885831596975078
"cg20156237" 0.430310895018655 0.239755276998137 0.906522054445736 0.908104613516853 0.889558168688819 0.907808492454419
"cg07016730" 0.663995486943913 0.214193000006752 0.832864370725714 0.773270623649635 0.762637337943795 0.840228479680417
"cg08450017" 0.105699629011323 0.0742495497708048 0.922053562939832 0.915791129962518 0.361400633371424 0.932016303431127
"cg09232358" 0.199500825012355 0.142851014060805 0.815476033122825 0.862948365074538 0.812552657266113 0.846567244912428
"cg16596052" 0.640883929529508 0.31413865212008 0.94524244132064 0.903820996196098 0.939318772847971 0.93097399017027
"cg24150662" 0.232579910108381 0.187432266084776 0.930432890648529 0.915349310542072 0.74506915798022 0.939171344822972
"cg03254928" 0.0738420136755546 0.0577520042301461 0.762431764443896 0.790674823963848 0.712066662256498 0.769817321149849
"cg04403423" 0.134186603363378 0.0833988856820553 0.837647370218276 0.721278895556497 0.704589315821718 0.845853399507523
"cg24961795" 0.151711442137269 0.108087973811143 0.784355880883491 0.819806155373816 0.777387098745895 0.819368888318814
"cg25643644" 0.0784533168657103 0.0679145766475168 0.850228244939614 0.852598812301374 0.528791526071088 0.857243591562055
"cg06110802" 0.214146548250036 0.144764208375507 0.833075852119886 0.802579093457846 0.830767411395694 0.840115460302977
"cg21407196" 0.183378499498082 0.145338578120657 0.857332343685827 0.867371868760827 0.785497143488755 0.832506836109161
"cg18857618" 0.762292995106011 0.298505484745569 0.872787340661296 0.870023960859185 0.876483177669631 0.857627938021005
"cg26137915" 0.0918045951992876 0.0732561879910161 0.848922881392764 0.845882419981835 0.520582769730592 0.861091769552057
"cg22948808" 0.669038100009524 0.825888601749813 0.0865057992475148 0.239639365557262 0.514589631137052 0.206956070834226
"cg24484138" 0.683077500773924 0.764731194644477 0.0639013487045663 0.198491281343235 0.40608850724134 0.057343251467082
"cg08243626" 0.694398431770955 0.797444778599585 0.0580218130484387 0.240514964609427 0.519034134177434 0.0510998616343119
"cg15381475" 0.652269280415168 0.716475918991504 0.0357083374157848 0.143643257195602 0.305321292472254 0.0280557235295546
"cg12774429" 0.780813340569572 0.807858244312301 0.0694440817600886 0.0754248079594503 0.599076128920215 0.0766756218284246
"cg03664994" 0.780273728276337 0.81537799488007 0.059057673729919 0.126078434548438 0.601297219865501 0.0601687297413814
"cg09832245" 0.762966485229653 0.789049150269087 0.0730809602398353 0.0608043198089507 0.546579196790458 0.0583591829871739
"cg16403565" 0.718056330434941 0.748907841671508 0.0557180814168155 0.0601647112628307 0.416832796546915 0.0539085793857721
"cg09989037" 0.825256029601203 0.838336182544596 0.0699607794186027 0.108257733587089 0.507021945443848 0.227007407198097
"cg12183501" 0.775416118046833 0.79492330454113 0.0834699893487173 0.333842892734513 0.243071210143738 0.093648959727231
"cg27307183" 0.790643674199928 0.806790775924462 0.0669311886812084 0.100673369142837 0.559357317501191 0.0593538382541755
"cg20071624" 0.794940145826264 0.845262087685182 0.0905883910450834 0.0958427081165602 0.694110074783026 0.0910847113694634
"cg12426092" 0.687800916044416 0.751470318676279 0.102489465193056 0.161729334684375 0.260667190375891 0.102008766423773
"cg18522931" 0.722174736552715 0.806540758651817 0.0663640968518436 0.0648944930419529 0.655147568561113 0.065611562755036
"cg13443575" 0.572985510654898 0.673968271509203 0.0838120234729613 0.10092625673587 0.103764274900058 0.0724065182040184
"cg16824282" 0.84267382970724 0.85522046905454 0.0956249010332836 0.130810202416471 0.672726250513697 0.0594123282874765
"cg12118504" 0.637542791579342 0.75528669298311 0.0719136877680339 0.0821658575253947 0.432492777354972 0.0715264167878802
"cg21340621" 0.590279593279083 0.764895450639939 0.0662145467757586 0.27986374503812 0.313643579091394 0.079751398014367
"cg09145126" 0.748897890129585 0.81434520363561 0.0633991546428161 0.0808701042735248 0.598022920242179 0.0581424595514071
"cg23018755" 0.723850665191057 0.814386508100487 0.126704879853621 0.294389818474881 0.288299959220496 0.125356817379476
"cg20048655" 0.64393142080961 0.79434258895977 0.0755289308066253 0.067839192834703 0.600864193879524 0.0604495284759693
"cg07799277" 0.674009164971416 0.787279166805429 0.0710185011644372 0.110463787287933 0.479356932872228 0.0670082778824472
"cg26681770" 0.659235844269842 0.703598366310877 0.0538243898063344 0.146363258695114 0.0787316680945794 0.0515688998133307
"cg00159523" 0.709722652682645 0.827917148142547 0.129148123204225 0.213676431525514 0.38588169605299 0.151929253214787
"cg21593001" 0.727547906086429 0.768273407685948 0.0868358238607088 0.19842933130833 0.199346649051872 0.0770002011391927
"cg24401262" 0.779031272525325 0.819743421643084 0.0449745283385058 0.0783999173481677 0.561888894253064 0.0377571059845969
"cg20545410" 0.747111794704313 0.821414062902435 0.0848799259891246 0.0668451953060183 0.318580679132374 0.299949900612112
"cg17329534" 0.119651429120782 0.758698862643912 0.0740542525948449 0.656318803427565 0.321055717714298 0.0658665898418968
"cg01543184" 0.82916863467076 0.875688025992901 0.096022266449591 0.342456754902117 0.33326324731661 0.101101692142775
"cg24902461" 0.728170830215051 0.81178404664553 0.0763753951755797 0.0836894091800836 0.417274832211957 0.0598440708699524
"cg22193912" 0.739207623573391 0.824535271363002 0.0441456676138688 0.230703203217754 0.194651699174593 0.038977523567236
"cg26872907" 0.919580839006074 0.934041185273662 0.0585880284414913 0.929663801997634 0.91349163498535 0.908631213187596
"cg23244761" 0.952550876594748 0.967679578776106 0.0992428549746569 0.959764553426945 0.950102136724692 0.950536144215364
"cg10480329" 0.900984264850029 0.914522773475006 0.101955437869795 0.900095139269652 0.904664160126618 0.833310442935581
"cg12655112" 0.898023442663762 0.945422067363695 0.100551388701783 0.871757929470307 0.930667857746889 0.69579836372519
"cg18066690" 0.899082374981 0.915110237758155 0.132492418306915 0.896870250457196 0.899215962858822 0.886449747049636
"cg20610950" 0.901352415541043 0.909963358499616 0.0864550880100517 0.90889351362936 0.899663798253419 0.608632491452539
"cg16636767" 0.880115451891878 0.883390908746909 0.124390094370129 0.857553698540242 0.87677122673736 0.858796595466133
"cg03339817" 0.96258867107383 0.968602600337087 0.193497825523234 0.850139389922909 0.954526956613362 0.951524213882586
"cg05923857" 0.79887532603937 0.900024950072823 0.107809017382006 0.87576932196151 0.891376856156179 0.794395346883926
"cg12422199" 0.856331633595095 0.856828015337341 0.0729547414148243 0.726787663647612 0.79058515748557 0.841989902519028
"cg10278149" 0.877532942186426 0.884528508428701 0.0844472115584234 0.812411457477532 0.864868195023343 0.669571723730755
"cg01476222" 0.874787451596734 0.858307688894574 0.106176665762579 0.788577118906865 0.833621228587397 0.84746021070943
"cg22675702" 0.840221984233234 0.854996127078682 0.104301343157236 0.838519342467155 0.840173359470828 0.809764336929121
"cg02244028" 0.87996313658104 0.886152532602206 0.13329008939053 0.881439508559353 0.867230832964451 0.812119547180298
"cg19835973" 0.901064897162647 0.896240519311384 0.163578164326883 0.92043345119789 0.8673693615762 0.887911900880171
"cg11597902" 0.931371085895795 0.955131029051332 0.0703533623346577 0.931751944861193 0.901777369067572 0.277782316403615
"cg08908131" 0.831436960138246 0.828847838697649 0.0904040049368894 0.825579538132268 0.810089686407405 0.797489661842472
"cg14109551" 0.882047087121738 0.891786840955857 0.127044508862614 0.888163486528618 0.87771331825113 0.726280273722371
"cg04468741" 0.831728551711353 0.868499500933912 0.117594600685439 0.872081623585952 0.86145449097741 0.785194320373626
"cg24788483" 0.856668959385903 0.937870058974834 0.164502553897715 0.893429586665298 0.91969414033899 0.844168936859584
"cg23146741" 0.821261017343188 0.82345187802615 0.0759274970231942 0.778409162918968 0.828829847564577 0.745287391015316
"cg10624395" 0.880472245776475 0.90244631338287 0.165653722495298 0.887117793375661 0.886477105255925 0.887053702563264
"cg18990407" 0.925019050029944 0.945789850013749 0.159681579205528 0.841708805779517 0.918472683405161 0.775681150553164
"cg10499974" 0.884197701833388 0.908271837346285 0.0691506494118722 0.844168054328703 0.871035689330442 0.428466303936615
"cg23391288" 0.874623861829574 0.90367816423455 0.170328973274672 0.879424106198855 0.896353567908737 0.889048727987235
"cg27366072" 0.883322504789672 0.888374690163083 0.118937977391315 0.828014052141618 0.859091978329792 0.707090938427421
"cg02780988" 0.831317940612324 0.844420359453951 0.106652226397772 0.794099668297231 0.804505793197193 0.818625565330235
"cg00101629" 0.859672727427602 0.874981443159972 0.126449429341677 0.79836528743474 0.870123176424959 0.775676355672636
"cg24365417" 0.836327046958845 0.853678389968087 0.104809215139409 0.844768637707881 0.792021072983107 0.740411253759059
"cg07002540" 0.814316360682509 0.866723637678127 0.101453981946269 0.870259150014578 0.804891568863863 0.690834236272907
"cg20559385" 0.710461883978361 0.743842352337218 0.0636082687981127 0.771706296159811 0.833740379462326 0.801805736423056
"cg16429499" 0.873016910313434 0.887318879043003 0.0827596456836092 0.480288058197054 0.856833444761357 0.84906180081846
"cg06297318" 0.825366501366945 0.839729559318841 0.109431475620201 0.799849894021824 0.837554903458103 0.774088043232973
"cg09220326" 0.879604889410607 0.885105875265215 0.0960484225791014 0.879448589220796 0.868585863023593 0.490576194158328
"cg26326621" 0.861221196468495 0.890783643883 0.152883696842875 0.864161599368118 0.850908977628391 0.818340338636124
"cg18770149" 0.829491789163815 0.852928401730014 0.138241794194859 0.866832659296591 0.832792873879119 0.824291729790318
"cg26538782" 0.859193155839357 0.851956845536283 0.127004504748355 0.76017129694655 0.855314194287955 0.815698677314221
"cg09322573" 0.862335307118454 0.872938140244075 0.0921352092070689 0.812716630254185 0.822782944972227 0.594767934999414
"cg20641531" 0.890907961510936 0.899963712568842 0.154193103097723 0.880022110049555 0.880299957629972 0.721652922613841
"cg08694574" 0.889605901326158 0.899489144296605 0.142860482733148 0.883451051013106 0.880766692094927 0.661149062860112
"cg04478930" 0.89790074349866 0.906822733831087 0.159016097960917 0.868528305245624 0.887606419300884 0.734614511441253
"cg24954967" 0.854190324051197 0.838273739986074 0.077069057222296 0.646094138143168 0.810915087466487 0.726939575624439
"cg18835472" 0.828315539167877 0.862398518415649 0.0974975220611332 0.8115077043907 0.831306329442914 0.647715628749995
"cg12555086" 0.867793998053316 0.888951164381702 0.0942070663332966 0.750009887581634 0.811312360651173 0.627352769696854
"cg23144445" 0.872726984772172 0.878959522450128 0.0914155965013189 0.818785010559146 0.866792185656735 0.483295259147943
"cg05669832" 0.852583440964178 0.903495210048557 0.146938958692591 0.715991287379401 0.883646665637592 0.832785724424305
"cg23791626" 0.862171198626499 0.870802451378815 0.119437849436028 0.682322290678145 0.844968394051781 0.788456413613575
"cg26690127" 0.844728984049042 0.88365606397367 0.114296659582658 0.714582628480418 0.88292028854888 0.697638584332356
"cg27059140" 0.874970734754646 0.882789267255312 0.082150441770551 0.872609548866467 0.849883461914721 0.371817715984689
"cg00288598" 0.742261685774856 0.900115303261734 0.153627577101605 0.943370064263332 0.929717275574772 0.703827745906728
"cg23679819" 0.0641780703517963 0.060507084798086 0.777394487092419 0.338646678074917 0.192832620447104 0.69729630257682
"cg01849093" 0.250841282262139 0.201462597847114 0.835328582266307 0.239274968600273 0.140929620793983 0.800514882134349
"cg24520862" 0.0732193944884291 0.0585233407825813 0.702559267901416 0.0777615340834161 0.0789442252621088 0.681994512622348
"cg15519096" 0.0640808821412268 0.0630970475815489 0.827207805413586 0.389389359298176 0.224579035640963 0.854905637566801
"cg14364797" 0.126431430541461 0.0483353489187655 0.746960318350229 0.653137701134728 0.0577108040758914 0.282774483673645
"cg08622666" 0.266986460730491 0.143038385852756 0.812766347725336 0.131391519970106 0.11267226972715 0.838002246420929
"cg09736959" 0.102143587452346 0.0856028065308871 0.76550643801686 0.0890183698742137 0.220051406527498 0.761800437473366
"cg09621572" 0.0766637237179168 0.0764265724484335 0.719696553595097 0.0678694776465017 0.125252942975361 0.680671272282055
"cg24010658" 0.064970239879947 0.0500118679281027 0.877446831242814 0.569732036529773 0.268431566777952 0.868281764741813
"cg23213217" 0.104282476342848 0.0870495981710266 0.79082841414142 0.52753672552093 0.477323369017151 0.181568003940486
"cg17161520" 0.0827477665701124 0.0660702503392306 0.752374103659062 0.0642890763559169 0.158041909269615 0.802605313351922
"cg12603453" 0.138495105860196 0.0850439413806236 0.818202028285076 0.840929183118654 0.0965777652471079 0.340051582466017
"cg25050392" 0.103514645288799 0.0943651583870451 0.829527131863605 0.38885576192357 0.13293228777781 0.839250427350114
"cg27183818" 0.423249626170972 0.28729810692941 0.86646297122696 0.0592164720285797 0.0741215302146013 0.880083901278513
"cg23007665" 0.0647022477978947 0.0538649931927244 0.697710932980246 0.0725166839894555 0.0723232578634851 0.627500800051577
"cg02737268" 0.0916511275572621 0.0770792593919542 0.837152257268252 0.0723129487407627 0.454916834927354 0.895520024010547
"cg07706695" 0.0538549015156068 0.0404152490585151 0.7458857166221 0.182716389483699 0.0800223473606032 0.768632925523411
"cg02879423" 0.112271788986453 0.109364088916196 0.756209729035541 0.777217804521111 0.0806572570340674 0.0874207787315501
"cg24216966" 0.168340722702437 0.160768311497657 0.868111488371714 0.224493334120783 0.306441395273078 0.862138253812991
"cg03916225" 0.0823953262927314 0.0642316620495043 0.806866350540346 0.380882754278275 0.0854411038997672 0.791819684082805
"cg06208288" 0.189130606937228 0.187550633163112 0.904537565802592 0.510849334704867 0.0999473210992495 0.896873806432399
"cg13554018" 0.181231197891589 0.109217686650138 0.769712205936664 0.0669889582286134 0.0760187673462569 0.758155016918136
"cg19510565" 0.068316050839221 0.0476929992272335 0.772084409846992 0.234947805631171 0.0758818707337189 0.779689751292125
"cg11316887" 0.165849156489703 0.0966606986969901 0.796443050926863 0.100755079349869 0.087407199223315 0.860743233922189
"cg19097880" 0.0613334473840525 0.0486591254030056 0.723938896744059 0.0552946074310219 0.0634689921860545 0.719498724769153
"cg20513976" 0.0455067378975194 0.0333177228049855 0.766251047553371 0.184236720011281 0.0561480966063805 0.836713627991893
"cg00446123" 0.0710207585881941 0.0555299823536508 0.785892748816172 0.177105987281524 0.0766975289826234 0.872732996218905
"cg27027055" 0.0867305743886922 0.0585482459209906 0.851247784999314 0.440087768117474 0.143062468548974 0.839353475729708
"cg21577598" 0.0574139412112824 0.0441283662342996 0.817780206588038 0.302011866605704 0.188971118631225 0.798807351939735
"cg03961551" 0.0939638898962707 0.0734957492231645 0.805554304259637 0.267441574518745 0.0963829026534513 0.791405657040122
"cg26348243" 0.0961100981718886 0.109753253662485 0.921250536957156 0.209837406476468 0.546737987739044 0.934252393589285
"cg24957609" 0.131829252773395 0.0818403604340363 0.771064132981384 0.305344882936108 0.0996019280789825 0.513360464648031
"cg21830221" 0.0978690465396995 0.0819918906239894 0.772274277670877 0.077328555016314 0.101121367653715 0.774742716023914
"cg17078393" 0.122308392061033 0.0934514349651988 0.847842286949045 0.0990144230762635 0.350807923209647 0.842300031723987
"cg20805133" 0.0602496281701887 0.0494250338619327 0.849577243547802 0.221685814972622 0.291725961141644 0.873725436270563
"cg14165142" 0.072159485204433 0.0563916142845526 0.827104998816786 0.239978116561911 0.179568788769847 0.824735224806093
"cg12609063" 0.0785084116889311 0.0573523701262557 0.79332508301975 0.37300569235983 0.0702564238319245 0.610983190178961
"cg17587997" 0.298432248150547 0.209057688054552 0.873718718909972 0.100587919440366 0.0828433829040159 0.880225932025143
"cg04722215" 0.109733117747544 0.0900542881959056 0.849523199835783 0.373912289659322 0.113590487566878 0.770850420224371
"cg10639435" 0.0965105344231241 0.0926321167726473 0.818132847466264 0.535065678596882 0.0736489703960494 0.49645939638326
"cg18148314" 0.0832786552281151 0.0534189240455646 0.81992065201086 0.233593725312565 0.078081522378915 0.84023597496846
"cg16219283" 0.125927670929302 0.119852791652587 0.858338458722591 0.11278045749927 0.230548835816636 0.84574952936313
"cg21359303" 0.0913546850079514 0.0783849696459724 0.891462020980691 0.373237205682143 0.149489902965033 0.901639385217693
"cg21999229" 0.0861193112886717 0.0751744490166851 0.809090455521149 0.0664915827591645 0.155792384528277 0.760341151129465
"cg08169020" 0.0563142707905411 0.0569963160336392 0.885346524230009 0.394882471612386 0.132452130926746 0.88574312614353
"cg14441276" 0.0778976951473279 0.0689106295677588 0.81153520596795 0.0534077985812785 0.116344702657493 0.802569523975201
"cg14437551" 0.0610712144544148 0.0590698867346398 0.79894530952274 0.0533198169587641 0.0995754304825447 0.781934747080378
"cg17169196" 0.0979203099077743 0.0852098755636791 0.874693362194185 0.0843384427812412 0.217670571243647 0.871967407279833
"cg14597739" 0.096755528413464 0.0933084588932342 0.871689772687384 0.0748685832022455 0.20002140723808 0.85830539003015
"cg03795574" 0.0718855401136523 0.0767973946730295 0.747163038473997 0.0664607769795044 0.331646545092032 0.0802257160178667
"cg17768768" 0.951199438552985 0.956025299430404 0.943312540309404 0.102454412794669 0.959451636667937 0.948715142141408
"cg25131632" 0.927719968696443 0.930767496557953 0.941307122560206 0.0864054592267237 0.938068501615876 0.941186109337325
"cg19276014" 0.950302531365175 0.953246140134267 0.945955560570846 0.117896553451685 0.954537913625301 0.959226575187311
"cg02212339" 0.919640135198512 0.921738926907338 0.950496217728544 0.108372646120355 0.948018718099151 0.947938250875234
"cg16210395" 0.883465351480041 0.880591241864447 0.892157915348641 0.0614553159415792 0.888716001218307 0.900597306538147
"cg13738327" 0.94820919719784 0.955663577682064 0.954612835987467 0.127044050883612 0.926890054814716 0.960290317235558
"cg01024458" 0.856674342691458 0.886648814742045 0.902001384339898 0.0660099377803888 0.862124880117522 0.911707867084038
"cg11661493" 0.873172004970289 0.883630775280747 0.852881089810895 0.0616559584506857 0.879952175374701 0.865232005145591
"cg01598421" 0.958622933911829 0.959264498797097 0.956573796515873 0.151353262703616 0.949228979321727 0.963696456724235
"cg26318872" 0.897608214649995 0.901329332538577 0.888699196892012 0.0919117348220554 0.891468345821339 0.889908951431675
"cg11699517" 0.973934172599432 0.973720116432775 0.940923179749759 0.158823551174111 0.965868988033012 0.932774953367878
"cg20602300" 0.896084208788877 0.899560438332968 0.896710252129544 0.0962306136837873 0.894019510791132 0.890711112598231
"cg22212560" 0.911513838399276 0.914544651715699 0.66977885664853 0.0567686671995306 0.891550123050644 0.850432357780978
"cg25683989" 0.881617278236354 0.887779064109558 0.875337258707251 0.0763233089963425 0.855955746513993 0.862517039048278
"cg14936008" 0.901507343256402 0.900412908394022 0.888271836783338 0.103326913106903 0.898088536083578 0.895671915448888
"cg15348679" 0.881568406033871 0.957870121599476 0.849767906015417 0.104815097533101 0.922453369114866 0.870676540510074
"cg26552743" 0.884129073337295 0.887937061779595 0.846846156846493 0.0712250757509034 0.845584784432083 0.844251871125652
"cg21596498" 0.847539731837814 0.871838221034093 0.876809897769155 0.0730725521195647 0.85763960995446 0.864600341667162
"cg21248060" 0.928299225529854 0.914025816234479 0.928299787473296 0.10759158983045 0.77808109220539 0.933224481708951
"cg27106643" 0.876711465209424 0.881701833552845 0.876460400739726 0.101878809187559 0.882217582073955 0.912122798546911
"cg01868869" 0.893960975241602 0.896548292957649 0.881873796924376 0.106319047860773 0.886120558083271 0.877127781268613
"cg17679619" 0.850174699897364 0.861795765783059 0.862685606393667 0.0758717755561877 0.854675425704533 0.855686061552508
"cg15035590" 0.890744767173626 0.898344861585343 0.884324070563325 0.112228674819405 0.902327187743971 0.887471995233977
"cg07558704" 0.940761233573868 0.945864322571754 0.939983571184929 0.16166663308958 0.947720882830549 0.934575838550394
"cg04828493" 0.946895100980284 0.95684774691518 0.848724995167565 0.111215373825942 0.736047023858712 0.95716586219914
"cg23683962" 0.897880856163449 0.896814453721226 0.895422912582582 0.112185900473659 0.88308365494119 0.887928419225075
"cg17995557" 0.869974770927457 0.868426499905645 0.866910720669998 0.064587988904151 0.759328197788225 0.859421084215208
"cg14482811" 0.937727712105854 0.944730555040524 0.905377866935502 0.116084382312815 0.770031743362283 0.916590845860909
"cg03860768" 0.8352335633283 0.81661544063229 0.870401825122946 0.064231694213157 0.849461664848602 0.847684187105504
"cg09469986" 0.858691728414885 0.859837598152063 0.854449531854871 0.0778218792775762 0.825184206454044 0.879410671283278
"cg15532942" 0.860686093310941 0.872594861156777 0.880102911993258 0.0860249498883113 0.841132302069552 0.86425920531096
"cg00760938" 0.863159199882873 0.861053888270447 0.85185773609176 0.0664972476653943 0.802975875741518 0.838067161320513
"cg16148346" 0.863357054912065 0.870977950559533 0.855251528263176 0.0827492231451272 0.853271925871079 0.849144173526466
"cg13356455" 0.869210206945779 0.868623868632456 0.849714389975975 0.0736041825128709 0.800818513509343 0.85465091523281
"cg16085171" 0.854206260743378 0.878571988996174 0.885898022749751 0.102568052311791 0.882126029736764 0.888950150215336
"cg03402235" 0.886298713522725 0.896342081125146 0.852516049607552 0.0944567065628671 0.87232421684194 0.833489319437274
"cg27304328" 0.87859931507504 0.881512547319692 0.822708797169569 0.0811870437184656 0.869453208646806 0.817998717500227
"cg07145038" 0.884077149168427 0.880139510478647 0.879468539602696 0.0974121053040618 0.858124786146264 0.856530497803743
"cg18250453" 0.877678028461367 0.884741764858842 0.88580527308504 0.090976355541071 0.781103709349963 0.887308187763641
"cg15235922" 0.831234521782098 0.84144724909967 0.835213618432198 0.0650899217454064 0.862777772899934 0.810879631750946
"cg05524458" 0.88003980984939 0.887037779466673 0.85447371835165 0.0760380121148924 0.87445478342222 0.735795912675838
"cg13823257" 0.867935405309882 0.875782747232286 0.86456853485726 0.0968416613035317 0.856220106279914 0.861988993431576
"cg00464927" 0.947015703186396 0.955443973334468 0.93305354322961 0.175956944233094 0.918056497815063 0.952689325087673
"cg07721872" 0.756996014450594 0.82296053520498 0.90645616712405 0.0812822115373271 0.855652894857326 0.904919659512241
"cg01869288" 0.83054590137729 0.818976098195846 0.858518520015844 0.0741498803548783 0.828745023454737 0.858359064757381
"cg26692003" 0.954380351360855 0.960179630809376 0.935212335516946 0.18697547567981 0.946460818897359 0.947372842756531
"cg18184053" 0.861682463133608 0.853741892202229 0.811240029074406 0.0547043315768073 0.744972165751989 0.808689285238605
"cg23948703" 0.833974952712839 0.852356609494114 0.852114529318261 0.0846273875430665 0.836622752257521 0.859244176696417
"cg20666585" 0.867735046596675 0.860885719063883 0.876304957298245 0.0954203773761481 0.806425250723951 0.875779520302715
"cg22381248" 0.866388868354618 0.846931576016411 0.789373255879015 0.0768508279124879 0.82744452979464 0.850777341158604
"cg12033075" 0.0486221055279688 0.0575401166557269 0.593973269991827 0.839282192935039 0.283255808746086 0.561373113831844
"cg21278103" 0.429385306724196 0.475222293866579 0.122976207356502 0.864992557633776 0.430489668656232 0.0914160406146459
"cg03889263" 0.110831267075096 0.193641667765793 0.0885311992273892 0.767009002112916 0.608840715391103 0.0759525979665058
"cg22677556" 0.0717250356006009 0.0710319806305374 0.184027574565877 0.820745259880767 0.430170801073969 0.60225752349558
"cg26366091" 0.231065165553001 0.269684808204108 0.0483152471239906 0.696396752390906 0.123167354320381 0.0446822789251086
"cg00574379" 0.148440267618197 0.0906829669531577 0.626534822280769 0.790816602880886 0.0870732574916027 0.323646776040486
"cg27049094" 0.0854047324083577 0.10916062570759 0.515080815760921 0.81502216113948 0.301479637093065 0.361962634616358
"cg00134539" 0.07907678777377 0.0595682496965941 0.678414614380942 0.832999695372533 0.106624642339244 0.547359387133574
"cg08698943" 0.239780071937155 0.361422618658871 0.0910118903881502 0.839754951343957 0.315914192265077 0.375211958661097
"cg06079564" 0.099539430638806 0.154579194882302 0.490337447038238 0.771668187887844 0.116116375117538 0.267963783710826
"cg25983531" 0.494678387382576 0.398996879972696 0.11319465331213 0.815608570947076 0.147160412567486 0.0961523114695108
"cg24834394" 0.294744223604249 0.356737616915073 0.351029557036848 0.84453444901683 0.382129390015158 0.057748883184216
"cg09849688" 0.231067807819108 0.175400381283625 0.0658664735401149 0.706913025375467 0.17380567329078 0.0594935568789246
"cg00970435" 0.170058055361536 0.0789232294100851 0.229406917683704 0.68450467718942 0.0681811337624793 0.0791633460300867
"cg07725527" 0.11212279208343 0.104623193346502 0.146534658908723 0.679462488901523 0.11147795101525 0.11310678302454
"cg09076077" 0.495647617676427 0.473676736121018 0.0805975449145919 0.813309511294553 0.0716824060899623 0.0850572512842669
"cg27492103" 0.0937668769374067 0.0727906623458488 0.380605632133485 0.768923607949473 0.444406947550219 0.0715147591087265
"cg02734358" 0.326436027884808 0.356686123197506 0.0521755577057886 0.825248025736654 0.0679277472599833 0.458779329196228
"cg22437221" 0.12076308151947 0.103558438361292 0.520308619447865 0.833939928232851 0.483520561020466 0.161623800102882
"cg17950348" 0.562593397641277 0.51101305543001 0.0742723421663774 0.829419838145089 0.0613178671766299 0.0522651736913522
"cg00902153" 0.140746871028831 0.121554679968077 0.0583074856472569 0.788757367214218 0.680489084364817 0.0804768652421917
"cg07249939" 0.342680715469817 0.234267278168754 0.222996128341288 0.786616587943581 0.0710945097370214 0.194762751000882
"cg07375256" 0.0841377884545976 0.0549298827392004 0.681570408980059 0.826282212099612 0.184299920731228 0.336544037759062
"cg20450123" 0.239329733274488 0.216911069006154 0.169446274492696 0.743470011439014 0.0875267409124448 0.0746110985870237
"cg01054402" 0.0924550909015898 0.137133679577551 0.277260804506754 0.808392625331885 0.523485724216741 0.0801808306240614
"cg03798942" 0.0941461558485732 0.140448920834395 0.542799919206827 0.766658637510651 0.0508207148502415 0.109987554611677
"cg25518868" 0.0769687963227323 0.110525846293393 0.058652206595581 0.69094752023322 0.158826370250254 0.0479512073589618
"cg20380468" 0.0571592148711835 0.0613488174330211 0.43921155571617 0.844242698863972 0.512325835789747 0.172847657026239
"cg25616055" 0.0568315485155333 0.0601399899710197 0.0943892519516212 0.676023892513899 0.0917650697434129 0.0438383706514024
"cg08682625" 0.160785285523808 0.172861245394688 0.0861305542025352 0.796122562177779 0.385124571831407 0.0653632764968577
"cg15906007" 0.0829911703310295 0.0777730516520551 0.267196556621242 0.74595534828108 0.065139699007257 0.10596444940056
"cg25336765" 0.393445508542229 0.320813785131356 0.0779667922383217 0.839269600314533 0.113082499279729 0.0856928763438599
"cg20317872" 0.0644722452516892 0.0738756528719292 0.351694134580668 0.875801701207569 0.104754469142662 0.634415084228402
"cg21291385" 0.120915994458947 0.107306286166828 0.365788843109541 0.788645117709218 0.1051247783543 0.0841356004381907
"cg09300089" 0.376894323691685 0.193050613441214 0.0758467096251095 0.801827871977908 0.0764400836777784 0.0560334267844622
"cg00619207" 0.0731579454126866 0.0681412186616658 0.127483515423528 0.814662649259975 0.0760437060110081 0.472995983053185
"cg01156249" 0.283824430087937 0.22426512017108 0.0628636018888745 0.909890764332587 0.618213727000693 0.0564426732750439
"cg00058449" 0.440593879678062 0.276504009749166 0.298314459401075 0.918288793876646 0.0623347196364306 0.234694682391459
"cg19268695" 0.0664205146803141 0.0636559464461469 0.141444164066144 0.851945481436873 0.0780912452493437 0.599705807053705
"cg07635227" 0.146265130692642 0.128322757112886 0.0423871733953256 0.828045040519822 0.437068730541569 0.0400137468903418
"cg23357708" 0.167785909149798 0.194083544524972 0.0700052658662251 0.796293009458646 0.12817201430214 0.0580580547266889
"cg14317609" 0.083026912283599 0.103297994949018 0.066830220966281 0.768868418485485 0.0681306785872925 0.0657205623737942
"cg19269039" 0.050990418488755 0.0520115387558082 0.133294708637064 0.836487807711354 0.069765029087977 0.375486536958253
"cg08560387" 0.0661775722011762 0.0413725085412492 0.0487543581518816 0.752787890746353 0.0415340736185812 0.040003002339193
"cg08864105" 0.132777208413736 0.160801544097866 0.0885427428199854 0.854802196447293 0.129464674434119 0.0874418060515856
"cg03429643" 0.0555483829973364 0.0430967513661957 0.0675742687868156 0.809781015359171 0.0482910171041308 0.0473999799674519
"cg02606840" 0.0452973245553236 0.0383540621605176 0.158826426044449 0.828088146132324 0.045013621438532 0.0465254982651635
"cg17266282" 0.104425632913104 0.139726637557202 0.106846904084568 0.902733854338276 0.163696827403454 0.113226927421978
"cg05875239" 0.917563206722449 0.900988429513304 0.914379144989433 0.902796019839386 0.119862454064421 0.902884725870474
"cg13617280" 0.909320514686964 0.896942245068873 0.899921144108407 0.896546937124783 0.099235285249373 0.824377105664576
"cg15956469" 0.937428011764828 0.885078301869641 0.951480574734782 0.934330304299309 0.170086550359314 0.9397121227294
"cg24430034" 0.950477397167871 0.89483412393375 0.959930066156527 0.961314366173789 0.194030305277362 0.961773973374844
"cg12811871" 0.940419603826436 0.769781649889275 0.950201923762092 0.784604964716786 0.128994603627631 0.956997449449731
"cg02384859" 0.864058936510582 0.749057520788027 0.898062107973046 0.885402196343037 0.108476425027735 0.8925637706077
"cg11335172" 0.903222082588009 0.826208499420161 0.907834310117577 0.910117442752763 0.139140063660895 0.887723217234213
"cg00805874" 0.934405225868349 0.724702801188 0.935731182133698 0.939663435509663 0.147291281102716 0.927672790517028
"cg27274718" 0.884927069489153 0.872874385614228 0.871423106615237 0.886089610505226 0.134582806553335 0.874045029588202
"cg27309871" 0.881842820034516 0.779477943200588 0.890655663766809 0.882638592590467 0.118230603538163 0.878291209496012
"cg03538296" 0.83459313707234 0.710246737974151 0.855892691452912 0.847616592937439 0.0737353516105658 0.842139598922548
"cg06040872" 0.873057126267623 0.72080391601261 0.894042074972763 0.900287626005251 0.109928840935952 0.880888176857616
"cg06202778" 0.858369081827015 0.73043474931128 0.813428971875772 0.881650616852956 0.0897693645981866 0.849074676431945
"cg00594040" 0.842099891632797 0.846924220233061 0.884001129858506 0.88563080965922 0.131408785909699 0.886062421970922
"cg27582527" 0.779419511704307 0.669846978360139 0.825797532048424 0.819364473753187 0.0480518062084231 0.836622703354986
"cg26275360" 0.859629200127066 0.811403620230537 0.862031231582074 0.845747398215452 0.11193070565016 0.863454971961926
"cg22488278" 0.880627364588574 0.794788357052403 0.890960409024678 0.829409547912699 0.120193268717306 0.88911347687911
"cg05653887" 0.849502496764759 0.736440276438926 0.876580866543381 0.879084929913533 0.105928105049382 0.864194137194838
"cg24408769" 0.91590854894356 0.906594342570881 0.690221817786255 0.93548132445191 0.0997395741073232 0.683612253872115
"cg13209388" 0.89575742660493 0.835202769012747 0.8960590257444 0.869319088464078 0.138926602746849 0.863476525845367
"cg01940139" 0.815041960768462 0.748289259861188 0.889705582930382 0.877856733666455 0.107012498126447 0.876212181836953
"cg21828319" 0.891453049572296 0.857355297544227 0.873207430469796 0.785399790661797 0.126234085296504 0.88521025051499
"cg20657709" 0.871704949604776 0.784258031102109 0.870616728459308 0.866896300640855 0.119121353248869 0.864955373230641
"cg13995453" 0.808745281369118 0.784382597807246 0.874383966691982 0.863464054918257 0.108443998861793 0.865020536046486
"cg11650164" 0.847447451666328 0.777254892469935 0.876226913949194 0.883688070049381 0.115935249362097 0.841354270059677
"cg26012482" 0.759162756555441 0.722057635956803 0.861052851606794 0.859342605888099 0.0811172613186523 0.856753309481533
"cg05593759" 0.858094581518503 0.788389646929116 0.88232917885818 0.84091848302547 0.123119262270226 0.881586779188019
"cg21474838" 0.805948681229496 0.739546524248792 0.887933934311868 0.88321474802445 0.111629511794816 0.881739706482375
"cg21634628" 0.788401451536834 0.724970447877198 0.871873712417677 0.812230559446457 0.0883883042303273 0.878214040596115
"cg19915997" 0.863292986723631 0.849031864596626 0.871632566100144 0.874377032000259 0.14125585942826 0.870565543406603
"cg26573274" 0.943855737555145 0.897369143225113 0.948498053943223 0.951042897099284 0.215482212980909 0.953987649726917
"cg02150910" 0.841717364851264 0.710687265747075 0.865279468755736 0.83600598232054 0.0968892441337067 0.842522299469321
"cg10796068" 0.850013376959171 0.779493876810764 0.85572854206845 0.847118515193759 0.118885992747682 0.862210107076469
"cg05355684" 0.893658628885041 0.877276323395944 0.893403994966497 0.893422748098865 0.170247935734996 0.886945758241438
"cg08326410" 0.887479786933865 0.860058584917411 0.894087667299368 0.888975096537812 0.166418070663177 0.89118482645083
"cg22749642" 0.842211713018915 0.724242747168339 0.865590319021361 0.862168817958529 0.114093985503032 0.86519623273021
"cg20987610" 0.857862066671341 0.803544131396307 0.761591522602113 0.844073968439844 0.117904043690821 0.890689747942356
"cg21333217" 0.955754140404225 0.831475674043317 0.959984309175091 0.959963216579374 0.218127245569582 0.965034475096494
"cg14301562" 0.849208380024164 0.748067355657292 0.858701733319531 0.864818161017685 0.109816198301492 0.810318643220574
"cg01806427" 0.838054449018339 0.777150160444901 0.71465723750908 0.890136694572738 0.0978326574271396 0.827600602700563
"cg13917614" 0.90928902994208 0.875265083274822 0.900698900935229 0.887152130739387 0.180563106974655 0.907218718699014
"cg15241779" 0.84640336195835 0.768654114300721 0.869222080600147 0.853468388138995 0.120997035120197 0.847421626998591
"cg07307830" 0.756046650243162 0.663099031920411 0.869980474471509 0.870139630766257 0.0896442010601958 0.87713899632067
"cg18310515" 0.846303910122308 0.756993390812906 0.877780033281376 0.871900713672851 0.130540499053171 0.874563265856062
"cg15757195" 0.829197767884622 0.82424054915725 0.873271322390063 0.870174606424152 0.138126218972111 0.866496884819568
"cg00719568" 0.836595588846137 0.767790036781098 0.856162526138048 0.750997688608294 0.0967579824853278 0.845333908721132
"cg08985282" 0.836105753121608 0.729959151985997 0.885105673581589 0.834889182127048 0.119983432013343 0.871410531433438
"cg19696012" 0.821287676919826 0.733043781739003 0.882114278075554 0.879926324114414 0.129501064577888 0.884211164744029
"cg14058851" 0.873923262625651 0.858236034438714 0.816459213765452 0.879697596781531 0.139848984472803 0.803841419698576
"cg25383568" 0.873973971959323 0.807705102424044 0.918233092143065 0.914184694400395 0.176883758253179 0.913296370956685
"cg11147278" 0.402096988634225 0.511230347750131 0.0552964284563505 0.216689694458992 0.695720995388539 0.0571397929379152
"cg27437304" 0.217850004894091 0.371831634279163 0.126977522395363 0.283062409490618 0.720310134297406 0.38468579870338
"cg02916283" 0.106082921164695 0.129878725768272 0.486096109448921 0.560507560167424 0.796826734670027 0.542656700959592
"cg06875488" 0.464386139248852 0.506561607849308 0.191483555342903 0.332567046773991 0.806439587755338 0.279242939129865
"cg24088496" 0.124001231841051 0.227280830301254 0.306885681605289 0.489730231560189 0.772998373691836 0.502457667767906
"cg09958402" 0.464368279083685 0.548376704869823 0.0482379034180417 0.0627808146499684 0.690608794510437 0.0567860176529938
"cg24728803" 0.518845584681767 0.617944686990838 0.0910048545775761 0.11511629229396 0.741562180950721 0.0837319996062086
"cg14286456" 0.186247793139961 0.267284172871927 0.393746796473573 0.46943292871604 0.845647371416217 0.690906099945515
"cg06630241" 0.626853231055252 0.695447740575585 0.115943299884017 0.105674459724586 0.790373598027604 0.108129106956331
"cg14649507" 0.60893600281698 0.567832817127369 0.0822018578955888 0.197677496245498 0.777028060771754 0.12480299763418
"cg06832898" 0.185673573577911 0.388160837810237 0.144533226655302 0.0850433699041747 0.625286920542725 0.0654885551306815
"cg16719404" 0.152134486137447 0.218550527350291 0.0734482039151468 0.51735090223272 0.75195775679203 0.505096270669935
"cg00484711" 0.135639178593585 0.255546855460539 0.841268192214802 0.508199071274855 0.818481835258821 0.182291872792305
"cg17176894" 0.173590605783464 0.253708040823176 0.0814735269074104 0.0686114631295977 0.58568801100794 0.0688893419951381
"cg19736900" 0.492846429573867 0.54618121847244 0.088994125266887 0.0859685489256087 0.723210963569892 0.0836007275583275
"cg07687131" 0.489436164659755 0.542769925402958 0.0715387494219591 0.0879454012714817 0.717134858761112 0.0699203066371488
"cg05608790" 0.439065573049419 0.601961194471727 0.12240890860636 0.141764092523228 0.766681692472932 0.206686766446002
"cg24315421" 0.308001020683502 0.500643188983082 0.0591415028985711 0.428531896447036 0.73863386755998 0.052621075175218
"cg05756780" 0.231863491034188 0.567562974679417 0.0677922739366265 0.426060570266485 0.751862997834209 0.1261412625057
"cg02417427" 0.386109339288381 0.32706262137091 0.44791567281089 0.152251506906564 0.770276265037197 0.248119867177792
"cg04840108" 0.303629819495678 0.52728847201583 0.0630329313000157 0.0670390084756952 0.673376172261061 0.0595470381224935
"cg01447281" 0.0626288536662034 0.132801792765103 0.0656250376002234 0.123044042643385 0.553095844646694 0.0541594263862944
"cg17087974" 0.572100352954225 0.68332628048379 0.0687415932092075 0.0700702427768756 0.771680637100391 0.0668421060434612
"cg22589728" 0.245526201787138 0.290407116136581 0.154398390606348 0.167147325125854 0.678707369041844 0.175885390854296
"cg03837680" 0.311576198361076 0.350398352347975 0.0495495128111466 0.1438306348367 0.661944620113627 0.0532266612116946
"cg21638533" 0.338633794470587 0.384528928124668 0.0765799551653332 0.864535417435563 0.833797859785291 0.0718259076149331
"cg27122888" 0.087153559661721 0.143451087590189 0.0658166999304328 0.0832257801057577 0.56570035169913 0.0594286880393905
"cg09747445" 0.273680963818473 0.25164227584024 0.486329027053964 0.215156538664327 0.822711436324388 0.507119474171162
"cg25817701" 0.44163987239918 0.370557869345065 0.521006934154966 0.0498509610345448 0.870670704482409 0.580618530499582
"cg08783514" 0.103741177318176 0.206173372311476 0.581826074621595 0.102153653002756 0.823828046930467 0.769634107290833
"cg26348226" 0.261483191209953 0.433892377183563 0.0627042928435013 0.0517794710568155 0.680042685963287 0.0864627809647675
"cg07675477" 0.196412106140408 0.30939789889461 0.166805582941637 0.20828508777731 0.709822766847738 0.180275150446401
"cg25887844" 0.184886996196957 0.252498059016127 0.143780889434809 0.391988803033577 0.713054580013789 0.0929073009647759
"cg22897715" 0.200137519355507 0.196986755617593 0.043915595795223 0.0863113223651227 0.616381490949962 0.0441883774062326
"cg11173131" 0.361445104469658 0.449703264902471 0.049130001816309 0.10396374370892 0.709229443594767 0.0456898676194593
"cg09101151" 0.31362550700218 0.362815826431962 0.128674120535996 0.0635012426064744 0.708957483956037 0.140250516794219
"cg13404688" 0.498675623752672 0.645588344812085 0.0739676552995725 0.180105276710009 0.816268881851195 0.101699870364319
"cg27218978" 0.45245406686427 0.523103804971229 0.182404326305076 0.131944328369881 0.787298986862166 0.0765242455011738
"cg21232161" 0.394724745712609 0.478061078022101 0.176848373344679 0.0894460618699169 0.767100237938359 0.0895426527444617
"cg22442430" 0.113343715991396 0.121998578995111 0.169629145055816 0.139479422057621 0.706436632384641 0.329203236619786
"cg26971042" 0.078803028605414 0.101705717728644 0.111426822545388 0.0577778609350934 0.628331799532688 0.122035656277814
"cg09001226" 0.354110240255765 0.315733299523088 0.0799806678566085 0.215435617187841 0.772487084188323 0.0866170890410859
"cg11358405" 0.362762935555153 0.421216212864817 0.0377427268641722 0.0508619783883215 0.757378199069994 0.0433361611728655
"cg04179740" 0.0719226377595006 0.136617212059081 0.0647849184537118 0.203796047381416 0.676891065123061 0.0622593749098118
"cg07381806" 0.157926955256921 0.270127277504748 0.103076835714425 0.0871706739853751 0.756049209384836 0.299305234887655
"cg12273325" 0.141988496646357 0.268124571841349 0.0472136677135567 0.0610500023628795 0.716156630283529 0.124706293410928
"cg18881723" 0.0538164260283988 0.153059232561347 0.0552375080330836 0.056933230908813 0.679347102819934 0.0751499852593421
"cg06117093" 0.129369364134407 0.337395645818875 0.0618509472103866 0.150482482119846 0.800153854940446 0.0735850696986904
"cg17766305" 0.268058055887556 0.354890759814842 0.0523218611298657 0.0835407803770166 0.828491477619588 0.0848818168082645
"cg05398700" 0.950355627322077 0.95674123750955 0.895519259161991 0.937701989776628 0.93398463109956 0.084281541009865
"cg22381196" 0.9166240745867 0.926213882942041 0.6454430958601 0.916753139664028 0.905403862400247 0.0549242630114525
"cg16802439" 0.954975406766142 0.96108974754945 0.715515864955171 0.954604593072169 0.928602702156733 0.100210117659846
"cg25739938" 0.896143320054064 0.90470427628954 0.872471252888005 0.897085810921586 0.882955777669396 0.0851270747691937
"cg00705730" 0.87338044336713 0.878187717742889 0.828706894151317 0.883286026877395 0.863346158967368 0.0709836090319337
"cg25600606" 0.901131016362074 0.904072175334418 0.838121689484662 0.899421553970142 0.893479886150588 0.093527149483129
"cg06270401" 0.885735823226764 0.885550056454316 0.816585396526654 0.891514776083489 0.849857145270288 0.0749031994469475
"cg13468144" 0.838865764147564 0.894663502834677 0.885454371525776 0.89715685843299 0.859102549642785 0.084940662712345
"cg04858164" 0.882756409100481 0.895670074598573 0.832292271686473 0.896008202768009 0.89793678000137 0.0962354439248905
"cg19037107" 0.892664556028914 0.891745135977532 0.84094454991786 0.896393827342189 0.878891645085019 0.0953911268660755
"cg23819411" 0.926479487773322 0.940214974897487 0.687366312306559 0.907548335246629 0.912065601717791 0.0976049347037344
"cg08253808" 0.896771806028339 0.887698391411016 0.708183407586442 0.857898864361845 0.863549641923099 0.063837310860096
"cg03637218" 0.884368983487534 0.872197145666218 0.879925042804694 0.871616881988231 0.86910463089611 0.0936480110060422
"cg00439981" 0.903970362890596 0.915510932862325 0.549543908113875 0.902594023024076 0.897579988538383 0.0649672226280347
"cg12483340" 0.880390128640766 0.886963246125214 0.735284459672674 0.881080484687769 0.844174303801103 0.0708571095778099
"cg21685770" 0.880658839346787 0.888893491981413 0.646789506081606 0.872250438576654 0.879696093411281 0.0630774042598649
"cg05936004" 0.890934858313784 0.890489114161814 0.775195616581539 0.900811768522541 0.846407142404404 0.0884029652883724
"cg03340036" 0.879255731626793 0.891040724868263 0.724103851133891 0.890610956538901 0.877438825526867 0.0832566894692759
"cg15878616" 0.960802741001628 0.965659090294932 0.521957090637258 0.958547422638066 0.946389849442354 0.110311029811175
"cg10611016" 0.903240321525989 0.91637756761155 0.624923511762034 0.895388316221926 0.898755682030355 0.0829014922298296
"cg08154963" 0.870052975330154 0.877956210770187 0.780679762356594 0.867479777644045 0.849591389278366 0.0799761517535175
"cg01692842" 0.863117872793979 0.870862276665487 0.796496464053191 0.864862331588712 0.833897618904906 0.0795768239168501
"cg23169883" 0.960635979816641 0.967602272832553 0.358029436658184 0.957972758653862 0.934394823139955 0.0895987084297588
"cg11313468" 0.852103177970081 0.865462469558188 0.710718103247165 0.860467969379436 0.829405608598857 0.0655372650729575
"cg25693317" 0.888005776118493 0.886603039018135 0.792134020694764 0.885024624474023 0.863235602443772 0.104652513823821
"cg23338668" 0.863060465347745 0.869739300875367 0.842111878929075 0.87983624944762 0.866386609330648 0.104358970197573
"cg13595556" 0.89120318133206 0.896903641994833 0.639654457076723 0.903489136642593 0.794518734613778 0.0732688124148484
"cg04609694" 0.868730971107174 0.874780614954919 0.779369302505298 0.860832427946658 0.861960202728203 0.0925559947583477
"cg13633625" 0.889353627810167 0.896336929243094 0.606444167009269 0.867348758465497 0.879408833090829 0.0783342863670968
"cg10487428" 0.877431511632176 0.873762117986459 0.739251628066763 0.882216851363278 0.842245196191482 0.0892725659414366
"cg09342997" 0.857644462891826 0.870842923351371 0.733930105112543 0.855489208279359 0.869573339399924 0.0848745030399748
"cg01699630" 0.868561761365973 0.875922786370369 0.854266085359626 0.871457376284903 0.856321542084145 0.110514883388213
"cg05627557" 0.846913882723494 0.850447703052593 0.641438037137844 0.844873584097118 0.832769049079936 0.0558942827279985
"cg06465076" 0.891127599050435 0.894054892308919 0.717671355936119 0.881620590394761 0.880702501549559 0.104734337966213
"cg25605731" 0.938958954989202 0.950091859719999 0.427784199870298 0.930434287548108 0.947060564070805 0.101948400918885
"cg24737761" 0.884877509308977 0.878504919024237 0.790870981703675 0.881379382988218 0.822399959228959 0.102588415128351
"cg01040749" 0.881143024801344 0.885490001896748 0.72406765672366 0.869877794759813 0.874205871770906 0.10227054268542
"cg17852482" 0.870709926280124 0.872019077282486 0.825635331501549 0.866468462467882 0.826988490697008 0.104934509345519
"cg25074794" 0.919890920333283 0.926302166237011 0.818141547897348 0.923038296847394 0.891578428541624 0.150428122170059
"cg21792134" 0.909189259069815 0.920229903949058 0.853817212767135 0.910434062618937 0.906290255867876 0.154128244322137
"cg19055828" 0.866612582860667 0.885633903305339 0.516726853291419 0.867654521332226 0.86993409306693 0.0663850353898144
"cg13396713" 0.875477899063597 0.890050581850565 0.458501412872751 0.878131335804455 0.864902184724492 0.0614810782198159
"cg27510066" 0.851384575661531 0.856580373415727 0.739945379725145 0.857768549043853 0.851795263019995 0.0902794629811124
"cg06526020" 0.879706619950661 0.887360530042046 0.791612978272375 0.871960922557831 0.879990212021226 0.120330522783264
"cg13618969" 0.878327421954167 0.884720235275207 0.851203827779772 0.872492832398251 0.859699997133751 0.125641625644473
"cg09535475" 0.849179939788425 0.873370160002374 0.623155417061768 0.861076368023454 0.852970787934528 0.0753219365753474
"cg04855678" 0.915070088069906 0.917846296100178 0.533733747531401 0.894548410011532 0.792009424563488 0.0782263369600037
"cg07790752" 0.849666906971926 0.823953536970875 0.710364666974498 0.859011568949395 0.831191016046585 0.0755756054860006
"cg05971678" 0.944727565049445 0.955830413820528 0.54962908761421 0.944439594808949 0.932269619293192 0.1344439627264
"cg15658793" 0.903136676212196 0.893996635165984 0.683798597878512 0.896378722192144 0.859691283793224 0.112355720448292
"cg15535471" 0.255887157411613 0.263925044256159 0.42280946778542 0.390480374544 0.0842848241986581 0.823874478260332
"cg25140783" 0.106630192152165 0.0881152933479815 0.806412469414002 0.433596701299937 0.109723243201515 0.83664845984206
"cg07613391" 0.0772071324928041 0.0719453489240082 0.658608573441815 0.289725393039962 0.117496811046929 0.775435475140312
"cg01735277" 0.056656606459861 0.047599838543594 0.662789011191136 0.267742714395536 0.0855738359864631 0.756027290681437
"cg03889044" 0.0931290109653245 0.0928101221556529 0.477071408012946 0.340589739242468 0.42630305265982 0.826823539561886
"cg21959598" 0.205003306483469 0.292555690070257 0.828773906345732 0.202647048055632 0.0792225216131328 0.85300957618174
"cg03728799" 0.0968749126754355 0.107461484255406 0.776404488665517 0.13178071984188 0.272695327216608 0.808901793282651
"cg07018090" 0.583560983490357 0.546618272774542 0.158700166639175 0.043265816234522 0.324512406227221 0.894029366989272
"cg24310395" 0.0760610642263743 0.0589550363877546 0.695718614527485 0.450201127412025 0.0742969896280723 0.80788768526181
"cg02212836" 0.175488585897998 0.208902744378011 0.15030400778556 0.0802720101673167 0.303384759910122 0.740424989626857
"cg12810837" 0.0660248594083236 0.0505686067472929 0.6504264406513 0.0537237623636753 0.0923496522032192 0.721991372698609
"cg14480046" 0.11642218205888 0.0843173782469284 0.852596750948784 0.236275051496635 0.5343567240166 0.904964113715357
"cg27051683" 0.112115659653308 0.114674060844204 0.463688536064472 0.385544027788022 0.460339372537533 0.865164759852043
"cg23280720" 0.0518452259061601 0.050233689259094 0.57019821028399 0.247347977614615 0.31716190488347 0.803423536170269
"cg21201401" 0.0699960352505011 0.0546607502076549 0.683459904702625 0.159329384237222 0.0736047867646996 0.759959516227672
"cg00795812" 0.085092283863702 0.0828268399145492 0.214522083165984 0.263457031907973 0.407911176536526 0.781017083220325
"cg26341831" 0.115715533988956 0.0441811933616575 0.153144352877296 0.0503638009199947 0.0648863190338015 0.658494868649542
"cg18920397" 0.0766553591741639 0.0630285424761199 0.672353396190401 0.202440082700033 0.109823118366572 0.79064704318195
"cg11354682" 0.386097530824718 0.45530347661028 0.0922121772438965 0.0612477937741204 0.0902137325245352 0.811075572248317
"cg26106166" 0.101711811446741 0.0836617726486121 0.650762637334573 0.150552638963686 0.0959834935410397 0.788104846562097
"cg03526142" 0.0496299058551801 0.0375481010166461 0.695003372854712 0.315909743882147 0.0547635638767921 0.823404571293708
"cg09993145" 0.0631383196733418 0.0472578649248698 0.0796205499191698 0.177870077752061 0.052681828960223 0.732086289423757
"cg23954655" 0.0737071322621737 0.0728553139640724 0.128060239393672 0.0697608725728691 0.144856047134857 0.750560246927993
"cg10699171" 0.0699442795007577 0.0613344520903541 0.508912172728167 0.132677679632005 0.0835125711343582 0.818009648252035
