"CD4" "CD8" "MO" "B" "NK" "GR" "nRBC"
"cg01154505" 0.0970317247926232 0.361920286572782 0.948075364954781 0.764320023486705 0.959151128300526 0.963715577483788 0.891198005245616
"cg16452866" 0.0940410069714763 0.153921797750909 0.943739773425674 0.951317220561731 0.950291218999242 0.954688086087687 0.911386915210339
"cg07679948" 0.123868671043582 0.283450692556504 0.950762952650373 0.955177408065142 0.953077333404244 0.957575294581549 0.940887445049197
"cg00366435" 0.0688135898334538 0.227031844060593 0.894932347484407 0.911532371028667 0.870322606472485 0.907721760881556 0.782711987195229
"cg01874152" 0.0751913529056097 0.470642758678122 0.871303985762293 0.86039122834722 0.823354552287065 0.88886452629647 0.632714907990234
"cg19001909" 0.138372257011717 0.238388185469222 0.958459804435743 0.965171827244281 0.931520279540716 0.962218483648143 0.888585211176092
"cg11848483" 0.0712717937600651 0.122138093448607 0.900474497027172 0.89066055040162 0.90700476724388 0.908096566421808 0.741162663343689
"cg03388043" 0.0667776969809192 0.0595016062134225 0.920505316908805 0.937634031279498 0.705377913686519 0.944727521860278 0.873649748972171
"cg07015803" 0.133295729601054 0.191795506932671 0.925580440323087 0.940835899046896 0.944650703980118 0.943472561939932 0.872605376701238
"cg26852712" 0.133770087430544 0.40875526825509 0.884414412207753 0.886239058935213 0.8574002993389 0.910481877143109 0.886283803593539
"cg07110949" 0.136450941775241 0.154878670364818 0.947042444584051 0.949756499557889 0.91067646444754 0.951754989893278 0.949742595790615
"cg14522718" 0.072785631853174 0.0546746015655074 0.925776624107977 0.941126260623777 0.69884267064077 0.926883846218948 0.91044876777271
"cg26166854" 0.123366012795265 0.57890629129825 0.864943685795179 0.874541463706234 0.670028017443627 0.879342618524622 0.754395718878788
"cg07970799" 0.173449255225852 0.563281950386097 0.925563445654037 0.916314846231446 0.760566916950229 0.92671147089572 0.838226442671735
"cg07133479" 0.149079963723045 0.624228258686733 0.845093106307051 0.87345791206276 0.823511933871382 0.833826808342498 0.764452882745109
"cg05705140" 0.0817357551752035 0.258074020308698 0.877191112080297 0.752175678033954 0.831399043614553 0.891954099611902 0.737340815008123
"cg06915826" 0.0848896371520875 0.159842166758191 0.858031632777123 0.859900842724328 0.85221401650216 0.859888097405234 0.798231619945501
"cg05931551" 0.201058992155936 0.74950713749503 0.863827950223139 0.877430491036032 0.871094131351953 0.873865009490584 0.814859544472911
"cg23357533" 0.144312823020467 0.36913705683766 0.869180160067549 0.891597280913482 0.877054373002726 0.878757537774888 0.862362865437269
"cg24662823" 0.0912781551082907 0.251846604032852 0.885446711633806 0.897613657770425 0.695784467349636 0.895510887671711 0.74370149754454
"cg11710595" 0.18279470215592 0.654075626645217 0.868028186851424 0.897587161431948 0.850832180236494 0.891007619751373 0.712968317738004
"cg18735089" 0.102093187690039 0.112234366742225 0.891113555282747 0.902565407147039 0.84331210632043 0.907907079411145 0.764597662283859
"cg10240150" 0.0806856816668013 0.207110579809794 0.843686891206284 0.880779181448767 0.797190267528471 0.854771678489018 0.66679742025178
"cg01490728" 0.0711800260891118 0.220605646531153 0.819071201601163 0.838445748650283 0.836872503784037 0.826132162649863 0.63893823404228
"cg13750061" 0.0729462826234928 0.0662145139859591 0.856383706784996 0.872257638546427 0.839732996125582 0.863484848080916 0.72643845292169
"cg08338281" 0.0950822705621282 0.102776097321368 0.867131356493945 0.861008552777122 0.835265548826508 0.895712889915449 0.848256142286321
"cg12353788" 0.117667152565218 0.32740482287503 0.848083579673828 0.869933503271453 0.865005257130203 0.868955145085976 0.628099158965821
"cg10837404" 0.225623899988276 0.631612527348269 0.905590334753692 0.903015857277275 0.909338166763147 0.908791233818044 0.892892044212214
"cg14477767" 0.178187785277443 0.724870252476367 0.86812302748179 0.859400849725689 0.815591758599652 0.863860983662913 0.550084202734156
"cg24841244" 0.0645896607665429 0.0547872609418819 0.856083802854711 0.881913580764748 0.740059876999153 0.869121280770432 0.712858901159272
"cg00620024" 0.202752422073367 0.556838806255536 0.887769046240025 0.892310932548834 0.877136031639005 0.901254283075528 0.866518729715191
"cg10558740" 0.11204510513059 0.147599505278715 0.867021421057231 0.89410021436238 0.85381794534108 0.873322196318391 0.770139290389692
"cg23896695" 0.073016021262105 0.0813822399771803 0.853863173328481 0.855390304985136 0.821808104400726 0.833659962001134 0.682883084406841
"cg16775598" 0.113889285937563 0.191719215667203 0.863568605039763 0.874066025795494 0.859808351731102 0.868129245526101 0.712114157881999
"cg24008435" 0.159403263593038 0.406718607837686 0.860804083372436 0.869505231376307 0.860714844565585 0.869783910571221 0.819318396926272
"cg25486399" 0.12014634171562 0.387378207266088 0.845741566474649 0.870425184956294 0.846765133750192 0.838323530162903 0.46198899361634
"cg18650518" 0.076505539471208 0.070436191920878 0.889273431130895 0.881155346949567 0.650441019212739 0.898346214709201 0.790907780849918
"cg15039797" 0.0869385104457281 0.290099395249873 0.948882160750755 0.950362790092662 0.248531258258185 0.955008006128156 0.851440862553775
"cg26400113" 0.0784784520614799 0.0795242790574835 0.843481177943858 0.84852159182762 0.810568325257909 0.851762549592008 0.704390269298881
"cg08280368" 0.0930271300843802 0.1228268425166 0.878271421201338 0.778763018106219 0.840356391852815 0.882392872830049 0.721901778609866
"cg17991206" 0.11152119762183 0.298522689653381 0.865390706684212 0.832993155179452 0.774751970035627 0.861379854169382 0.660726430488727
"cg09695307" 0.0818121667205862 0.143502034072559 0.86479039811776 0.811990659386243 0.783030290262238 0.860718921201342 0.656357229423166
"cg22230912" 0.0864853755604798 0.116050808794663 0.85035798240889 0.89739019648171 0.856907031611136 0.807368703387238 0.559268887116416
"cg18758433" 0.0916398046444632 0.160298347367658 0.815874130290012 0.900351837866105 0.697671251457051 0.886876447778822 0.792551850309042
"cg04340595" 0.0684225367489965 0.0694406086047178 0.896494722758869 0.919619670928535 0.497344441157844 0.922806773614755 0.793343687451749
"cg25599673" 0.116597399913401 0.218675103607717 0.839340995316301 0.845620310472268 0.851793155887806 0.855448018604661 0.737400562652433
"cg04712122" 0.105065996821852 0.150635100351607 0.83052745482293 0.853682100305774 0.854865571716604 0.862270556744176 0.69964651196119
"cg04347414" 0.122267146096035 0.129309966915871 0.870426665569083 0.873977257972301 0.85420765113398 0.898815523610502 0.723760402977207
"cg09526469" 0.0916356076564689 0.366213270204322 0.855165646528896 0.722427582974402 0.811135661734227 0.863086181541501 0.323465728508052
"cg10111816" 0.080797493193332 0.0853297146303539 0.828707066940679 0.844094720385365 0.810516218149894 0.808107163510793 0.755388743757265
"cg21360910" 0.730517477987054 0.631280662197558 0.164947202192616 0.0863802718904366 0.217277490707002 0.153161538767749 0.186551856126524
"cg10376161" 0.835428420802324 0.793985661186041 0.0701906630977635 0.0554307633950754 0.761450646916354 0.0773746950609014 0.444099601602356
"cg22018086" 0.787140967683714 0.639970129804842 0.154249539757572 0.221528291422591 0.315865468011697 0.079707927650662 0.55516839067438
"cg16764781" 0.827537232707597 0.819869844950704 0.0841604283386317 0.258981922401262 0.455589829481676 0.084241688231484 0.42958903526011
"cg07834069" 0.870571880298413 0.8801581651883 0.0746303905564435 0.200287738213628 0.647658665219155 0.067029746890424 0.602782553706448
"cg23671196" 0.819185893058941 0.843731019480503 0.0659858073433404 0.0670899131237802 0.718738351393461 0.0627384944540318 0.169864086496946
"cg26501007" 0.807398605589693 0.796867574627074 0.122731487819523 0.135133390758211 0.114412484451345 0.376562648213381 0.406797688513764
"cg22152931" 0.886966551974396 0.889089827194909 0.0825135976872221 0.0968881971325578 0.774357727758807 0.087093038051414 0.614836043033831
"cg27097542" 0.811669547840073 0.845969953096778 0.0827558729540025 0.28253631784552 0.375169405327658 0.0631731644082223 0.226143694173514
"cg12465678" 0.858716686634756 0.829217994772546 0.093445277514618 0.648260299823611 0.0935731614562857 0.0947347563182123 0.515111631071479
"cg09169413" 0.815021273000553 0.824871219322877 0.0891774147760047 0.0865766422813323 0.435901189233008 0.170854092789518 0.339327941490407
"cg22742001" 0.85369372313529 0.854170099693511 0.0692084074485222 0.115011740957181 0.695414828484788 0.0639098288628288 0.413147997242051
"cg24401262" 0.792293311044732 0.821780298799825 0.0484304543798356 0.0468655168503121 0.536722781911272 0.0427744291700635 0.309287770026444
"cg11666770" 0.90393844550008 0.864366054898823 0.318671479986916 0.303656526623299 0.306140690607198 0.276131282308242 0.224135556382025
"cg21593001" 0.754303758413293 0.770196831898117 0.0904312150574808 0.223996358666575 0.176718726983558 0.0694112864932374 0.0651872969332885
"cg05228359" 0.730337834960391 0.726764026786692 0.0496822069746478 0.0481215240910985 0.32459671930274 0.0428476021708793 0.109096453256109
"cg09885622" 0.85615421431997 0.839471969477275 0.129460661745654 0.380175304172759 0.110231447565524 0.273419184507068 0.415797224715708
"cg01543184" 0.800700069362911 0.846921714880577 0.102164729736822 0.229383165250861 0.298248074820679 0.097308564137643 0.0894930945903004
"cg06650256" 0.89788112118225 0.886368112663364 0.0754257384774219 0.604400137556789 0.309919525373562 0.0887090023228575 0.445503198326105
"cg25025181" 0.756811745485533 0.80414168666786 0.0482432672629218 0.194259194125542 0.226430145640168 0.054805622572152 0.105353978312879
"cg16602097" 0.770411718258852 0.713677548803727 0.0658855571567687 0.0685106222112137 0.399111484984001 0.0742438717205208 0.296478313179534
"cg23249922" 0.932220359117499 0.951823635125912 0.0686340034323271 0.0569770489484838 0.843105995949877 0.190846500866166 0.593916912292308
"cg09287328" 0.944138187725097 0.947345033051564 0.119085798728553 0.0836259707206546 0.781083250971653 0.219103623523514 0.631943328210622
"cg19628988" 0.732429159880969 0.657012118724798 0.0633746837668842 0.285748303321044 0.0682352446737794 0.0841641356750647 0.115339575039682
"cg15982099" 0.848507686002591 0.871045286990858 0.0688481657143661 0.0518434678622533 0.784168956704095 0.0464661872376228 0.138844060143763
"cg27058988" 0.675385895297284 0.520397481627716 0.0411699469931967 0.0384955247843095 0.212936855311847 0.0377773447856492 0.0763516100293036
"cg19369955" 0.772415062297902 0.76350020388612 0.0775958563855885 0.0967702828630291 0.242503307981103 0.0682679918083951 0.388670909785462
"cg11377213" 0.856192749476576 0.808329709652523 0.0622817862644586 0.100634706952401 0.68516291581927 0.0776052068313946 0.334757098539083
"cg20281375" 0.771873928325005 0.760967374186121 0.0665488273101758 0.0997220554900888 0.345018141328853 0.0561719571297778 0.140078083905569
"cg16261114" 0.84030582336592 0.838444116701513 0.088185303110434 0.176084466368456 0.48526094790531 0.0706219310772406 0.239059518146133
"cg21495704" 0.894743760234233 0.891998591567071 0.093581883141451 0.682006751532065 0.0830103626649586 0.100714575574949 0.432138525891463
"cg16922167" 0.804621073580475 0.780979373840167 0.112001790741345 0.235472415699764 0.256685824121615 0.09208213851389 0.13439947374785
"cg25031824" 0.803413624380887 0.802086542348258 0.0824862742030536 0.0751566423906328 0.452410199608356 0.0699199496499856 0.117770580925089
"cg26923863" 0.833878133190165 0.706450123694564 0.048500130638855 0.559962323583735 0.0644216431666065 0.0451161348093997 0.55091983646373
"cg27027151" 0.727382619788281 0.441327456554132 0.168209109458202 0.0584621372559082 0.131965998792953 0.169875690055603 0.177219256152214
"cg18150584" 0.863853947422323 0.877727631093858 0.062603968883163 0.0917316514532225 0.690739772634516 0.0571300375547171 0.129257850615969
"cg13468685" 0.82709486272197 0.83803943636455 0.0805662613327739 0.328658017684591 0.116822787338233 0.0713726206366177 0.387051804799172
"cg09037630" 0.718678858582737 0.708892354225311 0.0501397086310615 0.042811944384937 0.0506655896007248 0.0619466547632525 0.197234878793707
"cg23582982" 0.862184608677518 0.884108803463861 0.102513127970462 0.254078179519669 0.347446913344858 0.0678602188292591 0.269906885524907
"cg16097858" 0.779320875527704 0.795146279498883 0.0779729257944988 0.0743769918348946 0.206570197883858 0.0766333160586118 0.161890829047153
"cg26402417" 0.860450871567751 0.871791864148195 0.0819377247076427 0.103196440508966 0.548201116131694 0.0901003526196316 0.106842987880418
"cg07598385" 0.700593891445981 0.536076172787188 0.0530237195556391 0.134516638312414 0.0357645076961897 0.0330796016870436 0.0377410971990213
"cg25978218" 0.790917592383451 0.806179985139235 0.0687330148772567 0.238570994220138 0.0458137173423899 0.0578567588177707 0.215285478303154
"cg02380585" 0.719414434657157 0.729571681359972 0.0411165650952051 0.035238495315877 0.0381195967440422 0.0354268336188454 0.0496702612026063
"cg07785552" 0.758047068588281 0.618682682189504 0.0738216665784017 0.0629271895977253 0.100090291467775 0.0629995011236843 0.282641462176517
"cg11787160" 0.86633778342166 0.860079558012503 0.146073456639274 0.168736739136328 0.234286129158779 0.133843427962638 0.153878192260017
"cg13448978" 0.781376032797745 0.7200900174006 0.0527609548977967 0.121090920236534 0.185951919790217 0.0373634721771721 0.0547820804488772
"cg25729350" 0.764843330158376 0.648862212930899 0.0671120664483729 0.063400703533389 0.134557596043536 0.0693051360446281 0.111933398543364
"cg20455854" 0.775431593618423 0.64631567647753 0.0768215409928995 0.129462453304225 0.0642202116124884 0.055300549998494 0.0544690489632093
"cg04742550" 0.817610801016514 0.39678324426259 0.0405308096085708 0.574847321191467 0.0377634642935644 0.0325564464261758 0.116705474489023
"cg00219921" 0.745296366775343 0.119118979774929 0.873274688827486 0.873298478537547 0.825581080760468 0.871926796449276 0.804869430599142
"cg25939861" 0.634029200081196 0.066605345126517 0.82757977989891 0.862161939333363 0.598860506771555 0.853079664423972 0.634352558834094
"cg18483549" 0.531752272807063 0.136838675148612 0.866932191309768 0.808014767529493 0.871293923832813 0.86591796508644 0.808949841810833
"cg11531557" 0.712737633140443 0.170806019382044 0.859733230271356 0.877486746299461 0.803107526317373 0.869751173119744 0.754452143738342
"cg08777095" 0.283539013785026 0.0929507607352746 0.88721989317244 0.905305387983191 0.708941976500974 0.903704788343797 0.725423538705999
"cg12655059" 0.272586270860494 0.0845747179029136 0.850897332345079 0.827206925484211 0.832065248221893 0.856425821444053 0.735152699263768
"cg18174654" 0.789034510406635 0.179279540095013 0.828368281205048 0.865783281713168 0.864170036054241 0.856053601468639 0.612287789093129
"cg25535316" 0.575332921581141 0.125246930930402 0.835398383125491 0.851632845649097 0.76457072317574 0.833166738697206 0.721218554886076
"cg06419846" 0.869315222421797 0.288229681583365 0.944237321146673 0.952473898976418 0.937877513564652 0.940465076233061 0.887924835781646
"cg02324835" 0.474266962737241 0.127812986650974 0.837287925173696 0.866438076817432 0.72730877534236 0.863358066609275 0.819563596756242
"cg02387618" 0.123713396962304 0.103686275784112 0.889445857227708 0.898120242126844 0.777913738482241 0.906624663439042 0.764231288258036
"cg16193207" 0.100229806231763 0.0804253509257642 0.845925714324901 0.855690619493371 0.809113008035028 0.84588461802734 0.789684115533345
"cg04394724" 0.753733162988164 0.189772273890153 0.884003267246113 0.877789768021545 0.588055700425333 0.887114935611145 0.86514021187448
"cg01002223" 0.796999921145754 0.268437159108219 0.906594351157684 0.920078785631302 0.914945356774123 0.916122656854748 0.795998392003918
"cg24150662" 0.145086021459865 0.122504060011536 0.923620387727717 0.923062488877746 0.70690321518363 0.933918625186313 0.818003758563996
"cg11210357" 0.0870647034219581 0.0740661030311611 0.845897107839297 0.839974563703943 0.753608416495896 0.859405135054202 0.80115227169089
"cg02598071" 0.394708412457852 0.154175345348741 0.849765644481329 0.878203931146271 0.850530675196233 0.861139907522866 0.777117647127483
"cg07545925" 0.0557368390543594 0.0451275309936358 0.854268505507484 0.838171811672254 0.663640786135374 0.86049127092638 0.640810016440936
"cg20661080" 0.0698396663232369 0.0523828855963854 0.82657876944832 0.853470388813438 0.6912148963268 0.857394061742998 0.685764420283679
"cg07781401" 0.16296451821924 0.139181659034854 0.887002471446053 0.895650071154514 0.865177598875989 0.897873067627422 0.813983367087374
"cg08450017" 0.125398565291572 0.0530562029522278 0.904158284778802 0.910243211933521 0.336049866035618 0.924851724706531 0.787161803477941
"cg21407196" 0.114851044733016 0.0897643107848002 0.83951999617209 0.862894387544362 0.784407713996968 0.82451936702826 0.793854010164136
"cg25226014" 0.0829624286529189 0.0626493269397367 0.878040335417903 0.854424759290933 0.542073530304697 0.881439990173403 0.831258668497746
"cg06164961" 0.0725013126113669 0.0642945006079697 0.868481720284876 0.885981256836564 0.604760833655707 0.878621100746453 0.681903194495266
"cg26033526" 0.204085583964263 0.0682541329491067 0.84471131871382 0.77603863789571 0.630824122122508 0.875173813210973 0.673825242959276
"cg16596052" 0.60618590076338 0.26152457697171 0.933511911143214 0.885452028097614 0.937725982243594 0.929412071682479 0.923619668700915
"cg26720010" 0.128984051226539 0.104759228872807 0.844132383092783 0.875375430245734 0.789177782107231 0.840039267789869 0.779854022075255
"cg01949403" 0.818541814542653 0.240112841238843 0.850921622529003 0.856720846314678 0.835679587324398 0.851664469396152 0.772235285051252
"cg25235205" 0.45489791212244 0.145757353037998 0.820042495811744 0.836635328940831 0.778526637911265 0.833355174170376 0.701697747883433
"cg04403423" 0.171688288391965 0.0870510828893658 0.835309521032081 0.786953799236187 0.71461435494766 0.843732168898709 0.820589050822033
"cg11067179" 0.784695858551679 0.237950085723372 0.863442597347839 0.8173687818601 0.861680438277889 0.858942391255998 0.788534687042351
"cg24441810" 0.0859824414362361 0.0892424569646034 0.852512020518644 0.7616775321339 0.806415991240458 0.856248752029358 0.815304976703216
"cg22512531" 0.272315625060471 0.062749576538418 0.874006126776656 0.872605504221893 0.319142304467057 0.877433442811445 0.747017221036457
"cg10977115" 0.312002254931959 0.0864041124158703 0.886135736774478 0.900111038428069 0.364474477176232 0.887096882630735 0.721928998225873
"cg18522931" 0.793685713549913 0.824105784993383 0.0799615243089983 0.0735990209766592 0.654688298922804 0.0753580114915224 0.295940181520969
"cg04566677" 0.838219132761926 0.855314964314038 0.0684801027881606 0.0629133410279784 0.591726845201476 0.242803531355635 0.400396805885407
"cg03664994" 0.763367609587067 0.800068151991827 0.0586517405912651 0.122162446514012 0.58349464478384 0.0635433196527871 0.146066576556804
"cg21340621" 0.582808320047583 0.755986529361511 0.0716986944327686 0.243318512915774 0.336045440475783 0.089214284568697 0.168057253336608
"cg09832245" 0.734937780898946 0.784641909419003 0.08084057567509 0.0574106697294549 0.533187933931481 0.0620220384656944 0.215040915751364
"cg07799277" 0.642178842367664 0.769304955807494 0.080619840310689 0.127871446092457 0.484402737471094 0.0764238846062379 0.128576338814607
"cg16207263" 0.561757972077391 0.666245527769322 0.0675059367790297 0.0737621830645366 0.0892624228654009 0.0576169906176312 0.0593617155267912
"cg13854219" 0.768966896598209 0.810191764050858 0.0515617644625863 0.160390007308225 0.521323738682857 0.0782767253856087 0.208572652769878
"cg24448340" 0.866636576649937 0.890281655133099 0.0659615858290766 0.132566719121215 0.755887889685268 0.0587730683936413 0.571098692052145
"cg15935770" 0.860691221911391 0.884842635307295 0.0604062226665551 0.136783625149808 0.759190468584877 0.074908056106252 0.462093398258843
"cg01372366" 0.732400434579418 0.779547221337453 0.060312124889726 0.136416961059165 0.357239809988276 0.0507600239188406 0.348354056978665
"cg01233897" 0.701955593077625 0.732823842643944 0.0782703398545872 0.059224765792799 0.252699481939526 0.0786648436828941 0.0868057780731561
"cg04642300" 0.658161754553831 0.682966334604738 0.0545102019002097 0.0804615196422515 0.0495481824905933 0.0491773086914618 0.0711244801902097
"cg20545410" 0.789642789435934 0.839303547241958 0.108156174088842 0.0804425720284167 0.292586791363359 0.307346876144772 0.438030177299974
"cg09914404" 0.658663241682151 0.74136379232458 0.0942266878632365 0.227348283220438 0.116546022585474 0.065820377739713 0.096787948502231
"cg09349128" 0.543092088756529 0.722955262682017 0.0744303355714539 0.0980378269328923 0.142152045382578 0.178292424221722 0.171540745636015
"cg00159523" 0.758563573423802 0.826874957777124 0.132397893492298 0.140416046134003 0.464392172691417 0.132654239169715 0.116782661046571
"cg24902461" 0.679976964313541 0.808050419448114 0.0790554876030132 0.0880256261893586 0.445456239344494 0.0718160385323432 0.263324127928333
"cg25711558" 0.641858870991724 0.730964557583051 0.0470410376138448 0.050396518199433 0.197024934219964 0.0419875174691446 0.0900354898185838
"cg17329534" 0.125635991018027 0.812728042650506 0.0730044320990464 0.671822286563697 0.374363935793143 0.0722747883676771 0.280603118476349
"cg16563370" 0.684773824754662 0.77831947854246 0.107041801403444 0.139463330671539 0.0996245677817097 0.0763899863722308 0.0881470167589616
"cg22193912" 0.683303007078426 0.784498086227056 0.0462027324870804 0.0924891221259461 0.141354763642416 0.0337223969650468 0.0369925407403022
"cg26872907" 0.916757314027156 0.929456254318445 0.0795673111470674 0.926891215574236 0.910374126091769 0.904183235285751 0.800574219363078
"cg23244761" 0.950733565339554 0.964584041686564 0.128410950865288 0.959001503347728 0.949586405327526 0.949893265105479 0.900287959600078
"cg20559385" 0.873754990039138 0.888365195550061 0.0748756224464003 0.871728210424075 0.871376767695369 0.819378037842912 0.717449465222486
"cg10480329" 0.899418343304477 0.913809227563566 0.119226229228992 0.899506102844224 0.900837640282828 0.845439226851989 0.874533269784372
"cg12655112" 0.926635559973803 0.944153811498474 0.123357392558684 0.883562794122831 0.922398065943608 0.731560721201135 0.752306920573666
"cg20610950" 0.899145201997577 0.905801715958891 0.0932830934366116 0.90230928462363 0.8945142431168 0.586673410474904 0.866315493209983
"cg05923857" 0.801142656509352 0.900731260370807 0.104366363450561 0.86593791381569 0.881430707061078 0.798939357803864 0.831619537439361
"cg01476222" 0.887734077150403 0.892186507275442 0.116541615298192 0.837614203784016 0.845268062142175 0.834061640199684 0.834088348869288
"cg11597902" 0.938314861816151 0.960262622306472 0.0604384339232098 0.939164824179724 0.897939971136978 0.248948625961987 0.88277235558836
"cg18066690" 0.89609876161014 0.906071267086437 0.149092424593725 0.897041895625526 0.896978497429126 0.884808223029604 0.799506236269136
"cg12422199" 0.866484016330173 0.866032589236644 0.0877190316978325 0.785186257964138 0.792168468756991 0.845381876876996 0.764765122027474
"cg23146741" 0.84756921348051 0.860203076226621 0.0899389123744542 0.83081894669622 0.831590256967285 0.761338692446292 0.734276731670199
"cg10278149" 0.879980624185619 0.893625129365357 0.0958805814369758 0.83461213552759 0.868360423984818 0.699507682547502 0.696219425464609
"cg24788483" 0.867090388205244 0.939592057846101 0.164709825061458 0.883578926498398 0.917626918832827 0.859887973281098 0.835016370355472
"cg08908131" 0.855607822313266 0.859132657395393 0.0995012705887651 0.843632950627245 0.820348462897722 0.803712896901817 0.654661691615452
"cg24954967" 0.883009890798389 0.890392159914976 0.0850654104810072 0.738768442467495 0.841176249342654 0.744999431178213 0.649634216272025
"cg22675702" 0.839807200398122 0.852001589661206 0.118242608990168 0.84746875327709 0.83777438347524 0.811463928763122 0.835133317824778
"cg16636767" 0.870869252980168 0.879699530050321 0.145461651109672 0.86347571408819 0.869450698292906 0.852117283640585 0.809826642024338
"cg00288598" 0.861287046223935 0.938182394931236 0.16264744755542 0.939146057704387 0.918489071917128 0.736408512361028 0.907006020815018
"cg18990407" 0.918357067314779 0.936344719750447 0.171034970978823 0.921902629712684 0.910393455998246 0.767253103971953 0.8050767766027
"cg04468741" 0.825825611588218 0.868138082990119 0.131812658577472 0.87780919373757 0.863065814144261 0.791964069458843 0.814219556668015
"cg00101629" 0.886283297532976 0.900525578111725 0.145849650840962 0.881602850523567 0.875281070218247 0.788570715771766 0.721380591386191
"cg09322573" 0.869865639100051 0.875604556153203 0.109154555629828 0.851285095367439 0.855251945638326 0.681893113457698 0.692254976400539
"cg16429499" 0.866898479734208 0.883395438973414 0.0871445397668907 0.570227052872241 0.845855447169816 0.845941912457044 0.705006437900398
"cg09220326" 0.88412755740237 0.892862055802039 0.117955330801144 0.882732040226954 0.86666546744993 0.625167596565014 0.755692824666073
"cg16736889" 0.832017121352171 0.845990713002917 0.113245281203006 0.76295873544674 0.834575601566104 0.849538664139924 0.745791709012121
"cg03339817" 0.963846386774029 0.967492765453255 0.232896596342871 0.941252451419351 0.951887534923253 0.946676681859738 0.733744083741549
"cg10499974" 0.890964056309684 0.911179304106597 0.0825773326390417 0.864269136417748 0.865459790775294 0.469966464538423 0.632228139937022
"cg22259797" 0.84893072918233 0.899710164159397 0.0949684739282309 0.917357209084156 0.890083034127398 0.456000867574288 0.775149996252044
"cg10649130" 0.859459396339511 0.86311868840766 0.111566006555225 0.822758805429989 0.857612567760988 0.693453255995683 0.761667822730615
"cg27366072" 0.880015404029744 0.885303430958654 0.122877920936409 0.836027984309807 0.855920656822069 0.696604876535421 0.751631537619188
"cg02244028" 0.875896827635909 0.881783748816187 0.149259363172615 0.87971052288424 0.864296569272484 0.796876875962873 0.705118966671071
"cg05669832" 0.839946247065738 0.900287586194293 0.144678048486352 0.780078657869771 0.87449478143733 0.838646248526973 0.808604292179268
"cg19835973" 0.882144229122247 0.889389868899301 0.182691967719145 0.91261090826708 0.872657599127532 0.882354147751906 0.788491895972092
"cg26538782" 0.853953407480255 0.848652414332779 0.138407962645026 0.820027429234863 0.857700518050504 0.823331635248499 0.767652072080087
"cg18770149" 0.87182019408608 0.884185724717461 0.151668020543335 0.877354629818005 0.8435362562274 0.830600623642175 0.676100665520658
"cg04478930" 0.907968979564624 0.915437514235146 0.16355715103383 0.905384543640407 0.885222288612048 0.743184913920217 0.718836340078671
"cg26690127" 0.830265761822986 0.880819760053131 0.115086757653357 0.790953549034192 0.876658723612481 0.710865969394111 0.738337597716461
"cg10558233" 0.803059001716464 0.828374785235212 0.115057635804809 0.837987988766581 0.829305371377056 0.785675794665973 0.718086022669652
"cg07002540" 0.833053456207098 0.878348573770945 0.112066248968693 0.88102961279714 0.806635918154072 0.708138496505793 0.602351085123731
"cg14109551" 0.878427174478154 0.889917412690328 0.137170476564402 0.889581699514576 0.87104378541851 0.704548786017749 0.619284681443924
"cg26326621" 0.886932977057106 0.914319144845262 0.188094689355714 0.904813510047487 0.862505569406946 0.838015024014991 0.783625249824417
"cg18835472" 0.830233871087889 0.860217901469279 0.112041182922559 0.82449011423187 0.822543286132767 0.677822497672888 0.740519286995438
"cg07846061" 0.841302110009787 0.857735066411159 0.096121039434715 0.845105437461422 0.803361538676464 0.621547417830597 0.630995890703713
"cg02780988" 0.837703480164583 0.844157932347044 0.126320201792657 0.831216287484144 0.801795171211232 0.820566541534819 0.610066323500528
"cg23391288" 0.907730200688472 0.912215242174201 0.212245291596367 0.902813773653456 0.899730126336299 0.895332366501858 0.809212706445591
"cg08442088" 0.834071864912514 0.784956885269417 0.114042563015061 0.844436223191431 0.817553055094432 0.701352122816488 0.814020363581327
"cg11186858" 0.943527628981756 0.959570011926699 0.168339737651698 0.921066284667604 0.896374066241165 0.523621667097484 0.91392539734342
"cg27059140" 0.875025952851142 0.884960547461943 0.0880198828655661 0.877874064036955 0.837790310361246 0.409683841273434 0.716173589173551
"cg24037651" 0.81645492479099 0.835527453589044 0.111568551636268 0.793824845917624 0.74728684621605 0.804725696893538 0.725237466713131
"cg03289764" 0.30210446052419 0.221820214669839 0.850962084153527 0.393714492312629 0.176380227109569 0.865377848129794 0.228658010634922
"cg00517080" 0.442869634078702 0.277766953611258 0.846316335726196 0.0535181468419059 0.167701778792942 0.816385779383563 0.655572918868385
"cg14375890" 0.0566654435524052 0.0571596388009375 0.793533190766874 0.346355328859054 0.327765497793655 0.795756282448288 0.366432555331054
"cg15188939" 0.325566542782341 0.153141117869685 0.844340243555231 0.124819561501266 0.278713909030372 0.869141448676673 0.629643783143176
"cg09736959" 0.0820691274967932 0.0613760112539389 0.730341536331319 0.0855023135006194 0.169322646472948 0.737322058761924 0.633511117756018
"cg26768584" 0.0685696280309522 0.0505293458567904 0.850409290750622 0.350360649427964 0.416774278293723 0.869185706155793 0.700812695755847
"cg14057303" 0.0816623912500107 0.0705275088453908 0.782322824340819 0.477644372293597 0.133042918701764 0.788858048923156 0.218641206100768
"cg17161520" 0.0780250702620463 0.0710854906205895 0.744090415484573 0.064388926014836 0.182363684164816 0.810293051352204 0.587926901293447
"cg03916225" 0.0846587059542917 0.0699895521149254 0.779917103997817 0.37136377405385 0.110026320427258 0.787680506055365 0.471736936828907
"cg20171453" 0.104361739924474 0.076796327246397 0.818347762219688 0.162405198041943 0.476440271327806 0.746191345193741 0.65933197370497
"cg15174682" 0.117274225797865 0.0708446184056524 0.785979517782957 0.0835967513240476 0.319153575426993 0.779897590762837 0.694687815331285
"cg23213217" 0.110005615317971 0.0922281905463664 0.798288242713201 0.593884086955304 0.455192613753517 0.179859096915391 0.701822176651273
"cg17587997" 0.416606737072328 0.275878641218668 0.866170029858574 0.120147608693918 0.103083470226332 0.874299410882626 0.625671098707667
"cg27027055" 0.0899518662869072 0.0608234070481572 0.838821253779115 0.449217773619407 0.178641869836194 0.834490724914742 0.678685594629199
"cg12476487" 0.125065382193273 0.04637845684513 0.868461509384997 0.619389002998811 0.0948419651285582 0.879403330871517 0.654487485434484
"cg14437551" 0.0548417497764993 0.0484410995453015 0.686763351738591 0.0561528576323718 0.0735888595249738 0.697617603220023 0.326964100016252
"cg20055861" 0.169097663156474 0.147727217556673 0.820963976081656 0.0505138864891014 0.346078256538122 0.842075465348544 0.578578383108377
"cg19510565" 0.0735729655381162 0.0509350716839999 0.77558800339971 0.271132677118399 0.10715095419963 0.790523512649548 0.568335162805548
"cg24216966" 0.140644225694885 0.129016655109073 0.8360179861324 0.192297108787374 0.247065317020415 0.852049082523382 0.724587052186839
"cg07706695" 0.0559975621247425 0.041148756634934 0.770976265634246 0.255698808460033 0.111012777828588 0.793993001588336 0.565492791177759
"cg21999229" 0.0674363623295222 0.0552076117331884 0.715308745356545 0.0626216665008519 0.114752526740315 0.698187796469228 0.479214692735502
"cg05052463" 0.168552202477609 0.069689736180198 0.792002310988796 0.0564622004470067 0.235345049139132 0.801294864741129 0.677827231281177
"cg02737268" 0.041459535689147 0.0345945473222298 0.84115144599629 0.0439019646825688 0.53606678981399 0.906789431792004 0.738265875570313
"cg10639435" 0.117434534859301 0.122528165611271 0.806732993980597 0.582522589589544 0.0891099218036669 0.513691192363863 0.57028541333493
"cg21577598" 0.052397878298064 0.0395294469120471 0.796431274973157 0.265122933328281 0.173952931143044 0.814486611419341 0.633828882203735
"cg26217402" 0.171109013106694 0.164222935319043 0.839766626093988 0.198807267654211 0.33400873504616 0.812120068390999 0.400632635591476
"cg01849093" 0.22204925537954 0.182153847231426 0.831791061621468 0.244077541278255 0.140790478841941 0.807688294562703 0.443046194951452
"cg21830221" 0.0987761586860691 0.0921360466085393 0.762890981402396 0.088535415767181 0.133199274376248 0.784244431897399 0.500338398139026
"cg17078393" 0.126735915134922 0.100037914290676 0.832067653625308 0.109002303203125 0.326705440880333 0.837396400366944 0.660403275719158
"cg03961551" 0.0953252916374939 0.0765598897833331 0.805468685542635 0.323261273327462 0.124405035748301 0.807106866252493 0.447469421075004
"cg12609063" 0.072261218890031 0.0624770346616507 0.78736684817051 0.418101028672447 0.0884359681967188 0.647462168288552 0.530349108848054
"cg06208288" 0.150940271307701 0.127284682962214 0.885885386788626 0.493297173194211 0.109913936721316 0.883545828449314 0.587531839382384
"cg11316887" 0.12358220406701 0.0746572732329276 0.792847984176182 0.0916023588799375 0.11910722725336 0.858099530987979 0.570299816162662
"cg13554018" 0.11588398908097 0.0822238024544947 0.761710345653491 0.0524034371378302 0.0972916004247681 0.764799174121305 0.525254920115882
"cg20805133" 0.0574464285571815 0.0451683318367212 0.829568808312709 0.160222458272517 0.251140585865218 0.87468348879596 0.652049062624393
"cg16219283" 0.118958313941576 0.109546920806819 0.827496519897102 0.117766794865918 0.196930150474341 0.83835505731723 0.64257841318739
"cg21359303" 0.0738079026574341 0.0553625809691571 0.88644787696423 0.399308280847554 0.181938190878397 0.900684777984738 0.816869706441487
"cg08169020" 0.0630692255795701 0.0634253482386417 0.888443428106415 0.48180298072099 0.155852193829757 0.903958214434934 0.693094591124733
"cg26348243" 0.0723690440364712 0.0834230362402058 0.917940909659524 0.220637877628239 0.50804102120664 0.940809548624143 0.728661242959548
"cg04722215" 0.090732545776938 0.0812257836566064 0.848323461963952 0.380670989630174 0.129189725788266 0.785631533330258 0.641932714528161
"cg18148314" 0.0798823373287936 0.053734073072121 0.81460802659163 0.267841071287765 0.103127759485232 0.843502930566266 0.470223708422405
"cg14165142" 0.0727509088753128 0.0594288981917836 0.822159819519617 0.259465792455273 0.226293455556006 0.828517997657909 0.234440902492644
"cg21201401" 0.0729449835045726 0.0606929235874808 0.809063781000037 0.247494458832201 0.0962938823537551 0.86095747677292 0.210253882016717
"cg14441276" 0.072172699526177 0.0630272674099496 0.787026073815339 0.0596841427387729 0.122013084901094 0.78556773265005 0.445216974968364
"cg19097880" 0.0683420557508016 0.053842843779283 0.766046542075242 0.0662884337087312 0.0958524833955633 0.740343789940556 0.255160660098467
"cg17169196" 0.0958991502491046 0.0802978405442286 0.847851375608883 0.0904731679144435 0.184205346144968 0.859270073532809 0.646082074826999
"cg14597739" 0.0738125178558534 0.0660934243263732 0.821738810921263 0.0665226135659338 0.137479517403573 0.824996244551202 0.592535887954866
"cg03795574" 0.0698855432857621 0.0595467511429721 0.72670851805075 0.0752768033608869 0.338748765308421 0.0876680603828937 0.604945704713514
"cg20513976" 0.0411110313013175 0.0319210862384938 0.839625536803092 0.287020057277464 0.0784984850830964 0.893022508401352 0.241245157857586
"cg00446123" 0.0829900044411071 0.0670963807987615 0.866615717136329 0.278986169619871 0.107308498961454 0.912026323879864 0.234011494324076
"cg17768768" 0.953323382939064 0.955862100677692 0.943262544588711 0.0651844989497961 0.955341141571841 0.949494601298955 0.831766315991295
"cg01598421" 0.954107580614663 0.955083926633189 0.952284356026891 0.0685867272571391 0.944602708369959 0.959629549383748 0.760194618167791
"cg25131632" 0.939543657915295 0.943518941513929 0.934968194213601 0.0796851396685121 0.940232703271784 0.938299754835589 0.749635955861914
"cg19276014" 0.961862908661053 0.961189432908463 0.958604217676887 0.118409696527418 0.963660822753013 0.966769434681488 0.874092637756339
"cg13738327" 0.961356113514726 0.968039430179053 0.956044711487013 0.113693562985333 0.92816092222224 0.960789161612757 0.850926442285907
"cg02212339" 0.912616118787579 0.914689675750671 0.952686734236889 0.0934317847218816 0.949851908454244 0.952086534843216 0.791347136827004
"cg16210395" 0.911022759966834 0.911603140495492 0.892511237145839 0.0628164788250471 0.899656180884782 0.90239418619244 0.685988419468714
"cg11699517" 0.97349724178417 0.972776283091797 0.942717452803596 0.130730271527706 0.964136842399768 0.929735891555599 0.850066553782996
"cg01024458" 0.877712538906883 0.899046316493621 0.895890133008748 0.0670712495827579 0.853255626460438 0.912542135341851 0.789356588880961
"cg16586807" 0.910978909968863 0.917585876064237 0.901682447029813 0.0900007832122618 0.910119218881307 0.900194124066099 0.810209503658972
"cg26318872" 0.900522693103075 0.901070932749359 0.889554704621647 0.0812142465104657 0.893822009053068 0.893100397403923 0.792333128624948
"cg14482811" 0.956490338638432 0.957715789887484 0.927052015166281 0.114013326633297 0.865832887491305 0.938145196040249 0.801304696160804
"cg11661493" 0.872694625413327 0.877490108794701 0.853482815219477 0.0630705761593855 0.879739078965612 0.865040566284691 0.804634672374193
"cg09201499" 0.95136888395075 0.956116729579312 0.938752832374391 0.137189060656765 0.945085810217603 0.930992366579955 0.864273805803753
"cg05484949" 0.943198729100088 0.945812680058968 0.930484107081832 0.132350953165047 0.943229068823464 0.936772407885974 0.84578838857612
"cg21248060" 0.928097276629536 0.901429977452693 0.929069813408291 0.0806750812065115 0.705891000312714 0.940175684650857 0.757336660866804
"cg20602300" 0.894930242918287 0.892642275861275 0.889130231785149 0.0930329004904772 0.891427929229683 0.88708790738873 0.816918002990877
"cg15348679" 0.928428534278439 0.968234226595256 0.870765901848126 0.114991743340535 0.937891162846094 0.897106342817493 0.745802202393473
"cg13283094" 0.901346695714812 0.896131382408366 0.88360346869793 0.0849067800619146 0.870313493210225 0.885925857796985 0.717242212564273
"cg01868869" 0.898788415411771 0.896504823791458 0.88656208338092 0.091303299816129 0.892022799971682 0.889040734515438 0.729740509296941
"cg03131366" 0.893367398906307 0.893102568002796 0.844463239771913 0.0818328566867994 0.864243129143648 0.878080107656019 0.782076292128719
"cg16411445" 0.957292920371939 0.96012819660595 0.945301021343935 0.154354433105436 0.929287448890927 0.947742372807087 0.800791084555242
"cg07558704" 0.928900766213304 0.933243203909483 0.918174362438717 0.139250060862465 0.934612777248298 0.921638873223451 0.857110931948191
"cg15235922" 0.888738448272535 0.88236643943531 0.836898200288319 0.0614956527995721 0.862556520812247 0.821224440247737 0.663060526342309
"cg17995557" 0.874199873421938 0.868634294552409 0.860485170235826 0.0681857407545828 0.796379752208898 0.868753003701382 0.797420874899191
"cg26552743" 0.888096617376334 0.889157813129641 0.857935704627965 0.0732562842864749 0.854453295918896 0.857644379209659 0.664316585968095
"cg07435215" 0.883115554832102 0.887170206711754 0.844063987215149 0.0655349587155995 0.858196117109867 0.797511421530877 0.73819307157961
"cg14936008" 0.89641813424913 0.896941558204435 0.877991416142397 0.0991538038517131 0.890160246097425 0.887763287587862 0.737846823710442
"cg14066207" 0.809028069444817 0.817730543304018 0.910335134366409 0.083686271061063 0.8900634272954 0.919871285672711 0.746579371424484
"cg27106643" 0.86412628299061 0.873363783491305 0.880574476005774 0.0930608381083803 0.86555856408552 0.91105539799389 0.74891702714411
"cg25683989" 0.87529085712329 0.88405359546055 0.867500276724243 0.0797420216950467 0.849167565196309 0.859127822939083 0.673859304515143
"cg13356455" 0.898986476022212 0.892066331769473 0.877211153307286 0.079264240811727 0.783450288719071 0.867609284482378 0.692154914743342
"cg17679619" 0.86446239187231 0.87898179325853 0.856100707619752 0.0768704238354606 0.848486697344379 0.848765723198536 0.730316107829404
"cg00464927" 0.946585899616956 0.953202246487912 0.933720157123983 0.161047671644915 0.90758074438464 0.954273254311917 0.845588035164235
"cg22212560" 0.90768414288302 0.90920202420187 0.644738918523103 0.0595194859378398 0.889400309571593 0.849442830487279 0.778540415425735
"cg07721872" 0.737636881713088 0.812697900217148 0.913919705313697 0.0802555446095937 0.866737731998747 0.922936623828291 0.824759722011822
"cg16085171" 0.835994325698993 0.872017414040844 0.879425021000075 0.0920471438497634 0.883611417110817 0.88759798405796 0.725410224806518
"cg17634650" 0.891833702032547 0.892626650813894 0.881063129367071 0.0946032577243249 0.82481344860281 0.879740785513151 0.725162918777586
"cg01591579" 0.943858054156192 0.933689381007839 0.927163249378433 0.162065454674927 0.933812882852151 0.937608274421686 0.879289698908679
"cg18250453" 0.875634896616606 0.882352680191463 0.880561402019519 0.0918310330222927 0.789642350542188 0.888125526953189 0.814090026397454
"cg05524458" 0.876594686782967 0.882609681216462 0.843065353313213 0.0602439115391627 0.861234109882639 0.74312035252285 0.676329019806327
"cg01869288" 0.86113939697884 0.861085581323025 0.848967546330981 0.0735057907665784 0.828676655348443 0.860543983222778 0.691077430087713
"cg00760938" 0.872895994741778 0.869340644455821 0.853343381867368 0.0671982026228641 0.791887813695225 0.846425778459691 0.657126184984942
"cg16148346" 0.863252082742956 0.8641397361017 0.852266494600626 0.0836950725913368 0.858031461812947 0.853184085868125 0.731045827076965
"cg21596498" 0.808268858971689 0.851302393169875 0.868557342308645 0.071185938529441 0.836306159143662 0.86509220970995 0.700328207538415
"cg15532942" 0.882003903995308 0.885029495047663 0.877556762074268 0.089827787793892 0.839478590711758 0.866810747859761 0.645289992798555
"cg03860768" 0.844518127630065 0.823925141177571 0.86420512493417 0.0671088177610942 0.849939876413122 0.848415417346692 0.63081687587574
"cg02630207" 0.872161555572973 0.878233016461013 0.806591371541507 0.0696889214553874 0.848174223538113 0.809073077204167 0.732040165286025
"cg07145038" 0.886437623965635 0.887693063261628 0.87454285313282 0.0932152473202268 0.8653948754713 0.86340607024244 0.619822912852299
"cg09469986" 0.867205763926945 0.87792750884556 0.850986207896496 0.0725965308013481 0.814258715615588 0.872050613529718 0.572517968634144
"cg07093324" 0.196277683185937 0.259152573085303 0.144591578148481 0.816604938888364 0.47715422906376 0.0779500215866112 0.665067762476326
"cg23433370" 0.573248668275091 0.4704954287865 0.0648011696686744 0.831182439977791 0.0918163160652626 0.0395648270279452 0.646107237055871
"cg25616055" 0.0492944228629693 0.0419789447087297 0.0907088378447323 0.645781035774047 0.0796368405000727 0.0470349305123596 0.391962384615062
"cg16301004" 0.342714085761899 0.491481387306662 0.109006327097373 0.877819733977136 0.482076232073797 0.0805977545877164 0.644952853399426
"cg08446038" 0.114666767802893 0.199449605853507 0.132728308037219 0.801907531241691 0.524238105200584 0.155265732746592 0.51311051488503
"cg24834394" 0.306735309001894 0.29039214033782 0.347148164762052 0.860421477144807 0.355949478959708 0.075093273586716 0.592421402115527
"cg07859439" 0.0775712012504746 0.143049891118646 0.142995278308021 0.762612566641065 0.572250278288176 0.102886693145006 0.159264701964515
"cg03798942" 0.0855284088054706 0.156703015094451 0.549460201192995 0.779115591604329 0.0587871468998105 0.111087757089384 0.342014354656346
"cg03889263" 0.0969695841956403 0.115323668345078 0.101595501790439 0.763476491755791 0.596230362285861 0.0859781705010685 0.232569189603606
"cg20380468" 0.0648547387783669 0.0684086274008907 0.389707204358989 0.828895538108184 0.449312384744457 0.177542875048287 0.618194847292332
"cg02879423" 0.128644321638319 0.130388340505898 0.74961504724206 0.848109903474159 0.0872598080461385 0.106650756846213 0.598857432142711
"cg08698943" 0.173523450803088 0.349272334470576 0.0845484466545908 0.847907894881846 0.358730260107014 0.348968661108402 0.549699727277117
"cg27492103" 0.0951312576933278 0.0729608242023408 0.373230619802697 0.813471013263927 0.434637050228592 0.0817914975535152 0.62274474165183
"cg07725527" 0.124194652938743 0.11647065149721 0.1587706310276 0.733149047350778 0.115339845631418 0.120589946045134 0.586958599631051
"cg26366091" 0.23189279092856 0.284212446751793 0.0472623267896751 0.74510845321337 0.146925540638928 0.0571141138674831 0.473458775366661
"cg07091500" 0.125700000814635 0.175289623707663 0.101726789005302 0.774704742155636 0.48619307308355 0.104020900020713 0.314940464085391
"cg25983531" 0.393436078194559 0.334321539803776 0.108255434737315 0.806304324497721 0.133468719150645 0.0953160379957327 0.537423303852731
"cg09076077" 0.496101300019649 0.456964573235197 0.0825707093157564 0.829680311648197 0.0684957941141091 0.0942187750257213 0.510852252526232
"cg20025658" 0.0612748671370972 0.0538951015171467 0.251300199702178 0.706784280459249 0.0674157393081262 0.131727390572922 0.315045778939123
"cg23144473" 0.204061373516241 0.181767693555536 0.165719748068579 0.724827268834268 0.093045316677757 0.0976371238105357 0.13347989340002
"cg18020065" 0.694551297695062 0.464226394050624 0.0790140635026719 0.856636030684741 0.067623151189265 0.0700192632359214 0.385478705321278
"cg21278103" 0.432002302473975 0.431287915463242 0.131967464756548 0.87648856219936 0.440456835174774 0.112056753769419 0.205201937068855
"cg20317872" 0.0612481382724313 0.0833855652193089 0.393756145486301 0.882096707707919 0.125284049592784 0.655882963475459 0.689817579347973
"cg07249939" 0.280982046017592 0.242883834593011 0.222191305757829 0.814001275103923 0.0759093493606657 0.218665612003383 0.509264626528594
"cg09849688" 0.252238543451771 0.197295777466245 0.076665083031944 0.761477890040485 0.191546827974442 0.0746102067413423 0.425854349974882
"cg20541456" 0.0462352012101855 0.0746098144270518 0.0668593050688378 0.737091295209591 0.427566800036734 0.0372749991671491 0.459376167774706
"cg03272225" 0.048519023900188 0.0509881494841771 0.0969999613257293 0.677925521554686 0.0667271080263443 0.0654466886514372 0.366170203204003
"cg20450123" 0.184046521458061 0.205908084977274 0.160696104195091 0.75746219667229 0.0803470112549437 0.0734972450487352 0.461325472718516
"cg22446709" 0.0504899778209825 0.0525157715462676 0.0609484351126637 0.653218320888929 0.0530084296428002 0.0435739728614187 0.0834187067018986
"cg08682625" 0.0820844732072438 0.103824895966103 0.0793344037156575 0.765591892557252 0.327255743444711 0.0677036073734742 0.544272705974188
"cg15906007" 0.0934686864635983 0.101720172744002 0.30132207492409 0.755581692305621 0.0786624721957119 0.137568292647225 0.168508693325698
"cg01054402" 0.093883923337826 0.141158317935571 0.255221646121061 0.843254517759182 0.528523271272029 0.0896427468456781 0.434987486254219
"cg25518868" 0.103256259656318 0.152308506888771 0.0600303420490021 0.762754588878317 0.188598555819393 0.055129746354972 0.654716149212824
"cg00902153" 0.162922085837067 0.14462767851184 0.0612242634162823 0.863092622702855 0.700731891027956 0.089219539832692 0.51570524539999
"cg00619207" 0.0729282682867862 0.0716531390004568 0.142243580502774 0.832790441460001 0.0939891331374005 0.496207076355632 0.531505074479445
"cg09300089" 0.354423095012353 0.196745773466223 0.0716397739662254 0.810615999211294 0.0798992330025069 0.060504681249566 0.545880499516018
"cg01156249" 0.304820160132576 0.226776299222042 0.0731348065072858 0.914019208792928 0.634125165398651 0.0602560466453842 0.650586354263145
"cg19268695" 0.0607108490426011 0.0629667545671282 0.16009853303785 0.857859207202089 0.0942209124444653 0.598327546266129 0.567484188193726
"cg25336765" 0.285308674407637 0.296758695197122 0.0808233113535503 0.841222133573055 0.121102458565306 0.093337466493197 0.523036301710066
"cg21291385" 0.07074376627095 0.0793750754191537 0.388891058038469 0.836626051808254 0.128477473452268 0.0894992546042271 0.615423777845551
"cg00058449" 0.352781778494368 0.292362911521383 0.275144736985739 0.929400978159795 0.0705553864993303 0.246868927948877 0.618017811700623
"cg19269039" 0.0495666242877065 0.0581980862011549 0.170689290013368 0.852593214684702 0.0860303186528905 0.415571229806496 0.634359765021461
"cg07635227" 0.154636201143986 0.122761466949452 0.0415327701390831 0.858183103956741 0.457480600405951 0.0401422371894069 0.536100768705761
"cg23357708" 0.120240293042536 0.164687393407647 0.0683650744161351 0.807669218749431 0.146706250773029 0.0677215608691913 0.408805335106758
"cg14317609" 0.0734687913414163 0.0779926300556573 0.0659143775185606 0.753629114291662 0.0609328798351944 0.0609472582991938 0.0744094940429958
"cg17266282" 0.119480169464994 0.123172907382779 0.146845853729879 0.88927607248383 0.178040665334321 0.146477064102154 0.6797557441542
"cg08864105" 0.159668770819867 0.195834950169651 0.0710985884471879 0.872240004889431 0.110207324311315 0.0734709534804226 0.490822188171566
"cg08560387" 0.0806397890358663 0.0462048298345851 0.0459253668972973 0.823219755929191 0.0431957605696945 0.0423779904734621 0.344649987976719
"cg03429643" 0.0528430646360119 0.0491688679700538 0.0574961263879524 0.855839983028612 0.0514820488406843 0.0535614607304338 0.383327559810035
"cg02606840" 0.04459224385636 0.0424649515921367 0.0909842211253275 0.876698582023241 0.0504586007619217 0.0547570857069364 0.519590645796267
"cg12811871" 0.957144124370248 0.874254512570716 0.951863363843626 0.88301163619124 0.1387155171775 0.959769960706481 0.750588089493305
"cg25383568" 0.935592876011793 0.914492214342923 0.92816801038817 0.925960204047896 0.162806035621875 0.924981178103606 0.807330661523311
"cg27582527" 0.84264353425734 0.823254483761916 0.821909106738449 0.843647754832797 0.0647004921565061 0.836555311929745 0.55890729843256
"cg15956469" 0.937811001773185 0.919476003743795 0.937687381116557 0.933650349726206 0.178653559154196 0.933746086158473 0.849666036322439
"cg02384859" 0.893778824615193 0.863182588763242 0.892721120084871 0.894868783384651 0.126438577010156 0.895360376813811 0.682802382282152
"cg06040872" 0.903935655187356 0.846823915936153 0.885850551259354 0.900730094036235 0.123773452381899 0.863410660181618 0.717469361185227
"cg13617280" 0.87586383900583 0.871446199785781 0.847735809134386 0.864514862641363 0.0904456250115588 0.788201305990489 0.652035930200676
"cg05875239" 0.905822051283785 0.898322049409676 0.884760626693148 0.893530491368803 0.142915638290901 0.889469093492747 0.766816237695445
"cg24408769" 0.91656147020165 0.907883597778535 0.76436627769125 0.933383731692822 0.110159985001357 0.770379744261368 0.779247464921018
"cg21333217" 0.96170430025673 0.911535661926027 0.954180890534775 0.956702063717855 0.207345393791938 0.962713947847981 0.874127556602007
"cg27309871" 0.893162743038006 0.863950717754272 0.884042529624509 0.886193277779733 0.135325792833855 0.877320274446575 0.724363839404888
"cg07307830" 0.870743812895123 0.789504534620281 0.867867999019553 0.886147838025317 0.113444834018638 0.879812577544197 0.675136636428375
"cg24430034" 0.962807675894003 0.910505549944475 0.961494797637919 0.960059448986778 0.212945855581957 0.962459391760522 0.858938977552154
"cg06202778" 0.883107485844818 0.840139494550875 0.818752289739671 0.886324403315325 0.109595380183804 0.853175371898254 0.627628729764158
"cg02150910" 0.880688492222901 0.840522908098465 0.857452296947025 0.879458384643735 0.117584457296194 0.848778102252478 0.657732745706789
"cg27274718" 0.890360048527605 0.872499279040319 0.866491825754881 0.883844553655169 0.136109058722305 0.8756149208985 0.699631427641281
"cg00805874" 0.946624903083554 0.814633725058399 0.93148002989714 0.937695468948244 0.173886729428566 0.921901901768079 0.763614497444082
"cg05653887" 0.881736779454704 0.844830397309602 0.870102654395089 0.887841993508054 0.124456644788809 0.870728691984264 0.598654833648896
"cg26012482" 0.806396686999016 0.797901186429701 0.854401480224777 0.871730149857923 0.0986542714257901 0.85358876691938 0.664635819972486
"cg13917614" 0.919758121218941 0.88385705508727 0.899337033598155 0.904584280673161 0.163440816528613 0.913196357256352 0.69854353229787
"cg01940139" 0.876096731079995 0.844946825093415 0.88130749060518 0.877041820813839 0.135213402064948 0.874256973376116 0.724550793980292
"cg22488278" 0.886379264406971 0.844709640581368 0.880353806965913 0.856618819575396 0.13767911271203 0.884759714165364 0.756287289321558
"cg13613174" 0.886660183853169 0.855575551197906 0.865296652339521 0.891209181305829 0.130376469028568 0.796111735490926 0.766189991399888
"cg21474838" 0.872059196406245 0.843326600398323 0.877344071084282 0.88156951967314 0.139157964131634 0.877680721150902 0.726053337278282
"cg21634628" 0.830854417205023 0.812583133013018 0.872660680301539 0.844852557405215 0.115832383341219 0.877645423599348 0.679039611784391
"cg05593759" 0.880644655157884 0.830165963632695 0.873017063982386 0.882980269058681 0.133374826217881 0.875697636831292 0.635054188167749
"cg18672716" 0.879522835650227 0.820544616932708 0.851476809014175 0.879605240202221 0.125942744920014 0.847956562210842 0.694979433816235
"cg26275360" 0.867870824613322 0.837352519805103 0.847482656781137 0.855821935010471 0.125883836530967 0.86073979687331 0.701439586561467
"cg08985282" 0.863963335452479 0.797056436261426 0.879428725753686 0.861793922017041 0.130606427744777 0.875581849747132 0.718711237881899
"cg05656688" 0.848849425690215 0.696249406472074 0.888843935786613 0.890537046637689 0.111162672784092 0.843661288183795 0.697996673359844
"cg19696012" 0.885701095979019 0.853254324624125 0.880386967968235 0.887699390302697 0.156648976156697 0.890209654617299 0.74908499697585
"cg03538296" 0.839489952118136 0.732015525931445 0.837222380066372 0.844750979454837 0.0959538461837987 0.832409956481402 0.682123079522069
"cg22749642" 0.864159777767227 0.854323102425055 0.855247756632853 0.872800668648135 0.138018463019329 0.855595226617581 0.713801799085725
"cg21828319" 0.89199368855578 0.854676998745926 0.865897998917793 0.813213312723708 0.143752614229637 0.878463326785806 0.785234967835368
"cg20657709" 0.876489253665672 0.858288623477055 0.860855203682165 0.863886668295062 0.140317014806719 0.864318492735805 0.669669721661539
"cg24578857" 0.91969044936194 0.866435218232745 0.95045031011201 0.950919263485811 0.214818822411127 0.95398237641866 0.823719024386425
"cg10628126" 0.886215041129968 0.870319557912138 0.816582356570756 0.890515473782293 0.15334042080501 0.893343305307158 0.724648199920984
"cg10796068" 0.871191298922341 0.846100301960161 0.832527979956562 0.865066866221119 0.141361616278377 0.858516726829377 0.758828472457823
"cg19915997" 0.878514703283661 0.871039377474044 0.869182251886257 0.887614432304526 0.15532561433242 0.870597971053085 0.680738142630661
"cg20987610" 0.88382986571491 0.881237405056319 0.773624581158884 0.869933824709047 0.135557634841553 0.882207062800745 0.648901820447836
"cg26209730" 0.93336980586103 0.920274134562038 0.92403179579916 0.92072304449595 0.207482061503488 0.923050069860497 0.764383265277436
"cg02663352" 0.881019104662805 0.853781865735672 0.883548805737463 0.860925952419979 0.165407282459929 0.896607522689844 0.807348876436132
"cg26227465" 0.846834521481676 0.729217717520353 0.838705214188752 0.867828663799645 0.109825157211032 0.86336697344196 0.609189148380937
"cg13209388" 0.899698431110981 0.876133434167652 0.883869231332266 0.890155031861339 0.158084521912798 0.829284903328414 0.693178910163317
"cg04784635" 0.831681387213452 0.800339704595444 0.881942316640182 0.896417919136938 0.135112576548216 0.88084060849303 0.585198676723942
"cg14301562" 0.871652516756668 0.837512858395205 0.857203802487624 0.874726680321064 0.126077275256776 0.813067291398688 0.565311139743249
"cg06815003" 0.864686879083256 0.877750459577909 0.865978563024028 0.835005737245908 0.146975639856886 0.878407724962303 0.683876873664954
"cg09115713" 0.914971066343083 0.738128554063256 0.931644857897695 0.865337441711972 0.17494845198105 0.958650286833561 0.789835432634251
"cg14384416" 0.876426873249074 0.843193749435514 0.858539440227889 0.874182702388427 0.152343971751775 0.865921210892582 0.721584184287033
"cg16340422" 0.919739257079558 0.887022949009846 0.908477284466947 0.922765420564035 0.182257179750586 0.919491412342982 0.511656083625106
"cg08783514" 0.0812096823949109 0.100014226409358 0.557433388940843 0.119544257922363 0.815543427364578 0.754194045183021 0.672127307375427
"cg17654050" 0.508620673277696 0.38689445721379 0.220272053513387 0.216393280192283 0.766139934176517 0.232842910982021 0.239579068833849
"cg22729539" 0.192615428546956 0.273272056481957 0.0620243381316874 0.773277867615438 0.719173732090372 0.0507471446801061 0.150854592767509
"cg24315421" 0.351306590596415 0.54933154247057 0.0747302128951083 0.494904371657473 0.762828426039497 0.0655497853485078 0.289470176050906
"cg16719404" 0.130589779610032 0.187104377746639 0.0843350949269712 0.558766785249746 0.778213048527141 0.554501944731965 0.474710531309431
"cg04887172" 0.420637587641661 0.484323643661381 0.132485817841257 0.159923976272046 0.713875281374747 0.106273824739074 0.146763684745594
"cg17801864" 0.217465331590975 0.325510933807413 0.081353241807638 0.103315913149181 0.626696518664804 0.0833259403063876 0.179099069712958
"cg13318771" 0.106997572776344 0.127924729658954 0.0627014252178979 0.0854417888023466 0.569562459383396 0.109741560836928 0.146807470401945
"cg06875488" 0.442078767815882 0.456131430472849 0.216145934312073 0.311249929971486 0.802938532753318 0.289862488615255 0.235413632189474
"cg15356966" 0.266737536594845 0.179455810348213 0.0724379513208804 0.0963680373059807 0.606708874934247 0.0704078313851957 0.135601265918128
"cg07675477" 0.23216014691175 0.348440632630655 0.178086049341985 0.190921595863707 0.695537144468175 0.180152517460331 0.222811304924948
"cg03339537" 0.425150746479416 0.305430503563809 0.125877925340222 0.131298133371375 0.690798379629638 0.133425390777205 0.161053790358
"cg00629585" 0.160807347927223 0.180320060900336 0.129157805602437 0.13979526303789 0.623424443714599 0.119565116392172 0.166920030363052
"cg24728803" 0.454999747707401 0.552215280040407 0.10629594424171 0.124971798166201 0.730900296207374 0.0989903638210982 0.15445833258144
"cg27122888" 0.0739309417548452 0.123310752725058 0.0679213136260796 0.0816339379970416 0.57289914788403 0.0696672250804398 0.220496923729783
"cg25887844" 0.228438076709182 0.272080448567265 0.168733122042009 0.459004332613697 0.737817822092384 0.11898208318778 0.369378347120781
"cg10491452" 0.14568568155833 0.24542176069148 0.0603692778570942 0.060419227301891 0.593804667438602 0.0603704369414208 0.114144691760314
"cg11481582" 0.39336800572021 0.439632711822631 0.0541272978113596 0.0435373282000168 0.670680636615307 0.0554132909417268 0.140109069428067
"cg07687131" 0.489026795063475 0.55484110035883 0.0840913586991582 0.0853795310193828 0.724575709888569 0.0757085565089385 0.114062569362081
"cg03677056" 0.638045605492953 0.703762036429141 0.12149937346504 0.132526037546884 0.809003633008071 0.10953831602696 0.169685471319531
"cg01447281" 0.059747872486811 0.105675922294246 0.0637192542422454 0.110264973888112 0.574000893218821 0.0595853846750248 0.155667415354136
"cg19736900" 0.428224478020719 0.539679947332598 0.0891085876905102 0.0898111466249454 0.72957971240562 0.0844676814359191 0.205722966817288
"cg17087974" 0.446878817152427 0.611440377320301 0.0751609887863334 0.0735677984197665 0.744854278463129 0.0712604541508231 0.292192963040874
"cg21638533" 0.196349561713082 0.284667736803175 0.0715377894722398 0.863840200168301 0.81577262289735 0.0741960155559279 0.681074355086154
"cg05608790" 0.310868751090561 0.57035095152202 0.137929152112139 0.10796062742621 0.761096230640214 0.23233654911228 0.248136612201857
"cg25045219" 0.0963136323914681 0.56307599520879 0.119944282282771 0.35033724394184 0.7413975057558 0.137340826607205 0.205430992090624
"cg22442430" 0.0865656839322736 0.0921108975733256 0.15873142061031 0.119321952049382 0.684814272310127 0.339226765705231 0.522469843560312
"cg22589728" 0.184372276769293 0.192752239513103 0.176771216552565 0.135389659437421 0.678470451719077 0.190654140881683 0.216585613697181
"cg09958402" 0.311191333086015 0.469213205455706 0.0464021433682457 0.0413298991408783 0.681388582998438 0.0577726946608145 0.208136651941522
"cg26348226" 0.27631157623717 0.44119303926517 0.0735606939500602 0.0631389031791906 0.686616821157883 0.0995304459136388 0.196666883959512
"cg03780927" 0.159753068098583 0.128750939081269 0.137491648280733 0.245729881329361 0.662005291740452 0.144014374260279 0.140326537652732
"cg09101151" 0.220750823761671 0.266350431374074 0.140631527784687 0.0658082550209179 0.692669636850859 0.164011730675291 0.419294905511258
"cg09747445" 0.190903928054772 0.133373405804253 0.499562742812358 0.160185758230595 0.81876088689636 0.521841352887593 0.327278902647888
"cg26971042" 0.0723317454456709 0.0678414025139163 0.13389102163912 0.0653483621384763 0.618148326877502 0.141875962616595 0.127576978696209
"cg14649507" 0.463018175705496 0.434527483493089 0.081571971161977 0.0748896853598391 0.759313994720627 0.109840665975278 0.372230579401559
"cg27218978" 0.328641541438566 0.432541949161284 0.212309970302779 0.144059270274867 0.780925136484916 0.0774436343337297 0.517120243919804
"cg22897715" 0.22710420837192 0.239543589261617 0.0461854303333121 0.0781145361455565 0.65452992416869 0.045399409641422 0.114181624618221
"cg03837680" 0.126386097767299 0.216024657971411 0.0510781958241381 0.0637767773168567 0.647138563080202 0.0520087001217438 0.305934107644064
"cg21232161" 0.265304761506609 0.348796353121423 0.198725131169733 0.0903104823954865 0.757483378321987 0.0919820355018678 0.50022364407333
"cg09001226" 0.319976091502129 0.250686198300163 0.0969069591054696 0.227037185513831 0.773077253356646 0.0984299207114028 0.576321561708341
"cg13404688" 0.354287377512013 0.561746657808324 0.0714912559464764 0.125887500229733 0.803336316945248 0.100403008635918 0.369391401791438
"cg25817701" 0.186762785141296 0.151730398086648 0.403736634970717 0.042831218057386 0.84890619787645 0.500603966408742 0.596640977270356
"cg11173131" 0.237717918087628 0.337218764939689 0.0505106616035634 0.0585509902300395 0.709131123625324 0.0488661129018067 0.179435838500627
"cg07381806" 0.109402615081603 0.1263687440715 0.0959584530503417 0.0835809291839381 0.729760838751716 0.227871018363649 0.505886653456479
"cg04179740" 0.0601945247375519 0.0543204878696553 0.0679178517466846 0.183468060071097 0.694520212244382 0.0700440377044711 0.481910043777593
"cg18881723" 0.0541411588189871 0.146677776451272 0.0640995205569356 0.0584610223571117 0.677966342562102 0.0875749681216953 0.225326247038256
"cg12273325" 0.10366690457835 0.208678427561432 0.0538647667838671 0.0661569608797562 0.71159307872277 0.135391026512847 0.216144897120712
"cg06117093" 0.13435663112287 0.327174410149922 0.0652811128789594 0.154296528433195 0.776157392160087 0.0854220848838443 0.599919413155018
"cg11358405" 0.2145908542786 0.333077757036841 0.0451368716712113 0.0442446172490375 0.741405036957147 0.0424388576742865 0.158165961440559
"cg17766305" 0.092167304805759 0.201139177533295 0.0544513201530568 0.0485001900329693 0.825893706033116 0.0922758206507179 0.193274132838121
"cg05398700" 0.938188899375045 0.948026409021991 0.854130086309794 0.923669873983895 0.904744727898749 0.0845570708930382 0.807156864796659
"cg22381196" 0.913669849824874 0.926633182386089 0.628695582564751 0.917944407202169 0.88463298812721 0.0570012790386051 0.775852861391041
"cg16802439" 0.954037781370848 0.959251655792503 0.719644105678999 0.955364685131851 0.884545383879374 0.0991312490318939 0.729308918183542
"cg25739938" 0.894358916886288 0.902276410115544 0.856175560391689 0.89374910577015 0.866301733116785 0.0919473818705925 0.730325823851171
"cg00705730" 0.87764105778225 0.877020128607698 0.814359357969465 0.876147612011335 0.838544642371388 0.0735240552628531 0.649606111417708
"cg13468144" 0.885739984402443 0.899201344658869 0.873783703210198 0.8964734672912 0.837152277306845 0.105966236646202 0.762350180058207
"cg06270401" 0.893502136849111 0.894611489791409 0.794904290926584 0.891409815796089 0.829788549110681 0.0751592280789063 0.554882461471221
"cg23819411" 0.928266368228513 0.937298325618833 0.698383390759559 0.924002653017292 0.886300634716901 0.0980161077928315 0.684094149610827
"cg19037107" 0.894263051534682 0.896587485532067 0.830408214977881 0.892157161532234 0.865792593876903 0.107869839342536 0.756078635832514
"cg25600606" 0.898493275698296 0.89912316098578 0.827196303889628 0.899774357330506 0.870316158671944 0.109419295165496 0.729047171139467
"cg12483340" 0.882964997274128 0.88619553514117 0.710318784281383 0.88462848718453 0.845445245196346 0.0733852222648776 0.680314382532012
"cg11313468" 0.875831950037728 0.881667594301275 0.731509342787516 0.876039481254987 0.817194796678194 0.0729366313856881 0.727121843696982
"cg01692842" 0.882309779473701 0.888570468816479 0.795441527886949 0.87375569432334 0.824626323636101 0.0866108707623013 0.655529557827174
"cg08154963" 0.876666372872219 0.877851747051701 0.774447377582301 0.872099120887339 0.827892469903641 0.080548929719649 0.631595391943705
"cg08253808" 0.884276000872379 0.879059852431308 0.675119717231337 0.853066340248019 0.832948442474688 0.0662469277027486 0.723830185424031
"cg15878616" 0.96092332719167 0.966646247553242 0.516235389909203 0.959075324289356 0.925786330432011 0.107079953056584 0.820724704768677
"cg05936004" 0.898651832628575 0.897011761340637 0.764323251615926 0.905360454436973 0.827381535133111 0.0979918753568519 0.691884802751291
"cg03340036" 0.882634000923336 0.891137409692569 0.726388932001535 0.889854830204743 0.863355493126733 0.0940617900372666 0.745291348662703
"cg04858164" 0.874841523382796 0.887086932279785 0.813942085684777 0.887704659790754 0.881454958766574 0.11450560091707 0.761055667318626
"cg00439981" 0.902216102228656 0.915242730131226 0.530690959146157 0.901265964686651 0.883482034411831 0.0696350201435876 0.763262806567761
"cg21685770" 0.897934374156935 0.898668670676173 0.621822997092422 0.899021758926611 0.8700843203427 0.0708843147598748 0.560357750211803
"cg07409471" 0.899169418809545 0.911193967903742 0.762566142286557 0.886622573792971 0.85975949413397 0.116747040443498 0.754593062461411
"cg04609694" 0.874417175151248 0.879649224041508 0.787941186506583 0.870505411860592 0.844976415769845 0.105777291351273 0.729420627138634
"cg03637218" 0.880657226272851 0.869256728484898 0.85402345219727 0.867366298935636 0.858786090712388 0.113188938712994 0.623753899846784
"cg07790752" 0.891678625854187 0.889244473073526 0.688577422385957 0.901455356071014 0.832263304305469 0.0826817209445158 0.572403813696794
"cg10611016" 0.902924262046632 0.913769081390506 0.623811748218897 0.897054558340524 0.879241254377186 0.0921822113617354 0.696396347085313
"cg25605731" 0.950205789712288 0.958413740344654 0.431199520670707 0.957698788480346 0.92775381520959 0.0997738406180493 0.80948478861599
"cg01040749" 0.878589338410767 0.882556239166578 0.679269392657084 0.873869268025934 0.856222560107214 0.0890460166975021 0.709220065599891
"cg15658793" 0.913728094317923 0.910766099919111 0.678979954248737 0.921143440793119 0.823813629454162 0.0979841633743658 0.631264571452455
"cg11596902" 0.875802682228002 0.890299484337303 0.647889597616252 0.89406062680105 0.832030025077789 0.0809107366277298 0.658561498618217
"cg25693317" 0.886362292423302 0.888708133965866 0.772791459551798 0.882903494201947 0.843553333385794 0.111673783475748 0.698852843473035
"cg10487428" 0.882664257889607 0.886136519878545 0.714231296238493 0.885654868278182 0.828826736517846 0.0946759449446574 0.650043795438232
"cg01699630" 0.876460153380341 0.882217098907875 0.843298618514129 0.874704144901268 0.837048023808934 0.123399122886308 0.708741255545473
"cg17852482" 0.876102171748561 0.872975804069542 0.805545810025685 0.867850504462026 0.805898664650316 0.106718090114431 0.678529319950575
"cg13595556" 0.896358233832243 0.903130346838993 0.597178124642914 0.90331019675949 0.750129242133223 0.0720281836174683 0.64839301167665
"cg23169883" 0.959732760093199 0.965207481587421 0.326455790849618 0.956008612081851 0.917868726822757 0.0845756024526366 0.702478787173875
"cg24737761" 0.885143359451179 0.880741573806191 0.777875281476035 0.879951896765055 0.806868424702455 0.11292760136396 0.663795397660134
"cg23338668" 0.865893065781791 0.878034014354272 0.821652057991815 0.869590215737048 0.847145408702566 0.125227076158526 0.651096377118649
"cg09342997" 0.852963273446472 0.86806509967208 0.720220894097463 0.846884222616954 0.846500649789336 0.101359452317309 0.724471218773947
"cg21792134" 0.911170824961816 0.9188022975867 0.848755169993423 0.907494600002618 0.887571200997485 0.169399135101929 0.763088300724408
"cg27510066" 0.860232636381278 0.881437730919528 0.740642972247519 0.872913122864777 0.837880558123401 0.105153950375101 0.600946796342906
"cg13618969" 0.879103961219635 0.883085267699162 0.844231617837131 0.878407637630019 0.843367583893888 0.139992225627267 0.687151986178771
"cg25074794" 0.923615849145614 0.927940488719299 0.811329724523435 0.925869889292455 0.857788282995786 0.166352076899324 0.763177496800478
"cg09418321" 0.864025767448475 0.868066806519673 0.759427068384599 0.869747673159271 0.775593765688331 0.088426405700169 0.473437292889196
"cg13633625" 0.891587376610789 0.899314386697846 0.604960338124625 0.884274262652312 0.864210651003216 0.0976262598063039 0.633883993768694
"cg19867914" 0.881822784786812 0.891139396170902 0.597594598863811 0.895004926958914 0.800607227895899 0.0866429337809664 0.668591553669343
"cg08418670" 0.957480161130864 0.960845732175535 0.549372181914647 0.956213262006102 0.91455225659733 0.135754520796721 0.684492463456302
"cg09535475" 0.864007841881245 0.870394091223788 0.632296529227581 0.864807352095299 0.829532028501319 0.0812617170491758 0.581604217279271
"cg12157761" 0.887261604493886 0.88984787532053 0.517315641379069 0.882520803569283 0.846431272795108 0.072855215991849 0.594534041822368
"cg06465076" 0.886530953407126 0.889000879572584 0.7262701403132 0.880612439473372 0.868046941745242 0.125813248358963 0.644579355497205
"cg12810837" 0.0660984318263023 0.0545437636601205 0.648607690876264 0.0598877513405612 0.113163827041778 0.721452189983939 0.472324590946861
"cg21774136" 0.202327246435025 0.257647701328802 0.654813376090243 0.221588396304423 0.323693503495062 0.843293481334033 0.368124914791533
"cg17843665" 0.202569356851916 0.447567756894984 0.0808472551824306 0.0699862807554816 0.228708971138767 0.71634651430748 0.374777157036983
"cg02368508" 0.39034101136683 0.417063266271968 0.283269410284724 0.042702427344969 0.224716204264237 0.788301285500472 0.458717841443526
"cg03728799" 0.0824168898091491 0.0950742058613477 0.763586878653907 0.135801667451127 0.272126772550937 0.810383512636568 0.576159990948064
"cg17322655" 0.0922079330423196 0.0885025299960413 0.752685715732733 0.371106740444508 0.503516967784563 0.906916393080001 0.718261019884418
"cg23280720" 0.0577527518352843 0.0561468690949683 0.585468737818734 0.272478786854098 0.349549916534501 0.807407035923415 0.611431397047598
"cg25133951" 0.243543715906837 0.0925344569540247 0.431844825841102 0.0580357026079923 0.0974670128045172 0.734726279952188 0.523645759827812
"cg07613391" 0.0686215862702635 0.056967767423014 0.659455989190451 0.239442529353083 0.131509810213634 0.777166508463253 0.440176277575227
"cg00754552" 0.367071996888684 0.35166387902286 0.130315225681777 0.116838010815775 0.264877691055225 0.784668597375238 0.556949131854401
"cg18920397" 0.0790507762889718 0.0658634090327062 0.633676150958253 0.234849925303704 0.130421438588933 0.785064380497452 0.513626663215933
"cg26106166" 0.137502233787093 0.109574721852915 0.671266101562622 0.188980927543119 0.131206140758115 0.787369061577132 0.213071776468302
"cg24310395" 0.0701601576344312 0.0633976408606245 0.629419319243456 0.34169397572604 0.102087931894502 0.783876534271285 0.23893101872717
"cg02212836" 0.0965882617870622 0.103871651434646 0.151459507520291 0.08026875457313 0.233622223556441 0.703886833796387 0.649750685992859
"cg03889044" 0.0851119908951772 0.0815907964677638 0.453764043499776 0.306105300310634 0.38926344608221 0.825419657846152 0.593081195503432
"cg14480046" 0.0968086547524889 0.072469370426147 0.838779914259392 0.173736442230869 0.467466009668753 0.912255306076202 0.813471719455329
"cg26360197" 0.0556847080589653 0.0468870804508965 0.676516609743525 0.274739420147699 0.104138219571942 0.779596795818614 0.213448867406124
"cg11354682" 0.481675647926125 0.526147577083177 0.110446485641031 0.0659035710770467 0.109059693057764 0.826330557621372 0.666398210991105
"cg27051683" 0.0937020872908908 0.0915367333273405 0.466941561439956 0.355916092364004 0.431953937289493 0.874481251190904 0.652140927545945
"cg07018090" 0.537919870851957 0.476752152457492 0.162328825267039 0.0426195650749509 0.303869804206277 0.884366770462404 0.695879630683186
"cg15535471" 0.10761550916695 0.154360868990269 0.469868526899076 0.3946908975256 0.104370998322371 0.81564440155009 0.295806211446373
"cg00795812" 0.0869559918061703 0.0817222630817604 0.225355009691298 0.215552145275578 0.372976557283784 0.779398194412965 0.506354570256985
"cg03526142" 0.0549586151445987 0.0424620035446162 0.708698527727381 0.37544278700259 0.0792509889591604 0.842430516292887 0.335406863411724
"cg09993145" 0.0526538932253544 0.047639412506536 0.0822882615228846 0.133044655947189 0.0695020475746968 0.689954054441041 0.476165027692893
"cg10699171" 0.086348883701595 0.0783122544829897 0.516249539486781 0.182521542862874 0.114493559941589 0.820851897514199 0.564359035601632
"cg23954655" 0.0737420788782347 0.0724840296573506 0.134249494612153 0.072358328462575 0.161490465239332 0.760691677222783 0.552084838619311
"cg25105522" 0.843472451554146 0.855961159988584 0.890758173536703 0.917822898684191 0.863020541851662 0.877665537194689 0.191275150984896
"cg06768361" 0.951095048916065 0.961283688406625 0.875790734695031 0.953144550779454 0.926929004341628 0.904020306467074 0.261876763663975
"cg15974642" 0.900630681232323 0.901955697861247 0.886393016552321 0.892180904603198 0.8918816872101 0.879536412186268 0.239119897092986
"cg14203426" 0.962217297042468 0.95981629729546 0.943341397615443 0.948574883360753 0.955477573339422 0.931321175909587 0.305362714399705
"cg02349468" 0.960186791025043 0.907577159214795 0.948967037817214 0.950502201919166 0.949811519444751 0.932900606410708 0.312683382171726
"cg18168751" 0.960406244498484 0.962262311447407 0.950270462465487 0.947629369095283 0.954075110871996 0.949615679790077 0.32531199621948
"cg22353369" 0.877859733357791 0.883339458495765 0.884482937693307 0.894396001315502 0.89934955643779 0.885295566675989 0.269233047098251
"cg03445653" 0.881052881578662 0.893807944274946 0.879802240548046 0.889595632401647 0.82954422939253 0.8964184575096 0.269433293061349
"cg19586199" 0.95087678499383 0.956941541372001 0.910225213210025 0.954863383934761 0.953733501160814 0.929091478289803 0.332875841943862
"cg17052552" 0.880097819545215 0.877778215073638 0.881815952789464 0.882906756934514 0.879091646203885 0.890742442153595 0.273687895648633
"cg25580656" 0.96273521979547 0.962503155725422 0.95612404977232 0.961034223643155 0.91945436311427 0.956887648239391 0.345513060145751
"cg26811065" 0.878619704569595 0.880403366219215 0.874262711356867 0.884834480551776 0.854310408684812 0.867007784164173 0.267834514640552
"cg22379472" 0.904384560930753 0.902298224155828 0.901000544333077 0.90656074560432 0.886446993755348 0.889015490111689 0.2976633564463
"cg04643690" 0.905797152422329 0.915002375900225 0.873179841804953 0.891666739722552 0.901104128970484 0.856608838673134 0.290501287078872
"cg04120520" 0.894274308918049 0.887332490540202 0.870487043838467 0.888035987440059 0.887090571418524 0.850982432653973 0.281324729361148
"cg11759194" 0.885377473405216 0.890623017943051 0.883733633565742 0.882503807548624 0.87797441851535 0.879016976734334 0.28671069104294
"cg03767333" 0.862749116234429 0.875712622480553 0.838095564941605 0.863559827851162 0.817925642844675 0.830885833174385 0.252227574833812
"cg23678058" 0.881061101465954 0.888377041343623 0.867613162329061 0.89223777023904 0.835424451595508 0.844591973495796 0.272737250884277
"cg10594510" 0.95378012628344 0.954074617562365 0.945368905586858 0.953337666750712 0.90298177163851 0.937930938650149 0.349574410130834
"cg00344445" 0.938273410924771 0.945236812469175 0.741950387099352 0.917982762455078 0.893417488678446 0.418865829354571 0.214197936847869
"cg20151221" 0.878354771976832 0.897103215834661 0.902437735611124 0.909402339878449 0.882615497104705 0.901165683084684 0.30391889811404
"cg26159832" 0.873594902145907 0.872642910754415 0.807009629095402 0.867826009719519 0.848063169884756 0.779298736810035 0.249399308765472
"cg00529757" 0.89054887671873 0.900161315241123 0.881532250616379 0.89095209772789 0.889690392488329 0.879329496097222 0.298431102195498
"cg23044178" 0.895427487496813 0.893973321872642 0.845898491621851 0.879682935992809 0.817153654911642 0.770745097134072 0.26087352083036
"cg21768884" 0.949024543133199 0.95717000807514 0.941242678280837 0.947531132455655 0.950909111931431 0.94641886159648 0.359138454653909
"cg14166189" 0.878946965915312 0.884030042334937 0.877486907014402 0.880132128997688 0.840094760151026 0.880930519808325 0.287370551262913
"cg14267862" 0.870218143463668 0.871704683915581 0.832285936880358 0.861907573340508 0.836761820517825 0.807832044694461 0.261259974637219
"cg08221288" 0.908513896490297 0.908403788508037 0.906145064070217 0.905038697891061 0.90530380559468 0.901370913360306 0.320754410555725
"cg13863638" 0.888846502679499 0.886795757164329 0.874375613576084 0.887260160881923 0.88504683251606 0.866055929884866 0.296820300556316
"cg02814691" 0.893836039811592 0.899317860817949 0.882362895506215 0.893596468609587 0.886492601079639 0.878840108407445 0.304586241117208
"cg14160419" 0.904781749262908 0.917604908239681 0.678390008014465 0.900562619754855 0.8873402175547 0.806183820455718 0.260877535924139
"cg13928485" 0.838191157333394 0.84991574556069 0.81375875976299 0.859522713344816 0.804419395229927 0.785069987807806 0.240961024815617
"cg04228042" 0.895476010511746 0.899416091635335 0.879007096092636 0.894977312520684 0.88877706538159 0.885178101017778 0.306470391199176
"cg17687789" 0.905024321777856 0.906535859230941 0.875692747005973 0.901577306072961 0.892631575133162 0.880179449788551 0.309461000983251
"cg26103369" 0.906630294208019 0.912985979583942 0.889052433786021 0.861477707968166 0.890764709395658 0.862501058944524 0.303922715484838
"cg20555305" 0.908734856507681 0.911009064091751 0.885855074525758 0.901698156060757 0.896127192317668 0.887826134320853 0.31581338629289
"cg12099546" 0.893728258655135 0.89325856625571 0.874853140413496 0.877801056444845 0.892428582308664 0.877686369325532 0.302229922112956
"cg17528559" 0.892407264428796 0.897988529824212 0.896762281251822 0.88707859254246 0.896011905947678 0.893386887423949 0.311693879338724
"cg09899564" 0.873404295321967 0.880061932513175 0.865542628889164 0.873580120656707 0.868974372398838 0.858946505574372 0.288236237829732
"cg24028828" 0.90437185037183 0.904219401944566 0.902596846228824 0.902101361832213 0.894834393871331 0.879503851917301 0.316348447056237
"cg07149267" 0.906651045836766 0.907203039176729 0.897606364521796 0.904096318627992 0.899981512875747 0.900677862592929 0.321195004553256
"cg12077754" 0.887187963504582 0.89655675044389 0.871758761745129 0.888090091501709 0.880727389753644 0.825497087569769 0.293642712773517
"cg24108508" 0.895652085743058 0.899487791782274 0.867267401580443 0.885062120702234 0.894762773244778 0.78046359225841 0.289478192799118
"cg15911409" 0.87224535526376 0.879428926485546 0.846127858162233 0.87273396446582 0.865108032329494 0.856321954561746 0.284914899957768
"cg13904968" 0.881347296865463 0.876388181984237 0.862250433068982 0.874668745870502 0.858385350933005 0.867047890900445 0.290138989787853
"cg11926444" 0.945288836018611 0.947972217712084 0.943066145422461 0.94106552874717 0.943386441047829 0.939064546573859 0.363572395219629
"cg04276938" 0.891112544291315 0.900559495113569 0.830532893376364 0.903099126140574 0.805971384808775 0.783952402368121 0.272858678258133
"cg16666745" 0.900531644478224 0.899152881335558 0.882594185610454 0.895938548910239 0.902551187982692 0.887221944160162 0.315541502763457
"cg13995599" 0.962620153394785 0.965310862625153 0.956941962205982 0.958881673449806 0.959386403607473 0.961814900437163 0.382394461128021
"cg26504110" 0.972025139787923 0.974403638590316 0.966114509871644 0.96964271567486 0.969386004081567 0.965494284189882 0.392413554284302
"cg15599437" 0.0665399353974609 0.15444767805764 0.162173335301523 0.0615766373626964 0.0524219844885678 0.0920043537167383 0.44876151257218
"cg17707057" 0.0772951465242586 0.0652292883462139 0.0947306396821558 0.213004392942496 0.0742347915207654 0.0688537276051859 0.450266096004672
"cg04754652" 0.0633667785104149 0.0599399765183999 0.118180139994354 0.100517150172383 0.0568866919885468 0.219941879842473 0.457577397582485
"cg09742465" 0.255514176865057 0.180241113369158 0.0557756970813779 0.0577660057263538 0.0514485443453357 0.0570484337339538 0.463690358856084
"cg19918549" 0.0522476481998662 0.0445075799821991 0.080140277943186 0.0573660125885729 0.0562550750896465 0.168835775981935 0.434606017308359
"cg05614346" 0.0815691310705849 0.0906742649446302 0.0930291861866106 0.105191329038521 0.101189912905193 0.0899227185590051 0.451590865119641
"cg09458566" 0.299672507835153 0.279608362561857 0.0800928958082971 0.223439288406013 0.115679949119638 0.0792985182556991 0.535951554328811
"cg03638781" 0.0748677446732744 0.0589079659131047 0.0953914402008573 0.0875862561758213 0.0607668519838292 0.0942014775842534 0.441070882672539
"cg25700533" 0.396601394725506 0.190054152470824 0.185063637441202 0.0605876469937821 0.493171428010835 0.244330077983245 0.622300780430601
"cg22184990" 0.0925481818717054 0.0781657272942462 0.0526533842652989 0.0865250189845867 0.0472196648423223 0.0553130813257472 0.435124521766779
"cg04466898" 0.0625874019512898 0.0573304428964014 0.055766815109016 0.0570419206002886 0.055465106438491 0.0554565696231597 0.428741154992394
"cg13538637" 0.0943823917947645 0.0911427336627277 0.291747095279658 0.0854585004175068 0.339374325730181 0.287424849404626 0.572599745900712
"cg13962347" 0.0450343857761892 0.03798283231887 0.0629264769936382 0.0462076974500207 0.04534301194052 0.112507102697269 0.432896098197413
"cg00360761" 0.289051776431943 0.278876313559917 0.189361776852554 0.21987412442672 0.0738161252633233 0.165798870908475 0.577228556781253
"cg19233405" 0.0263035129757034 0.0591992272125353 0.237782723689808 0.0309067944318812 0.366890253246397 0.255260969826702 0.541044670015691
"cg13203135" 0.0826325337013253 0.0650015635288975 0.113650950159887 0.0834468035490039 0.14238762002264 0.481579471371889 0.54295309800756
"cg27540367" 0.12719113621858 0.0636660728469586 0.0582815616893535 0.385902971897001 0.0982170778341776 0.0583039289229946 0.513831559553387
"cg08726900" 0.0783767126942335 0.0650295575057765 0.321633721839022 0.472846516129405 0.0947953362355552 0.418671742761672 0.631047348651574
"cg27485596" 0.0743570956841251 0.0800023561333215 0.336419419754284 0.219757806266185 0.130150596386215 0.414274044686271 0.600324436748258
"cg08317738" 0.195923434335551 0.249469702162443 0.137191126458057 0.132736970314671 0.129469841193663 0.128385216314664 0.548570184047016
"cg09729012" 0.132302837680027 0.141716155640549 0.171519949364005 0.157004223369986 0.135408143896764 0.130252904167638 0.533278348942709
"cg10825530" 0.139179131986414 0.112191371304272 0.180880562763273 0.588538411950695 0.106659483708521 0.335996829990063 0.633356850053638
"cg01099825" 0.0829021068974341 0.0586474236664996 0.303028674830848 0.0877376145329865 0.338353568832404 0.429465372609329 0.606877277610251
"cg20660269" 0.0317955034246607 0.0298603010266015 0.176727954525021 0.0363923743829036 0.0732187736605408 0.0627502012470297 0.459763491046266
"cg24138325" 0.226525966362486 0.179513279282905 0.238090732027049 0.0909016853877153 0.34976850882421 0.108990750520806 0.589209883538272
"cg03422583" 0.0789237256571624 0.0460129781352243 0.0478221807367119 0.045062028279242 0.240587666816467 0.0494025914386967 0.47731849167415
"cg11630392" 0.0953317350014807 0.0889850205237684 0.325609388121787 0.187212115682901 0.116728600367215 0.498044625909359 0.618482324405375
"cg13639901" 0.0984085536152767 0.0828810497270655 0.101569165350423 0.14353178582758 0.0944715135642586 0.121314622376335 0.51246318000684
"cg13415831" 0.103142022615293 0.109322231871584 0.0532185028390015 0.320777239972666 0.0515005803217598 0.0471695206523654 0.519552332717675
"cg08574423" 0.029825177891195 0.0322252465083157 0.0541549158685933 0.0304851502086499 0.118675390217023 0.113245427666896 0.468857231142503
"cg03636488" 0.0834418098934851 0.0944162624566334 0.125595972511271 0.075711623143566 0.143639251091663 0.174849695135621 0.532257695379928
"cg11958644" 0.089982180524735 0.113232228581514 0.0433893554671667 0.0457245866729076 0.202568759232666 0.0507517859813136 0.509646053169795
"cg25598890" 0.216486865995669 0.063880595585861 0.0450920092844199 0.0615759020452766 0.0414756317573218 0.0432785533233662 0.501261880087481
"cg08098128" 0.0708436628536377 0.0629279218680888 0.0608968131691005 0.108209103921909 0.105515495131468 0.0468856230808319 0.502049471304061
"cg15694422" 0.377677825047698 0.192046504586014 0.104768853918051 0.157822164350736 0.576582530603907 0.110201482095194 0.680092465283921
"cg13408344" 0.0843102681109558 0.0687527171015883 0.228209435366546 0.115649152161294 0.123225607699614 0.378817393009992 0.601934284649331
"cg20472746" 0.0662140525276664 0.0597032298698727 0.0834390287645189 0.207781277646753 0.0816453591260936 0.174278188610355 0.546255465244153
"cg12634208" 0.420087300399288 0.388071572755551 0.122263722370401 0.209346558152824 0.23946384913091 0.120230278001666 0.680551401453142
"cg13810673" 0.0491933581871492 0.0406698192950511 0.0509139185819426 0.399499545192303 0.0440286662368801 0.0860081216098445 0.546495194251652
"cg06637812" 0.0691595864230347 0.0654444086365716 0.0941520386128045 0.105753299603406 0.258408538866209 0.105143598959795 0.550145487196083
"cg15153141" 0.297900447602267 0.145010879654542 0.042325951885941 0.0427724329324401 0.0704863594465906 0.074222922415354 0.548022936344701
"cg20979153" 0.0903293876301766 0.0724899928254727 0.067838683296198 0.588535330638944 0.0910959377289293 0.0760944582991227 0.603045171555125
"cg04987734" 0.0553142778906082 0.0626553958981579 0.13208083371576 0.040808495001843 0.174519544811665 0.212700960702295 0.554030353780419
"cg23966363" 0.100486047069968 0.0505630104579627 0.0797699075252545 0.110623875714999 0.0556477800488126 0.0678144186557473 0.521627328086156
"cg06832898" 0.156822911101991 0.3192580991417 0.165720650196255 0.0665331284343213 0.585292483681052 0.0701956603551014 0.666603218286234
"cg15752436" 0.0536026324309634 0.0511415895657985 0.0655387808229325 0.0537830844596555 0.0585009769798375 0.149200163572843 0.518571241255144
"cg07884764" 0.105862460752973 0.0726459257901909 0.188330286902843 0.0763903846741233 0.0656900902425386 0.147586625616476 0.572560221722387
"cg02003183" 0.047664408613745 0.0466306491057131 0.0795907942998906 0.0479965732836719 0.0862802885086666 0.101519309347541 0.535433592051649
"cg10768932" 0.0531613052509541 0.0458877772232651 0.38088386618514 0.0500007603460131 0.0523151991640955 0.0672621172170283 0.623507621977511
"cg01722297" 0.127353022398518 0.113916655517903 0.132563637764196 0.373165896482295 0.181694174712136 0.126122965145311 0.706314013539267
