"GR" "MO" "B" "CD4" "CD8" "NK"
"cg05398700" 0.0887273292021351 0.819045088092658 0.923039462109195 0.940638477563776 0.950076986371119 0.919088395389627
"cg22381196" 0.0728833837069662 0.61156810053744 0.915871454098341 0.918606479103555 0.924151679846447 0.906131315945167
"cg25600606" 0.096860228595651 0.78308825866846 0.899972881635692 0.902018765673661 0.902694915407849 0.896054066497697
"cg13468144" 0.0981068749010379 0.828177125617775 0.89969422278646 0.894319612813789 0.904541743910516 0.860350634230633
"cg23819411" 0.0879901822596114 0.622415631407103 0.918888998623679 0.929180509414467 0.935886581932417 0.911969459262539
"cg15878616" 0.100859945995024 0.517388905813907 0.962219713486347 0.965682543768529 0.969047591827479 0.951745113168995
"cg25739938" 0.11453641192784 0.820947618300846 0.899615178731215 0.899353251157594 0.906414854392279 0.892537655766592
"cg16802439" 0.110913284299779 0.637463813329803 0.943683364939548 0.941367940959891 0.950132469358827 0.910764505269236
"cg00705730" 0.0943158576662633 0.786808149752206 0.879023758288602 0.881087026820277 0.890006938954501 0.858535265268598
"cg21685770" 0.0808520406187307 0.620436832395846 0.904439303319628 0.900205524999328 0.901942964187495 0.889992380549522
"cg06270401" 0.0958015484348966 0.749356635329974 0.885655662956569 0.896192464867859 0.896707111579946 0.855734589322117
"cg25693317" 0.10424066967759 0.751665367224959 0.889712853293875 0.890618734291849 0.895801522719143 0.86767230678412
"cg12483340" 0.0853313440649263 0.679770933605331 0.880379160266381 0.88060468080785 0.8892285174515 0.86867902405785
"cg11313468" 0.0859195415385699 0.685034436226959 0.877824379984457 0.878885438604316 0.886271645707401 0.845474232158952
"cg03340036" 0.111723013769313 0.715384835576911 0.901073592511645 0.892085541316042 0.901268380927004 0.884089392708421
"cg08253808" 0.0812024231695417 0.65363959792153 0.852901204572624 0.883702546713655 0.892935505900626 0.856710874653714
"cg08154963" 0.0999437646450324 0.737363468582369 0.870475786568889 0.875542162720788 0.881784508393851 0.855561772250944
"cg01692842" 0.110731247802776 0.766321631163854 0.87379512497198 0.883538784491286 0.904840151194935 0.844051575647971
"cg15658793" 0.10414952947402 0.650370713384706 0.916165721606236 0.90796071319439 0.911736945082445 0.852662628194081
"cg10487428" 0.103761971648939 0.70718125721356 0.88821229429554 0.888852219685369 0.893176764446897 0.858269850331215
"cg23338668" 0.115863693090445 0.791676317815648 0.876445141070784 0.871223341748953 0.887559786472695 0.865797582938594
"cg19037107" 0.132909590799233 0.797938645996263 0.894250182025439 0.896381908520652 0.900349549835699 0.885732357060983
"cg05936004" 0.117725673520846 0.736488495930592 0.908410030928653 0.899784138512509 0.901347839282133 0.851383617441922
"cg04609694" 0.108424606601518 0.749705677604832 0.86925367341211 0.870702254510791 0.889431764559822 0.868537922484874
"cg10611016" 0.103428689117933 0.596983950189344 0.894399089913301 0.906656934010024 0.918908780086084 0.902123959610268
"cg07790752" 0.102961193676207 0.667967361902743 0.90316044902526 0.895920356633354 0.891406740319693 0.854118824920617
"cg13633625" 0.0916353867482977 0.590072152659663 0.878766671548202 0.889305986048989 0.907091142011064 0.883965584286054
"cg01040749" 0.10240073027268 0.670770021106176 0.874322059325177 0.891343256198577 0.887124038708102 0.879227656474659
"cg27510066" 0.1050932693615 0.719397208729402 0.877580275161867 0.870744756858253 0.888636194271589 0.858692628366224
"cg00439981" 0.0891224759767991 0.49791300437185 0.903379278771033 0.904103130925226 0.921426688373084 0.904345471170454
"cg01699630" 0.127513697634573 0.807643565114823 0.877649139268179 0.883013774474761 0.886413314540832 0.858362152158252
"cg19081101" 0.100945027603446 0.516000891834589 0.922740832865596 0.91388001918809 0.926144161242766 0.894690522746628
"cg24737761" 0.117450036890616 0.760259059346105 0.885975025976175 0.890736529980694 0.890522078098451 0.827559598761397
"cg25605731" 0.113172995587975 0.427172735168037 0.957100001790867 0.943994250709618 0.957871343532873 0.944753528909523
"cg23169883" 0.0943093479149133 0.337664363842085 0.950848852347893 0.956418358433766 0.963309677636899 0.92166223213928
"cg06465076" 0.123945763785862 0.706201991086098 0.882188017940671 0.888432788002413 0.90402003097722 0.891319267855888
"cg05971678" 0.14181443571023 0.572939758181562 0.943710274156639 0.947860951512891 0.960418501005731 0.931981428699141
"cg25074794" 0.149637537284623 0.752357199725523 0.916761362132619 0.920703956044245 0.9179359656992 0.877911118142915
"cg13438337" 0.116308622707452 0.69960819712561 0.886260068370071 0.872701841434509 0.884133429574324 0.874593269764086
"cg13618969" 0.13364836309164 0.800895633855847 0.876358954729166 0.880524162699954 0.884668345193848 0.860560602434062
"cg09535475" 0.102027921652562 0.638531743118464 0.876826825977729 0.873367243512541 0.890218581425521 0.860072499815091
"cg13396713" 0.0759320093275136 0.497003586842673 0.874358796715107 0.870656101020592 0.895882834993037 0.867826887908721
"cg11596902" 0.101646239880917 0.619092412342381 0.889219698334396 0.876729102119537 0.890589077105081 0.846647811122647
"cg12157761" 0.0870489398077253 0.528754000359282 0.881241691445682 0.887324208218823 0.889517797124721 0.86243719292138
"cg09342997" 0.114480356186055 0.706037848333373 0.853614064981469 0.857080957768826 0.884066534928928 0.879425615024099
"cg14615559" 0.0980543204537545 0.631625217093208 0.854907491146677 0.874655373864029 0.87900657533291 0.855777301320174
"cg17980508" 0.091165695076586 0.661345318533804 0.838033972974702 0.854418603800241 0.859642096372452 0.841143803299041
"cg13595556" 0.0958899077973791 0.59738264437487 0.902353002363471 0.892430565225285 0.906979974706544 0.775866380390151
"cg12809098" 0.124594126266447 0.622549419838998 0.892926062133571 0.906476210397961 0.904573692922123 0.888911527329181
"cg19867914" 0.0998115898885623 0.59703488305558 0.897830381305685 0.879653231170419 0.896462661104822 0.818303511163207
"cg05052463" 0.810093259262565 0.792332689800088 0.0729657727945277 0.173595076731768 0.111166903716507 0.244740721850976
"cg24216966" 0.853402482141342 0.832483716272283 0.213795847602427 0.167842242886968 0.142849589201723 0.244351810250469
"cg14165142" 0.833678813223206 0.808641285330071 0.28138529940042 0.0924009076633788 0.0784965932220913 0.236515090761449
"cg03728799" 0.815567295688381 0.750832690790831 0.153186845634727 0.116592052977534 0.109281334160114 0.276470381009736
"cg12810837" 0.737138496484027 0.665111305063492 0.0744080465083689 0.0834700210892935 0.0731029111179855 0.111052282581693
"cg26360197" 0.78094215197151 0.687992779879637 0.308249718149813 0.0677376608831294 0.0583946834682076 0.103748725490377
"cg17479280" 0.893917915306768 0.526376250722283 0.0788176015542373 0.553135897592644 0.511475914216432 0.120173820228643
"cg23280720" 0.807874438850169 0.586291867136261 0.279002604760975 0.0712029836438365 0.0691922586859138 0.349611563280795
"cg13554018" 0.767751820945536 0.74593252596462 0.0660716181274507 0.134630243630734 0.109424611419078 0.0961614137824647
"cg19510565" 0.801463557913211 0.766347785960675 0.290218973391835 0.0854378003878385 0.0695507578286468 0.101233867683818
"cg21577598" 0.806022388590097 0.778486354094379 0.258876413532993 0.0664001432221535 0.0539784571629157 0.174634752426232
"cg21830221" 0.786637675634363 0.769009332004296 0.114416694451901 0.115041656700478 0.105438990060184 0.129724893882141
"cg25133951" 0.746549509727617 0.482892253419256 0.0730094888751857 0.230315928946239 0.149776254131745 0.0944945251826284
"cg02212836" 0.706164876516161 0.218379369904153 0.0991598405939804 0.124312950572998 0.124735605391897 0.24501009667763
"cg17322655" 0.897492319276826 0.706514989557387 0.349339008023201 0.114314074858993 0.114983603239687 0.482574099286733
"cg18920397" 0.784887763679909 0.641366492615456 0.252773137268775 0.0971285295386228 0.0832134510887962 0.128356910267071
"cg01735277" 0.795857111986704 0.680178809773527 0.318986497359651 0.075086214843651 0.0621877641434886 0.111169233715259
"cg11354682" 0.833435876172279 0.189270981962342 0.0882107058810315 0.517861675781109 0.535209722883345 0.101933043610801
"cg26106166" 0.811035620715077 0.677287244443792 0.218981100352425 0.132822588236795 0.136653044953257 0.131698547027528
"cg03889044" 0.825896618110396 0.466597837206286 0.298899223902474 0.104020623512681 0.106077173772129 0.397217787699735
"cg07613391" 0.789163573103523 0.654416369065021 0.254767425126031 0.0845096899635354 0.0661586125559405 0.128851594198418
"cg24310395" 0.817016151721459 0.688113605469257 0.3838232616949 0.0818440171687582 0.0767201938467972 0.0972902627254261
"cg07706695" 0.80491755382519 0.760753440902527 0.268390142653321 0.0692151260254647 0.0566387769202324 0.111422198820819
"cg15997393" 0.953620457641487 0.879901603987248 0.461854378588924 0.118995047109433 0.1917947102014 0.346073290167457
"cg19097880" 0.768707410418334 0.753255971606996 0.0783481633838949 0.0841973492422568 0.0653794383800079 0.0857265479324395
"cg16280132" 0.931349066775813 0.841707196903465 0.26822735019768 0.128525976295898 0.129429620773276 0.504438449739581
"cg16219283" 0.841117071208516 0.819420136180247 0.127769780034453 0.133936226504851 0.117595171750241 0.188961580134655
"cg17161520" 0.810585490368695 0.742986200235478 0.0818481581909728 0.0941375496525321 0.0880785784905006 0.191623614974117
"cg14441276" 0.797915908597538 0.771553408976485 0.0747769091604504 0.0920070694681348 0.0760790711219251 0.114540663872451
"cg00795812" 0.784239600669111 0.265577885093063 0.213385440935227 0.100979728469713 0.097052930722362 0.375039044509601
"cg08169020" 0.893802672028438 0.82905158944028 0.461000499588696 0.0759833993328147 0.0676504802981389 0.154282871133258
"cg07018090" 0.883008051607835 0.195978633671898 0.0505036409466343 0.518353449704561 0.489852495786242 0.27489009435501
"cg26348243" 0.936140224194098 0.876914068722229 0.221181595525189 0.0982879863516519 0.098376932873434 0.494385593610194
"cg21359303" 0.901951599580674 0.863606144527398 0.407162250781303 0.0890796213454939 0.0758610442782946 0.179477471260612
"cg14480046" 0.915364828420396 0.817767304437705 0.18756364741431 0.115500236622419 0.0834675672018377 0.475454375532485
"cg18148314" 0.852683099319909 0.794459882430262 0.2815645009668 0.0980442374462445 0.0681482180799567 0.0998957890979383
"cg09993145" 0.669299595927122 0.121107198040276 0.13724857722376 0.0537724174874827 0.0480279525836058 0.0534912813233826
"cg15535471" 0.843457446069997 0.484038658346189 0.398389744209775 0.131013521071186 0.158123022379241 0.0993016145921799
"cg03526142" 0.839331173969311 0.687031318364465 0.370824540924488 0.0655912535898044 0.0508284060710599 0.0722591687597967
"cg27051683" 0.866922772993751 0.437238465036704 0.318633330244084 0.100788922036321 0.101012592569834 0.410702695277037
"cg17169196" 0.856751898330456 0.829177220372202 0.0967906320957215 0.104361608111994 0.0841299707909045 0.174280551831351
"cg20805133" 0.849832409961471 0.764428964107038 0.134737437317168 0.0689388936930604 0.0531517065088641 0.221161506694308
"cg21201401" 0.841706196299893 0.741064963008808 0.220822713482795 0.0798730105869295 0.0689943404236615 0.0902205991223269
"cg14597739" 0.830554820938797 0.806999778233734 0.0678821983618575 0.0789873141609966 0.0658369432501449 0.121183833372874
"cg11316887" 0.861602722360459 0.783638660448583 0.101083443144422 0.122125636546457 0.089684963793601 0.108201523044925
"cg02737268" 0.903130815847144 0.771775860652095 0.0415564444258949 0.0411733420884063 0.0365898187414178 0.503194416329223
"cg10699171" 0.832839384516793 0.54392448278157 0.19785648159651 0.0981712268618153 0.0856689661399238 0.110263482450574
"cg23954655" 0.752933216178457 0.201172206462831 0.0879678021012481 0.0904141806796563 0.0844826004494173 0.162774847703764
"cg00446123" 0.904867309078424 0.815138974473535 0.253797798619351 0.0930115285970398 0.0767597996325952 0.0997815151412672
"cg20513976" 0.885558014939901 0.776751221254716 0.238563505052996 0.0414260082855275 0.0309062618537744 0.0529860230823994
"cg26872907" 0.895195419567535 0.120161671300445 0.91793339417449 0.908153084269233 0.925759534453995 0.899713524680317
"cg23244761" 0.946351453551451 0.193687956271681 0.954918880662935 0.947568478145402 0.961917837485484 0.943472349403261
"cg11597902" 0.281944817459544 0.0912506235189005 0.935130864529674 0.938069500607734 0.958188871935137 0.894870717278996
"cg20559385" 0.816238275227944 0.159109950279469 0.864838997735493 0.868777592675871 0.891374279308727 0.87399902627478
"cg13430807" 0.833931811273928 0.175451602580807 0.847964235592266 0.878750448813823 0.88782627286973 0.869968271340595
"cg24788483" 0.855413878780161 0.204854712887781 0.882879325474857 0.88012764250731 0.920255120915498 0.919426769863495
"cg18990407" 0.757207156364496 0.208196126160015 0.924272541582826 0.916293564478802 0.942410262373543 0.905659145589689
"cg12655112" 0.701809377248017 0.188375811026077 0.869024755110566 0.926109762937745 0.937855282652671 0.923993500805433
"cg10480329" 0.850120131027726 0.214953252589667 0.905994947565541 0.901914231657965 0.917456698150085 0.908725947295219
"cg05923857" 0.803351176042776 0.16897795942837 0.862593320043569 0.817905980294649 0.869847570331361 0.887279788094573
"cg20610950" 0.64377899687565 0.181841587706335 0.910246483647872 0.901897926470341 0.912120935700294 0.901140375278276
"cg23146741" 0.775203888066542 0.164760072398359 0.832575007892352 0.851517669278869 0.868951044252636 0.842316859957317
"cg00733978" 0.770986381574185 0.181369411700196 0.87423089957871 0.861711804794559 0.875380162573562 0.846053446458951
"cg03339817" 0.941762235367137 0.287257393029191 0.934531665978796 0.962602782762802 0.964742686923247 0.946318628033737
"cg12422199" 0.853293078196897 0.177755388863969 0.796308367409722 0.868327898360529 0.877211973863771 0.80225789943439
"cg10499974" 0.485954083410026 0.147468283614554 0.864512315590122 0.891716831166624 0.91476129070135 0.876823081174421
"cg22259797" 0.503732790672666 0.149888877312092 0.90780774452874 0.84326889579144 0.875283640032406 0.895621950471507
"cg10278149" 0.708328959104699 0.190669672981496 0.844302482548069 0.886313941949105 0.897550256039147 0.878689298832762
"cg01476222" 0.843224069618733 0.210887393593956 0.839648673306328 0.884958810993138 0.893315825348507 0.8524933619788
"cg18066690" 0.887209236684324 0.251456540784312 0.897983545265907 0.900618139876186 0.912761817149664 0.902740761792841
"cg24954967" 0.754629887287024 0.177147429628786 0.740724159700712 0.882803642378072 0.905240650374999 0.844732111012652
"cg08908131" 0.803438991117366 0.194774433363986 0.842206156687592 0.853910377734173 0.876693952193852 0.823986454048738
"cg26326621" 0.829672457216711 0.230111006851064 0.899277678758063 0.886546385750148 0.903452730040767 0.852310089202213
"cg11186858" 0.58382132750031 0.218674795977663 0.914615221569998 0.943457714560219 0.958500288539589 0.893647491089543
"cg18770149" 0.832617595816586 0.223081602504608 0.877062475636805 0.870455004569839 0.880009315496362 0.847360977189345
"cg00288598" 0.715403167102449 0.236152779127986 0.936454260589883 0.878104682199258 0.918746711298872 0.921626478284349
"cg10690440" 0.13084713472233 0.128369377982193 0.932528030699392 0.931408258153818 0.947575850672367 0.885649435596417
"cg02861504" 0.460876945406469 0.171104342258233 0.883966702735211 0.895757446434433 0.911776839721736 0.88879069684139
"cg02244028" 0.806030059450766 0.231303796508552 0.882045409769481 0.884883841360475 0.882839379133215 0.872924424154347
"cg06474225" 0.331170541199134 0.141702516441236 0.884189180962068 0.876933262611282 0.906633988771583 0.889145819672884
"cg09220326" 0.606397794704484 0.196302188958179 0.880270330257076 0.880058410750595 0.899801866502343 0.874644926319781
"cg23144445" 0.464010982537912 0.16020642232096 0.873175345539549 0.870665418362373 0.882839747390281 0.862633619310134
"cg16429499" 0.846669460129879 0.173079709868462 0.561033862527733 0.864302992123553 0.890527191686754 0.853273588163556
"cg19835973" 0.884349718873048 0.259890418913226 0.916215258775315 0.885955629391157 0.892311531461982 0.868470204349029
"cg14109551" 0.733487546197379 0.222831470969383 0.887894684746807 0.879077670376124 0.885702390679931 0.875400634785534
"cg09354692" 0.55348862804842 0.166757669692643 0.832843185790824 0.869898957926186 0.897645697646691 0.826883758228122
"cg09322573" 0.69110761900629 0.206158027843333 0.853038533656921 0.862866054075152 0.899082289873688 0.869628694522507
"cg12207930" 0.577383242305486 0.183761596659804 0.856148904798295 0.873318859658822 0.884268836254551 0.869823690912343
"cg22675702" 0.818793967042302 0.212629912046083 0.847257089695858 0.845528301992013 0.85159046521009 0.841742027472592
"cg07846061" 0.642965849057213 0.173779185707331 0.84775825746262 0.842831036988704 0.86553855922273 0.811092510950072
"cg18835472" 0.699410395498799 0.184952254256573 0.829435196935279 0.834389462161208 0.863529159037209 0.838581405790712
"cg11327657" 0.0700219415803096 0.113010975861163 0.919715953481014 0.916412739133772 0.934072787333058 0.861680625347962
"cg00101629" 0.789039788651317 0.242069902571586 0.881334785295664 0.883444033233741 0.91047729233721 0.882386263554265
"cg03533256" 0.63859116980451 0.158357610294716 0.832575262277177 0.814630441280549 0.831940510076252 0.806625450329744
"cg16636767" 0.864671259852267 0.248944664750319 0.864745613994739 0.87376793823808 0.885915677440966 0.881229821594222
"cg00091349" 0.398473159792884 0.136551715683696 0.840393336317669 0.85713326387796 0.871721709825085 0.836659624382161
"cg00208012" 0.750801782132632 0.241958761270125 0.901667836445008 0.891680084407416 0.914785473549753 0.870381513057144
"cg04468741" 0.788508328781495 0.217439823182649 0.870808571405476 0.831368423563911 0.85236370795758 0.862066470132286
"cg27366072" 0.710134140256118 0.214180679005912 0.841982288021329 0.882013594063246 0.891598517068361 0.861611163142005
"cg21159128" 0.0652886688679874 0.097329592675594 0.876343781265846 0.90548838739563 0.913007707632162 0.837481570887276
"cg26601310" 0.546397702918307 0.544481235142146 0.157406259325899 0.0977154445528813 0.0844762546374719 0.0943352182842263
"cg17635080" 0.45492257232052 0.529268182163628 0.0867370890073852 0.127685505760005 0.102041461359042 0.128060719793019
"cg20228731" 0.504194942508541 0.646332737316014 0.461808525072656 0.121266825963698 0.109156959626117 0.283015109652813
"cg18437480" 0.551025370716615 0.585464243223843 0.175434372929195 0.140150778335833 0.118945598688158 0.185023074283696
"cg14655843" 0.455814002961554 0.584303488554279 0.272133669756095 0.0955128914877941 0.100726287392656 0.201920030871539
"cg11977716" 0.368744991957291 0.561268635962226 0.308913325409012 0.0789768774588586 0.0620617147328424 0.176236199090766
"cg23919844" 0.634687101282281 0.646152374514375 0.245847372208201 0.169531601594986 0.136312648782705 0.109184275766794
"cg12075498" 0.43636098765522 0.541611047277358 0.0622850239052901 0.099155191520471 0.0935614205329693 0.0784342742450864
"cg25096745" 0.257199200380062 0.61052142462058 0.531856832197489 0.118802178853185 0.0987636820459814 0.0886614463982771
"cg07777347" 0.622650868040812 0.665379310762549 0.193356221945186 0.0881188896841422 0.0665884736913051 0.360441429415646
"cg21261158" 0.60996901068786 0.64842570669002 0.25875876189867 0.13311136500359 0.126407444635255 0.11466458452314
"cg00912580" 0.648541667256682 0.72007749223638 0.0664696967624858 0.267906829972274 0.233545804547121 0.382196300184901
"cg07571745" 0.616082731881287 0.610142924895539 0.0792739692944135 0.0993411476146129 0.0919489439967761 0.161099258136773
"cg09621572" 0.576607042267722 0.571668368323448 0.0678265200683235 0.0613646939835544 0.0592501530558932 0.0902933306208388
"cg19611616" 0.0852066486292687 0.521271973901029 0.158934410891928 0.167849448298412 0.0906872650836024 0.0901266795945377
"cg02668248" 0.574788059810684 0.614810168523485 0.129279718176625 0.0994191149550872 0.0918527482012959 0.130339818934741
"cg10578938" 0.261041823269529 0.620481523423579 0.187246244704444 0.07699980233099 0.0709463035631404 0.437379592778358
"cg12102235" 0.0824797401408426 0.628360821971331 0.212972344746052 0.0967114962430238 0.0765237119531069 0.600867123650295
"cg08224785" 0.238319547408468 0.739386223300774 0.354839794306545 0.137210535403849 0.155803895672711 0.719040256350503
"cg01791634" 0.752305516695517 0.757752125368214 0.189070860875913 0.184663728574349 0.227105495244 0.343004727127967
"cg08441850" 0.652991589398858 0.669692252745854 0.146452501747959 0.129308539246842 0.118196189670958 0.180921723676383
"cg12216435" 0.624584891617612 0.626500522995957 0.0619078334826496 0.12685436668046 0.106049540119425 0.088348974880339
"cg05132828" 0.69075040538319 0.692882732879362 0.266415959844907 0.104122564782391 0.0875544278388242 0.119191370758647
"cg08462055" 0.57692250742201 0.617089742751371 0.100324473409406 0.071033133031269 0.0550849825860464 0.0854153256147795
"cg01785706" 0.828490439003335 0.805565272812533 0.314071854971232 0.204158903642263 0.173040364009688 0.245621806229036
"cg21987515" 0.752227755654052 0.732386534885006 0.0984971361243524 0.192037883166549 0.137459188419699 0.217572896009961
"cg22898082" 0.678850770683089 0.750240228851687 0.445036308309344 0.109697466593567 0.0866046714425014 0.163522966185686
"cg23007665" 0.637799161721727 0.658412335631111 0.109478148884369 0.0944794879804252 0.0736959949576791 0.0994468171183397
"cg23213217" 0.218044649081364 0.757588097194883 0.591502298500007 0.132058257376308 0.108101588887798 0.467811534723576
"cg24957609" 0.559400036073185 0.749510395841236 0.430546876999708 0.159926148289451 0.124984534976839 0.125543339484748
"cg09736959" 0.74471574367092 0.713696177016908 0.104282896947159 0.102123140089362 0.080849930919922 0.17490755320304
"cg11586857" 0.822647902778256 0.804961914008284 0.24049770046745 0.160273026381369 0.137662919023534 0.293157037253523
"cg20171453" 0.754130566807562 0.805064790880556 0.17085446085366 0.129014838509943 0.102857068236636 0.48776175787354
"cg10639435" 0.540259534047465 0.770946899656045 0.585015698246093 0.135574998583774 0.121821293292313 0.0901324052811865
"cg01849093" 0.811200502195719 0.815230654008037 0.251512439318058 0.244263147701653 0.212416370115372 0.141430695121818
"cg12609063" 0.651874913828956 0.751527957586349 0.416901310080799 0.0896351443259631 0.0678329143487562 0.0865081398158123
"cg16108580" 0.754378778949054 0.731165159912264 0.126141759734949 0.110124590510789 0.093808888691791 0.116411709770452
"cg15174682" 0.779118407781079 0.770885516482897 0.0896039894015473 0.105793413556596 0.0897890549270537 0.304291288598316
"cg21999229" 0.70214536549686 0.706559955644853 0.070829500027598 0.0750500122061447 0.0586292303221286 0.106024455960018
"cg04722215" 0.777093718002794 0.823597768612445 0.395433946125625 0.100491286419781 0.0962695335194093 0.124339550089472
"cg03795574" 0.104394270252729 0.701721963513823 0.0897278526481168 0.0758362805508236 0.0763114270048664 0.3558752531083
"cg01598421" 0.966151111799275 0.948518883844005 0.0826967600619941 0.954031876519615 0.965282703155358 0.948509853898898
"cg17768768" 0.94796358508552 0.930681424122499 0.0817182190092903 0.949305212848146 0.956062137203916 0.958709855891601
"cg25131632" 0.939020794768127 0.931659199357924 0.0961771338585813 0.941288480604715 0.940809759247064 0.942365007940609
"cg19276014" 0.96999985938272 0.952230399929383 0.133373825974354 0.960231804035739 0.961084852015711 0.965017311718568
"cg16210395" 0.907548905854897 0.892931094090873 0.0833976827239243 0.911012108484207 0.919885597373016 0.907505230232627
"cg13738327" 0.960047950435143 0.946810276729874 0.132692908572653 0.955872114730283 0.971314231651232 0.921165521205554
"cg02212339" 0.950834429432897 0.943545011153829 0.118558609406679 0.907853612224332 0.912276142455581 0.949198607257127
"cg06687504" 0.903299392407458 0.891757550571502 0.0979072056753561 0.910872381417669 0.912465418882277 0.907830359196559
"cg05484949" 0.942511231794367 0.927362026177446 0.139608775539244 0.949636491281546 0.955537162628048 0.952937845834321
"cg15348679" 0.898573829328482 0.870022947959422 0.118312663174416 0.941838509131354 0.96349826797589 0.939945554932565
"cg01024458" 0.915613209260849 0.899617112630796 0.0914859036828395 0.889777126879209 0.90983280018707 0.860850562613339
"cg26318872" 0.900005170290229 0.886370841727703 0.0995697606703785 0.906846614520694 0.914926662816845 0.905492883560401
"cg16411445" 0.946655042488416 0.938675907921526 0.147554037851002 0.96098324017138 0.965104872059598 0.930894528804285
"cg05205074" 0.890533166785644 0.877930998701295 0.0904938202593032 0.890881987896539 0.902645372104186 0.871485071213146
"cg14066207" 0.92884979348942 0.909505992282113 0.0854080682893167 0.819315877110028 0.840857499609085 0.905950475249119
"cg09201499" 0.937857867732111 0.940469879397524 0.154805187201478 0.952183989992362 0.961902270338621 0.9493631928141
"cg27106643" 0.921117784353361 0.863754024572827 0.0881638327382188 0.868248232020257 0.874102593065937 0.878766710790872
"cg07558704" 0.928287846083016 0.925649671298777 0.142229485221691 0.931699706528444 0.943830156867909 0.945682989655115
"cg13283094" 0.895073295756191 0.883374836944011 0.101799372202776 0.906738956848977 0.901859201796615 0.880356104585291
"cg11661493" 0.871906550337681 0.854391086461872 0.085439321007692 0.881978337521964 0.882951455047904 0.89132642827373
"cg16586807" 0.903488494744158 0.902480500994124 0.125102135394457 0.921169589999762 0.924533915377475 0.919035794658672
"cg11699517" 0.927753345652025 0.929985647220525 0.167572677714298 0.971053429303649 0.975233805571785 0.96159260094852
"cg01868869" 0.890849521740092 0.88732517913896 0.11658605856398 0.901876367784135 0.908784447374449 0.897751262816176
"cg14482811" 0.932783045037547 0.911899213355422 0.140993103142977 0.952440721608672 0.962040149308412 0.846994509516378
"cg15235922" 0.822902283326618 0.830926937790755 0.0820211462873551 0.888041959347047 0.889425583180081 0.869064092145224
"cg07435215" 0.817497758243739 0.850324481769564 0.0885284226485155 0.891289729525153 0.900022114308463 0.870822110236338
"cg03131366" 0.877664864125238 0.827134739353348 0.0948708383633116 0.885190348303799 0.900136115550092 0.867100885577939
"cg20602300" 0.891284822927431 0.895546799710071 0.122563479455395 0.900322281990591 0.901763705035008 0.898982914544685
"cg14936008" 0.895188607121039 0.87708022825945 0.119263466603632 0.899852369941698 0.900181140757841 0.896227689064945
"cg26552743" 0.860663767755405 0.853608754667786 0.0986400844179699 0.889602596008662 0.897419937561445 0.85996781072585
"cg25683989" 0.86670921141087 0.877128514040806 0.104747283532596 0.883452171378312 0.896045890821556 0.863514310993297
"cg17995557" 0.87828296872221 0.865411510318575 0.0911283849390105 0.87994939807901 0.893453728582507 0.800684272483015
"cg17679619" 0.864103411627988 0.867792961536175 0.0995268238680353 0.870990506164655 0.888817100765077 0.864167995472427
"cg09469986" 0.889462034594133 0.852667743820643 0.0959544199887525 0.875470024735202 0.886997738296755 0.831492268444649
"cg06603309" 0.970731912499544 0.939933706268584 0.15498908165902 0.908108341580834 0.914525942962075 0.893020261164786
"cg21248060" 0.93624531458317 0.907417627048417 0.105336026860693 0.91493722576434 0.909874541663681 0.702801457076317
"cg13356455" 0.873457213954363 0.88200359733124 0.102511393780097 0.89868323971325 0.90600376406144 0.793672548969917
"cg22212560" 0.852222461559768 0.671166399680913 0.0821699105588374 0.910326416460721 0.918537382617018 0.896028356363032
"cg07145038" 0.869552054173201 0.87649423501748 0.112562730124889 0.885449610068315 0.895597027178624 0.870089617713423
"cg05524458" 0.756588401709904 0.83068676534758 0.0826117475396163 0.875556116435385 0.887936815610437 0.872307047953475
"cg18250453" 0.896437127868841 0.887956077023995 0.110307045710226 0.880968876890225 0.899065430105219 0.794820057868845
"cg16085171" 0.895502643452945 0.882789705824082 0.117690949684384 0.855001419021993 0.868793069839383 0.891482195833863
"cg02630207" 0.813784105075837 0.810819244920505 0.0868811668516158 0.869571445088865 0.888392018949103 0.854414685070631
"cg15532942" 0.871245364268177 0.875266088084105 0.11452937088244 0.884440123151469 0.894398835808155 0.845950956221234
"cg21596498" 0.869284786833686 0.868140673512492 0.0933696947182498 0.831666908091789 0.849590645719147 0.846742890312467
"cg03860768" 0.849605218739474 0.861579690672889 0.0872751704553974 0.833362887431049 0.831127701287687 0.856388220045992
"cg23948703" 0.867398621786755 0.848651168533716 0.0978845158780989 0.859200368261338 0.865263999790682 0.840668806904713
"cg18590995" 0.79909934855199 0.809045489109913 0.0811073363916477 0.862757002386471 0.871783197245761 0.849493088239581
"cg03402235" 0.84434402488178 0.842054559005987 0.1149251421389 0.894826169377197 0.904282384938155 0.873077563683997
"cg22256853" 0.881260966213088 0.856409190535514 0.0928540994321362 0.856351776800126 0.865295480850774 0.778194050433691
"cg22286382" 0.0849143441189819 0.205071914051155 0.678497503587752 0.0874910200415852 0.0734006683151043 0.109595961936327
"cg07093324" 0.0922430630802206 0.182180723290826 0.81626106132428 0.23009013258624 0.255940748227006 0.487690726135362
"cg23433370" 0.0498291627576805 0.104241666259693 0.833636400333507 0.554710565474936 0.520627923810662 0.104945348193563
"cg05468843" 0.0648610879201914 0.0888270860814598 0.634510496880378 0.0573386447321307 0.0519717416939731 0.0626510889645118
"cg09076077" 0.109291404341277 0.112864947795894 0.819145210542817 0.484433539792345 0.465462322088675 0.0749901981060251
"cg24834394" 0.0689108550648401 0.34409761957005 0.855929878188359 0.335439271654115 0.304673326744671 0.367177429018369
"cg08446038" 0.162586628573676 0.158318056543621 0.805650379384989 0.132581166354142 0.176271418384036 0.530995484464707
"cg27492103" 0.0971055500958886 0.395100501406785 0.807203054168007 0.10475302351432 0.0944365818990627 0.474884209763506
"cg03798942" 0.136479587561505 0.532693279968918 0.777334645378967 0.117980601130089 0.151223985000334 0.063290449401038
"cg18020065" 0.0771480814267724 0.0877264067130209 0.844641329515052 0.59170630936592 0.509903462980103 0.0714393682297773
"cg25983531" 0.109637294527617 0.132156598785966 0.806130986806733 0.385148129076301 0.367821658902106 0.149271563890666
"cg20541456" 0.0456852196250609 0.0939387613110578 0.72616102048203 0.07079044151372 0.0830779584517265 0.449805392480128
"cg20380468" 0.193074738859354 0.415891776966106 0.828104584774154 0.0777722433637654 0.0772759099522102 0.480326729657591
"cg25616055" 0.0563853591561564 0.114775399617726 0.656744655038133 0.0607142432067648 0.049466541581621 0.0964942014457549
"cg20025658" 0.153865894085442 0.282595852863911 0.711119666606061 0.0720707103033546 0.0620242417168984 0.0745421451126128
"cg12033075" 0.52978220915392 0.488131606025367 0.845879910260672 0.03506264351497 0.0326574528129818 0.221782756778341
"cg26366091" 0.050772957402315 0.0700159861970397 0.74897925170722 0.2560768237235 0.282118353785281 0.160212601656373
"cg20450123" 0.0867827808016264 0.16779595355951 0.743862212960628 0.200321653269159 0.219041951172191 0.0940182121377401
"cg23144473" 0.112221132993643 0.212649792390799 0.733423916041485 0.183872141578586 NA 0.099899544454202
"cg07249939" 0.231340300154568 0.243442337831823 0.813084493474495 0.29055584469109 0.265493597494719 0.0782726161936593
"cg07725527" 0.13357531666115 0.188852526563373 0.734461274322357 0.132736051540476 0.133402621867979 0.124829551201583
"cg20317872" 0.655147079328447 0.411362864707635 0.871982508743134 0.0955983188641156 0.0902142877540053 0.133348304498526
"cg01054402" 0.0992418628309129 0.288296108931421 0.837056445531311 0.119617860326195 0.146061301788752 0.545874474114218
"cg03272225" 0.0874733742675989 0.138428566930414 0.6860423629238 0.0633708477568662 0.0605280043470085 0.0859866619229618
"cg09849688" 0.0823462853369844 0.102541660370472 0.772615446224288 0.25263860474685 0.223123642148021 0.201667467729965
"cg22446709" 0.0500005632020995 0.0780105192924544 0.65935063906678 0.0588201681520148 0.0533649387764673 0.0545571593210729
"cg02879423" 0.101225643619222 0.725175760532793 0.84875794081332 0.151560094282352 0.145316047112869 0.104897973571609
"cg00902153" 0.0863933609860508 0.0963242256557872 0.857969156892442 0.183653061251074 0.165563334983361 0.715988445951051
"cg15906007" 0.151019030256838 0.312549612183944 0.765695251569884 0.109861273947834 0.104199865748463 0.0845001938143749
"cg00619207" 0.496343524260533 0.189800283431332 0.815559349788034 0.0884351157757111 0.0813322136610165 0.0907970866061453
"cg08682625" 0.0827024142965989 0.117080685622 0.778765993042507 0.107967787230416 0.117834633501672 0.321564401894584
"cg19268695" 0.599703235431062 0.218650003071564 0.844396228960667 0.0849729758524348 0.074493465641249 0.0948499743340756
"cg25518868" 0.0627422452454105 0.0872898118966473 0.756400686709507 0.129578144617125 0.147916036852464 0.198911667481721
"cg23792308" 0.0762149654810239 0.239521474339223 0.740744696838238 0.0724161713364145 0.065208038237788 0.0750757887153264
"cg09300089" 0.0729290995561698 0.106535731221602 0.809101291907407 0.331976464718274 0.263454066233482 0.0905796765800483
"cg25336765" 0.122582658600748 0.114885747019121 0.839685532891283 0.328322687189773 0.319976774447595 0.131429989117344
"cg01156249" 0.0626484105848133 0.0929746515933467 0.903102884446355 0.271657058121014 0.245106053892436 0.631947916879492
"cg14317609" 0.066743639242393 0.0701495584861884 0.725060223349359 0.0765938680562545 0.080506803795403 0.0641064868961263
"cg07635227" 0.0452544787620605 0.0584486153209927 0.826695411488764 0.141810244057201 0.141237205023636 0.450182558393612
"cg00058449" 0.25756120473305 0.275411013577124 0.912909802056299 0.337147734884512 0.316993770111905 0.0703470209570129
"cg23357708" 0.0746963076548323 0.100781874579138 0.798362821668892 0.152066597566325 0.167556323781493 0.160377611895911
"cg19269039" 0.418162818319256 0.198663038461507 0.83909355916297 0.067108097219936 0.0643482275858987 0.0872211591013386
"cg21291385" 0.100106644558136 0.398934228339395 0.835710412954339 0.0936699809619416 0.0905379327509984 0.133325859365814
"cg08864105" 0.0815084401907305 0.0814674360175415 0.845142157927954 0.167820990571253 0.17091501990527 0.12064243520043
"cg04978343" 0.0956124750053563 0.109786983465434 0.834615413269959 NA NA 0.123285638785722
"cg24641737" 0.0740196081153616 0.0878752786414664 0.814547356431615 0.0745717206657446 0.0693299603110987 0.0708703119702091
"cg08560387" 0.050356834994712 0.0646987627454931 0.801490725898643 0.0804288963096653 0.0611617440886765 0.0502460976823655
"cg17266282" 0.135888172054502 0.134898223254711 0.888243336516274 0.124684955603455 0.105558610230461 0.161047517165989
"cg03429643" 0.0595889588709273 0.0814135185283304 0.849108084576753 0.0634753886594475 0.0525996975105279 0.0552071888290951
"cg02606840" 0.0643765143931199 0.119441933259654 0.871674365368358 0.0530063642516661 0.0489519378021591 0.0566120639972056
"cg16452866" 0.954252099242834 0.933006703482956 0.948488636190105 0.1403496215496 0.138582514988548 0.94653965785941
"cg03388043" 0.948021854944012 0.898616057535219 0.934203090859703 0.0705222559410703 0.0561203597055279 0.72077582157576
"cg11848483" 0.914983580165 0.899238776685559 0.885932543113655 0.117742134976511 0.137026211744324 0.913257973724348
"cg07679948" 0.959156895277301 0.942843301662282 0.954239379412756 0.188626254279022 0.245062915300477 0.950418654493587
"cg00366435" 0.914188763514809 0.895772574467472 0.914380910586295 0.143102561154959 0.202415000244523 0.873223921117838
"cg08338281" 0.904518807552535 0.868626952898502 0.859797112922484 0.0984026819476601 0.0979214154265977 0.831240135078724
"cg07713946" 0.891604246799325 0.876141785122783 0.892197296389885 0.092582563861155 0.0890530563337797 0.7761895550356
"cg07015803" 0.945307287084612 0.921510903719292 0.932993723737515 0.171106077997343 0.177424193919609 0.94050500744335
"cg13750061" 0.861153340371452 0.864431500937748 0.873461852241224 0.098371047900371 0.0875054457520471 0.855392381505372
"cg13992008" 0.867768259437453 0.861632562845076 0.883908042599612 0.110147677797549 0.107282837576752 0.875507956007726
"cg04347414" 0.904953084785287 0.844733522991661 0.866056424382061 0.108094092939595 0.101130429197496 0.855661666179237
"cg04712122" 0.898449209177519 0.866868320240586 0.887452996474455 0.133414513709302 0.145741497171541 0.890606247228105
"cg07110949" 0.949007741468496 0.943928886320965 0.945040549415857 0.182335982959024 0.171354418071462 0.90586699212649
"cg24841244" 0.878297655426074 0.854587896460908 0.880906605394824 0.0901762276823977 0.0787325432381351 0.757474023115786
"cg26347170" 0.930560701265268 0.91328703109763 0.925240464042663 0.120233610182002 0.102596351000585 0.726756964878884
"cg07545925" 0.860568806355987 0.860904589816142 0.85650595227074 0.0679828526843571 0.0611309561344451 0.692609440054596
"cg26400113" 0.864236587415799 0.868014363001693 0.857992806403477 0.102928708964289 0.0921636104678321 0.820200667101627
"cg19001909" 0.960034146498653 0.951439848799335 0.96283083208619 0.215121402822814 0.241976234989067 0.925284575210928
"cg23896695" 0.839456660523603 0.855607457914397 0.85096671206798 0.100844124606678 0.0964148084656049 0.822778567002388
"cg18735089" 0.911300753259299 0.881826386016005 0.902106230315833 0.143201142502216 0.128746673835618 0.850141818809265
"cg22230912" 0.83528498538613 0.83240689407184 0.895537769461936 0.122368438613598 0.133750493285787 0.85654698413018
"cg06915826" 0.862060792240488 0.867056149749863 0.862087122510817 0.139605238135533 0.175322850588974 0.863979557328076
"cg10708271" 0.874996282970018 0.866569253563451 0.846770933932277 0.143636378543182 0.186484691801885 0.849191346008972
"cg10558740" 0.875794337104598 0.866204409500666 0.894074447985473 0.152415234088614 0.17103531346418 0.856963161229915
"cg10240150" 0.859838023063238 0.843373267607367 0.875827771362579 0.13611855561658 0.196098102993959 0.804781037094396
"cg06164961" 0.882455550071657 0.863440182023689 0.889294194727929 0.0899890489685656 0.0821678291225278 0.627676330692257
"cg10111816" 0.828509234329884 0.832624980300537 0.841825753751119 0.108065766922858 0.109109850406314 0.822272856446927
"cg20661080" 0.870315835813677 0.828788825295658 0.85307329691399 0.0850578011060817 0.0653591248393321 0.701625612946363
"cg01154505" 0.960474681649646 0.927112576734924 0.741514529758568 0.201735622375543 0.316036612967595 0.955183797887024
"cg08280368" 0.880328915100815 0.874308950500845 0.765550863554178 0.121839250289017 0.124361846902331 0.843149061680398
"cg18650518" 0.90542957739823 0.880501802730395 0.875465639075106 0.105582302635212 0.086443238461244 0.658458144090269
"cg05262829" 0.866546665899193 0.844605108455487 0.86155748603625 0.0929668376038661 0.0867521200719176 0.670344105025103
"cg09695307" 0.869920569093512 0.856464403037636 0.813976294775354 0.124055737750721 0.145887398111232 0.786899709915513
"cg11210357" 0.864829625625095 0.847915915385067 0.843591867420279 0.114428618756654 0.0996075747876654 0.765538913712333
"cg24441810" 0.856750199699866 0.833802373807257 0.743532373439779 0.0944985829424045 0.0950645634574379 0.79197909993573
"cg02387618" 0.910639304464328 0.880079757606336 0.889498645251954 0.14530453017836 0.117780510004885 0.766916578888648
"cg18758433" 0.88496076445773 0.820178931972844 0.899772110032485 0.127741430645863 0.158264867029981 0.702620319011722
"cg16193207" 0.844389432334687 0.846431195631911 0.85515841220772 0.128915691871872 0.103693397657939 0.816218892747241
"cg19296305" 0.835486455860042 0.819940227598669 0.864343485177233 0.138862861344725 0.130561392573314 0.862747127169374
"cg04180114" 0.858007731225887 0.81388424963329 0.810731145948797 0.120987151947124 0.108749273602581 0.827906199961755
"cg01874152" 0.903050218820902 0.877174093361711 0.861480350085721 0.206272737321157 0.368535656328193 0.834892988556683
"cg12353788" 0.884791899152609 0.837676181649666 0.869137197116322 0.189699295524588 0.29684939607103 0.873514144913605
"cg07930673" 0.86241212793081 0.844324691845392 0.859571159846723 0.118919686165686 0.117702211704985 0.720395902097618
"cg24612198" 0.900446113736115 0.886687642998692 0.89528230369575 0.157168823484206 0.159498215166641 0.750892635402531
"cg24662823" 0.900097050947687 0.877716820897069 0.895200193444146 0.157039942023904 0.216763584974418 0.700618597199338
"cg21773646" 0.880847374148522 0.833662250980238 0.857341578366242 0.0970353066441321 0.0836056499122106 0.631452195990039
"cg01490728" 0.835142066236454 0.8140365883661 0.840856546638807 0.147302850085059 0.205938058078998 0.841621708708678
"cg16230121" 0.850009545884241 0.822771613376346 0.837270946677624 0.125458631759852 0.118989684916339 0.796769608939632
"cg11524400" 0.701265192344983 0.8441852518529 0.933378544905993 0.149673035419786 0.150317213134697 0.911375233187066
"cg16278496" 0.871716893918815 0.867912374922838 0.898023064681386 0.188509041040762 0.196535513499095 0.900251589922098
"cg14871225" 0.0885035397406907 0.110567517208228 0.20924351511571 0.622588140427905 0.592122038907332 0.105726601627402
"cg07584494" 0.178963588351829 0.193345067485038 0.316776553641939 0.759731855298069 0.741216705864653 0.361058584233449
"cg00034336" 0.0210232620321921 0.0341870166476262 0.0288518693045801 0.536634299177941 0.542413913632722 0.0174851474454465
"cg14134003" 0.0639028193085728 0.0818635786209971 0.275290171452208 0.609848339357093 0.521590803296144 0.0629864526798779
"cg04416898" 0.218945126374671 0.194709756946774 0.290680821910057 0.711984520316898 0.631696101672705 0.173546358491403
"cg18448570" 0.149315412421598 0.118476443197725 0.0965371018213111 0.66125364665522 0.669246533118291 0.212595257387198
"cg22566906" 0.0555582134280811 0.0752096093596461 0.0623899813740351 0.583423214661087 0.597232550833883 0.0599102376895728
"cg01616876" 0.0618511382258528 0.0994120771528175 0.189879696219855 0.632666546295913 0.606760774341173 0.13787325984346
"cg22997362" 0.152833271833076 0.100343094316152 0.0833715782582787 0.648611667158399 0.669673162042377 0.150368412758905
"cg22250531" 0.0406858155051594 0.0572305964219195 0.0649325067974395 0.590626104243138 0.582289180279265 0.121052808391469
"cg27664496" 0.142846106149655 0.124694482458573 0.165850047834596 0.662810932863268 0.646885398571344 0.146382743369679
"cg18048071" 0.24030565579891 0.268244019195665 0.344095446191674 0.770588250223343 0.742799622184807 0.148540144250314
"cg08284263" 0.070125004726378 0.0839266386522708 0.0932381550597562 0.605644632975562 0.553471481344068 0.105584874291736
"cg12789448" 0.208927302618001 0.263559987481856 0.315042555284955 0.827652786062585 0.827946129710502 0.397873301301405
"cg27027151" 0.18161974591722 0.189312741927546 0.0705123772016342 0.648968810934216 0.531127362527384 0.14670522382467
"cg02013741" 0.206695791223915 0.126156147179864 0.0777283606060195 0.657746244329852 0.627829402945796 0.103481636460852
"cg21337881" 0.222311773615789 0.107863737406538 0.119194101412549 0.731483276648841 0.68294839583771 0.355019755233354
"cg21360910" 0.162633105737025 0.188000836820728 0.102670557989276 0.710311137691986 0.674141242871965 0.245531403449029
"cg10099758" 0.21184761026658 0.11789642929073 0.134082815136333 0.676897423807459 0.651051772041421 0.0694882614392199
"cg22018086" 0.0911385663167848 0.175814224445686 0.242092370122683 0.747227038031685 0.694745059458931 0.323955533092322
"cg27058988" 0.0433764328364809 0.0563779866518565 0.0480168233566692 0.636617890559701 0.573108190293096 0.233898892677275
"cg01231183" 0.113273674069723 0.14884775175494 0.0815025211852987 0.727276624296898 0.694158932027844 0.362268744128364
"cg08836542" 0.104222557014925 0.110207324446972 0.329949989478365 0.711686290628477 0.710668203544374 0.0829912398433042
"cg25394505" 0.170038005964746 0.129397515249707 0.208471263327172 0.718444237414306 0.720299553793987 0.100647806072909
"cg24049629" 0.0930050972098059 0.0897719674257 0.194881556160634 0.669939185541158 0.610248406426537 0.0745012049544072
"cg10504000" 0.192358495650043 0.0984297951903302 0.100071956540341 0.690184852050677 0.691065195891958 0.0700586114350691
"cg09662852" 0.0687086255115892 0.0839995961014698 0.134019220371409 0.668544840230067 0.672766271958891 0.0796193782314362
"cg19628988" 0.0945094462300891 0.0861916138094478 0.305780665607462 0.714294987502748 0.701788578795432 0.0746748740865909
"cg04905719" 0.0367756711568453 0.0496463165347976 0.0550378927681032 0.626813936555775 0.627460856897581 0.0559660913072791
"cg21593001" 0.0693785943464629 0.0962979542886615 0.219655023569255 0.725073215455065 0.737227223663247 0.188994757390908
"cg07598385" 0.030982262186711 0.0555525400089734 0.129183015263638 0.628782005867095 0.557608517552583 0.0339833596317468
"cg11666770" 0.276835989871768 0.323482586959695 0.30249048308613 0.887091563297688 0.877211980837474 0.301879400624199
"cg04642300" 0.0594311366882417 0.0726798582375704 0.096597496016975 0.664248145285029 0.678329085525159 0.0538611651286043
"cg16563370" 0.0886182489624634 0.129236759848125 0.152697085688248 0.723113022584326 0.74172950004223 0.11548955354518
"cg14510299" 0.169787136680833 0.115675598356464 0.0611502936221998 0.741305873115325 0.700150565513727 0.270762731068683
"cg23570245" 0.0926328013522515 0.119512470807589 0.106776890687508 0.723392292763085 0.736674195664681 0.167499492440974
"cg16922167" 0.109933420483154 0.151729783583332 0.25130450671839 0.800517260793072 0.793017953366747 0.277441414850976
"cg09037630" 0.0749864551239388 0.0714957436546145 0.0558869720753081 0.681870247012709 0.6981601213472 0.0596464853437305
"cg19369955" 0.0692716048568401 0.0867124604016718 0.102078565896131 0.757444518191778 0.76371470054534 0.247042688897623
"cg07785552" 0.0757203828853141 0.102639581938685 0.08078033987721 0.717764710830471 0.656489522704059 0.120545106314774
"cg14181576" 0.0363537324538359 0.0489517827394341 0.0630916047764376 0.699221823541628 0.685047298054865 0.100856688279304
"cg20455854" 0.0680330078177013 0.0959361189871953 0.137833434618498 0.724867020286453 0.678850824618558 0.0788621634039477
"cg25729350" 0.0753233522524934 0.0800693752862925 0.0708449629619749 0.726607311483737 0.681849135891326 0.141866474293445
"cg13448978" 0.0400857363729603 0.0717265337516825 0.130503580018597 0.760232003170176 0.729718395019563 0.199918999715851
"ch.20.378824F" 0.0889272320443946 0.106618436069658 0.112647335041035 0.773931341186805 0.792778844840557 0.137831111776232
"cg16097858" 0.0881680861301101 0.100557921783834 0.0870256366342329 0.788143625627913 0.792467584102194 0.222673248763847
"cg24457026" 0.074721137373726 0.116862898873631 0.129390144237087 0.806275705867243 0.820111677274206 0.239808789366124
"cg11787160" 0.14083172621783 0.16031941706305 0.177731019028636 0.848669102750606 0.85214093803832 0.246796002570428
"cg25978218" 0.0700307251161234 0.096344756274859 0.257900590166818 0.789887039283243 0.802885975372094 0.0526203714882274
"cg02380585" 0.0401719184867925 0.0534716087265239 0.0415980556356507 0.723243031467857 0.705162803281379 0.039217785753626
"cg14522718" 0.920411580766194 0.913034671229309 0.934822393011965 0.0921542921037141 0.0654267830727901 0.683008905570775
"cg07366503" 0.935413886351892 0.909668986965163 0.9006379296195 0.206184013023017 0.166066042306184 0.869921158708068
"cg24150662" 0.926858682783529 0.890867389481842 0.905334617153718 0.142753046397937 0.120245906453227 0.680559998511181
"cg07781401" 0.906353355363817 0.88711261243762 0.89779431645489 0.206592746118609 0.176726582993301 0.881578006487782
"cg08777095" 0.910997303190651 0.885895357978703 0.905022007175965 0.246021096412467 0.153100285961299 0.711371814737829
"cg12655059" 0.863963284270219 0.847892076611907 0.83181562104346 0.255532295748019 0.153580131373868 0.832331489368198
"cg26720010" 0.846478719568597 0.847400800782272 0.8740105576972 0.148139006676253 0.130032048341502 0.794704506219858
"cg07728874" 0.848818668936877 0.826636447168671 0.850295719176668 0.108640580991782 0.0975148635592652 0.710411702602383
"cg00954105" 0.843155899227056 0.810899064181423 0.870100817732009 0.0866577680395063 0.0732251075708502 0.597759545655825
"cg06110802" 0.888277477791218 0.867546683845716 0.894614081303721 0.238948987390737 0.183504908380775 0.870355520712271
"cg24402372" 0.856813506932208 0.835979199285513 0.846184949357045 0.149899889708842 0.120994168742508 0.753174063417258
"cg15392364" 0.87724353030814 0.849163426061462 0.840715004300177 0.0808597122006428 0.0705737194349599 0.538176876977664
"cg19993258" 0.884751742759739 0.853173061921007 0.846404551647071 0.196986106564478 0.154839444851146 0.819204654142347
"cg21407196" 0.830676487873017 0.829168304163715 0.861436064149761 0.140405961849931 0.12433854287487 0.785237750778044
"cg22765299" 0.851550870926751 0.813236278223351 0.811734425694629 0.121836338950637 0.110449380281257 0.769605184877045
"cg00415665" 0.964434664375705 0.948029100701137 0.943466637504387 0.282547727690189 0.211885641144186 0.734481275343213
"cg25226014" 0.882545827898114 0.867917696808306 0.849850531425743 0.107857122163412 0.088066244164742 0.545032303156658
"cg21340621" 0.105167403766407 0.102314742746088 0.266828113595226 0.640444341357968 0.720754247766401 0.360507793476776
"cg12617080" 0.15447791767575 0.147184029353308 0.292337000879056 0.773842341969512 0.794185340395168 0.440104837217796
"cg12426092" 0.0949691646521269 0.0991997076620894 0.132758645736809 0.665948799361788 0.678016364551569 0.233426350283216
"cg09349128" 0.199303693273346 0.107295807119436 0.118174452143113 0.592719113698097 0.67147209930876 0.150065632198233
"cg13615963" 0.0602296546632589 0.0687774073682181 0.0867404306880627 0.575212698838956 0.620467774486276 0.0910169561081543
"cg12183501" 0.107933231545275 0.126347819616404 0.338247624139262 0.747859940838378 0.771665612217467 0.258365473954448
"cg16207263" 0.0669360380952842 0.0863862771234322 0.0877659821871298 0.603447352370047 0.645428331854809 0.0995098240012461
"cg25784219" 0.0533142493362183 0.0718069348344871 0.18791019088699 0.641537278296095 0.674409481479518 0.129363028090955
"cg26681770" 0.054081416114914 0.0593451882753355 0.0484282714793221 0.591429482294844 0.630115727978463 0.0725386934795212
"cg09914404" 0.0749515742826723 0.102590537794932 0.242625540197755 0.674493433604941 0.714511667333939 0.127624713084618
"cg26501007" 0.378344167146566 0.152734915190768 0.139042371830495 0.7871884352953 0.791922175961473 0.117177235170626
"ch.14.1488981R" 0.124578621666292 0.173204303162796 0.0575552094641363 0.77135742382907 0.791134659910989 0.412744860024422
"cg24902461" 0.0830304372434049 0.120906513070866 0.109707552312835 0.718051811901619 0.787284884963646 0.479642250671368
"cg01372366" 0.062760923452701 0.0905517252294841 0.149844525866234 0.741489023639161 0.769133471026555 0.372616178176638
"cg20281375" 0.0628339730497495 0.093634478067204 0.117459658275187 0.755376277617979 0.766998194172573 0.361178922561268
"cg01233897" 0.0888133282814636 0.104234067750951 0.0697444367551944 0.715103789954822 0.741526269192324 0.282704681888567
"cg27097542" 0.0747906724403696 0.114234052800808 0.308386849004089 0.808496160225428 0.834194807743002 0.403100084123155
"cg20545410" 0.333649031340796 0.132986629034458 0.0778117900781606 0.800172905110902 0.827320312826668 0.307641630017921
"cg05875463" 0.0926441169116715 0.12821244601785 0.149818727673128 0.744982671400016 0.773693506780449 0.254266534784243
"cg05228359" 0.0485191330364613 0.0686845154251712 0.0588456958416793 0.722846822822848 0.750784437876827 0.342850035133498
"cg25711558" 0.0492107185991487 0.0640329406381316 0.0599708519412125 0.676980353680002 0.715636503752717 0.215747153509802
"cg01543184" 0.111408387915622 0.119832163646303 0.25476832232814 0.796660791542177 0.826604875791575 0.313268957641922
"cg04776231" 0.0620767527962449 0.0805475783892071 0.133644527196386 0.670830061585379 0.715204458945362 0.0642739275465747
"cg03338510" 0.415514286380991 0.418792899057453 0.427784759654491 0.436885530841337 0.945199606260339 0.427332493493034
"cg22193912" 0.0342928381689641 0.0508634088289791 0.105655792578483 0.698684297308237 0.736319758343014 0.152840705892882
"cg25025181" 0.0636498920187643 0.0784197523560561 0.221877178411269 0.773054671112775 0.813597993711531 0.250923515446813
"cg23582982" 0.0672709360233273 0.116385140421765 0.255122569741495 0.849698254241317 0.873102763100432 0.351345263305101
"cg13468685" 0.0829185842403028 0.0971356954240143 0.346563472093772 0.818427094989837 0.842486505540594 0.12822337593013
"cg12811871" 0.962236414851216 0.927826230393478 0.889978486886813 0.929906883812224 0.899096736137755 0.12090965617476
"cg25383568" 0.92743619836796 0.907984376600848 0.929410405751027 0.931286554329972 0.924055580696069 0.142086535013055
"cg27582527" 0.847550332307821 0.810913666698238 0.85157305790149 0.832459103186261 0.8388986266558 0.058965230646867
"cg24430034" 0.965790017572506 0.937035926052855 0.965543799534024 0.952648751382376 0.923923130629621 0.178306380557727
"cg13617280" 0.771282923819201 0.813837288334585 0.865161941151635 0.885895895365304 0.866729281812575 0.0830314410778368
"cg06040872" 0.898641854078709 0.866398589746871 0.899638948001827 0.883771917349212 0.862486869625833 0.120939431773826
"cg02384859" 0.89513273793403 0.879276074947642 0.893459159055731 0.884308088950314 0.87105400843815 0.125692941381839
"cg16340422" 0.928602947982846 0.887943400903458 0.931323766164641 0.917288136333171 0.904449451815963 0.155307249150329
"cg15956469" 0.934413973767432 0.921929466049054 0.925868309750551 0.931557871459053 0.917924429006038 0.169203811639977
"cg05875239" 0.88433887955906 0.875461909676656 0.890422669942214 0.90756018906457 0.899635104174101 0.134950323833702
"cg19066520" 0.931865172797997 0.92188249559838 0.92995750199503 0.720315355386602 0.811395696092646 0.114410888171041
"cg01940139" 0.880519533354463 0.874490236613598 0.879637217795608 0.860299858894648 0.872890105076543 0.125456416793677
"cg05653887" 0.875662821447396 0.863940236639521 0.889710745112088 0.877656828191513 0.858752543520303 0.125900899603433
"cg07307830" 0.881939478419565 0.861897787332146 0.887299072721582 0.84882153425748 0.807698215140352 0.110419578378564
"cg13917614" 0.920778621793312 0.861671767935244 0.910035402201553 0.920140572981843 0.888494467263069 0.153117756764193
"cg06202778" 0.856142550246506 0.804091818304841 0.888085009667583 0.868103342003305 0.85112543827354 0.108519031875979
"cg26012482" 0.868935578293658 0.841674393702682 0.872819191622787 0.81233569755807 0.808334618085361 0.0961319283370459
"cg00805874" 0.92943324792282 0.876972411372586 0.936668808800442 0.901190452640695 0.834154088066925 0.151687943671608
"cg05656688" 0.859686251962854 0.858961024912112 0.894573178788906 0.813708197403883 0.738783225319063 0.0903323538770015
"cg04736625" 0.859190399080904 0.837573799435299 0.836782780659739 0.83701149578965 0.819878647386575 0.0957408728262411
"cg02150910" 0.849083755896415 0.846042325747902 0.880994902099399 0.86830355860888 0.856334024212923 0.11801385933526
"cg21333217" 0.963452430604285 0.940085898698808 0.954016046792817 0.940352912648421 0.91801994032067 0.201108174949514
"cg21474838" 0.886182692601046 0.879363218048247 0.884127454311121 0.859824775245649 0.867882114896923 0.134880807466265
"cg27309871" 0.877203053952562 0.878007722552137 0.88630464817325 0.880572558341987 0.879535477873963 0.140098288628914
"cg00594040" 0.880472505772775 0.838425545281896 0.870674486926085 0.848013054355476 0.846700454330932 0.117200506008487
"cg21634628" 0.87985749398431 0.860392983718333 0.846997424511381 0.829679356643112 0.823487411907113 0.108636550110376
"cg05593759" 0.884264864508504 0.867500359704579 0.881374413454636 0.866219740154613 0.846803459251226 0.13219408217354
"cg23015664" 0.916505495808828 0.90504320524842 0.918168995667125 0.928021131633068 0.920560509146611 0.182048899010213
"cg12531611" 0.888442889804909 0.864812626752471 0.891515608461334 0.867871063378192 0.862397005914542 0.140053783292052
"cg24408769" 0.746962111552769 0.717707419796475 0.925617241453561 0.903469573650015 0.900432809427314 0.10514952946906
"cg18672716" 0.855460960098866 0.849909351115192 0.882264775214955 0.863018394730368 0.838974044997026 0.125188999917331
"cg22488278" 0.891152727599033 0.870378631307925 0.861886820249197 0.86814643347357 0.866884440343029 0.139533651597123
"cg26275360" 0.865080771937291 0.853554879463779 0.857904925931571 0.860952223496443 0.856826699014956 0.127006814938388
"cg11650164" 0.874100207485009 0.848100331438917 0.884240903761056 0.869036841836371 0.858186226396684 0.135685627720591
"cg06815003" 0.897526712962521 0.874686854058289 0.843482684086174 0.88422220887182 0.87516161469719 0.144476001101942
"cg20987610" 0.894008896022621 0.782975454975959 0.870280888050926 0.888670685617539 0.892018047942753 0.136292445065281
"cg26573274" 0.960158142467149 0.93488534084359 0.957318366312058 0.948215931831461 0.92955573677822 0.217543456657808
"cg03538296" 0.831442983350939 0.818520695416598 0.849263055440721 0.800281211012731 0.751795203263184 0.0825284388530929
"cg11237207" 0.887423024044899 0.85904500744954 0.862410673052132 0.848442050928137 0.849220383406707 0.13443445845161
"cg19696012" 0.896597207207432 0.875130968978902 0.89142482908724 0.871762631899892 0.869817949259325 0.154366820334947
"cg13209388" 0.874450470791281 0.862743235761828 0.887436420040404 0.889540079758126 0.882296323813206 0.1539725200357
"cg26227465" 0.871680473779647 0.837042083214064 0.869922608490497 0.806047519424262 0.766384343221155 0.105292561053917
"cg19915997" 0.878438164663402 0.86224335034664 0.88775283130498 0.885655884116007 0.87475968100855 0.152850077304705
"cg14301562" 0.820831181802195 0.850239953607542 0.876832493258228 0.861440437835154 0.851448327646903 0.127795488463303
"cg04784635" 0.880268258881231 0.864497810806425 0.894386956102631 0.823736114327479 0.811274586064654 0.131895602740524
"cg20657709" 0.867083206066955 0.852163065462516 0.864820122150708 0.877138841381966 0.86628328312199 0.142956690852957
"cg27274718" 0.879224109360562 0.852538710592573 0.886990648757533 0.878411353751734 0.885011369519423 0.15427142472969
"cg10628126" 0.898568255615708 0.804122434252157 0.889874258968142 0.885863379794155 0.873257475224503 0.148629353527297
"cg24578857" 0.956452363894365 0.936840317612803 0.954528088289434 0.909749820287548 0.88648723843881 0.208793919559962
"cg11335172" 0.890930248057111 0.893222328936378 0.902726223639037 0.903729779256675 0.901822278545836 0.17874397876251
"cg05756780" 0.152448723856754 0.122792016625407 0.474571349738445 0.346453212815583 0.486835249250988 0.774704106284047
"cg04887172" 0.109016999844154 0.141016927374961 0.15433853923081 0.460179280562177 0.487890927676345 0.731200353787188
"cg03339537" 0.163167233068539 0.160964396209465 0.152683454630078 0.414210255494697 0.35181901714652 0.709883077909695
"cg11948905" 0.0655727940878419 0.102673479090749 0.276513800026323 0.458142646402049 0.49271458111015 0.740941003741733
"cg14286456" 0.720853218115205 0.466441142774281 0.492359979373282 0.13654255881406 0.157458353231181 0.858280527593762
"cg00629585" 0.1392124632339 0.167293910828274 0.167132856300172 0.186669496838397 0.201861497078516 0.638179677347415
"cg08113187" 0.216872232922534 0.174790047392674 0.110458240159319 0.177226092215245 0.182079963747573 0.638485968445196
"cg10491452" 0.0715788047133478 0.0874847253494843 0.073738412361091 0.187405502095424 0.240037580575407 0.599157835358945
"cg13318771" 0.0960940462312286 0.077236091561412 0.0781039384536617 0.107953631851789 0.116723083655665 0.564764669784463
"cg00483030" 0.0871933890592722 0.124601812653027 0.195457590936602 0.547860481825246 0.544734235872075 0.774221905241235
"cg03780927" 0.162178541359345 0.15278179464471 0.265405748285258 0.163043881635824 0.150284442562743 0.654610416428418
"cg04840108" 0.0819499649917208 0.102283473977528 0.0972323038481839 0.348173419908456 0.439249532847359 0.691668624873964
"cg11481582" 0.0645830191865808 0.083861299874395 0.0509695049342474 0.432095502586366 0.450369332829143 0.694327133153546
"cg05608790" 0.256715783155126 0.182041379089869 0.127303500924799 0.417253719631131 0.519178034446165 0.778502272410396
"cg00423035" 0.0849490059481195 0.111730426518475 0.101610221104305 0.42690564826176 0.541889791324782 0.732053517727755
"cg17176894" 0.0892269871021378 0.112555333322493 0.0864361858579174 0.138124088626369 0.159776103509208 0.59720692929433
"cg01286930" 0.364131940487093 0.328547340984684 0.235110466148325 0.141630975317081 0.116775181197851 0.718188313970197
"cg19736900" 0.0933938907479657 0.115957444154372 0.103155958425855 0.475232692786686 0.516968866857233 0.742628074710205
"cg25887844" 0.124253665232135 0.209625094301933 0.474975537210302 0.257434096264559 0.272171280598683 0.750076455253677
"cg17087974" 0.0839507546992254 0.114844480397352 0.0871006875922199 0.511441704000549 0.579994995448666 0.765232092236505
"cg02417427" 0.291168016101833 0.478137209942707 0.0893934823372505 0.305014228963746 0.279927084832901 0.781618514392289
"cg01447281" 0.0681266582862038 0.0914819561549954 0.123717186477614 0.077570367648738 0.106006216663643 0.586931097130272
"cg26348226" 0.113743317976275 0.102389386007448 0.0716605239694026 0.339707327609421 0.420259815383881 0.70422502178357
"cg22589728" 0.202776984322762 0.206950678148469 0.154874890617297 0.215196741474359 0.216459289978325 0.694228950091452
"cg11822932" 0.0578442233936015 0.0832396402727245 0.128136907768965 0.425114446741074 0.352291862781599 0.707948948178852
"cg09958402" 0.0691286711149797 0.0748965479994983 0.0501388199534472 0.369253762731387 0.440584197321391 0.700548834188908
"cg27122888" 0.0767624214003511 0.0948234949368887 0.0869410262931839 0.0944065391426154 0.118481608709631 0.597757390649395
"cg22442430" 0.340526950558543 0.195394012494568 0.139671826247662 0.0994389121873312 0.110952236721556 0.681094846383306
"cg09747445" 0.530752718532992 0.510293467586087 0.177879770160952 0.198660334624538 0.167789704213172 0.826761605053836
"cg27218978" 0.0861882796580902 0.249551542967432 0.157192944736198 0.379334901384766 0.414706969549181 0.771102335992945
"cg09101151" 0.153101481049465 0.173014998012768 0.074257429537564 0.251710614999378 0.273494196689915 0.699295064408312
"cg06398474" 0.203883120587064 0.255419329106719 0.165915818307464 0.210244199386977 0.295114638495927 0.741881497737195
"cg22897715" 0.0576477387003066 0.0767557979337318 0.0917585189700993 0.24703622133421 0.256875157876222 0.662404756766657
"cg14649507" 0.120724300463656 0.106352293220056 0.0865204295270768 0.469181591342525 0.461714763636372 0.771192541561722
"cg26971042" 0.15740720066211 0.159145509399506 0.0736791451004978 0.0873448168181323 0.0800465332512292 0.634516534799577
"cg00761125" 0.240237728809137 0.206794617698354 0.176571021607972 0.293812501080424 0.465377942007583 0.805686683590869
"cg04790874" 0.1434642180733 0.161193385449503 0.0612341731127648 0.374342227918978 0.278811412587478 0.736416877660648
"cg03837680" 0.0649420616176752 0.0832801636298444 0.076067263950184 0.178506203925949 0.229985200053168 0.664118401749517
"cg01700462" 0.0633222926685641 0.0959248263715105 0.090577275311301 0.368522180681307 0.420189027508405 0.749861947028218
"cg21232161" 0.107656341428651 0.232466926359424 0.108311712372948 0.318615549778157 0.356716543827514 0.769894493859661
"cg11173131" 0.0581349475466708 0.085797491195537 0.0686643833515125 0.298589267630872 0.352193793882878 0.726033710943537
"cg13404688" 0.120931642344069 0.106580376413948 0.14347450297085 0.447506668344522 0.525256048081989 0.823476531175128
"cg09001226" 0.10485623655494 0.126223675476555 0.243458507853718 0.334979780711138 0.286609005091484 0.787085509573703
"cg04179740" 0.0866547259733143 0.102137562541185 0.212234546301111 0.0664821752299533 0.0664725418659431 0.69898824729835
"cg18881723" 0.097781735930834 0.0929123269027129 0.0708048964087002 0.0848606678061643 0.13850001009996 0.689864791184222
"cg12273325" 0.15323578498058 0.0876655518132395 0.0768213573151914 0.158005737138284 0.222286025264242 0.740006206895311
"cg11358405" 0.0470118724420029 0.0644162007189903 0.0479743453730418 0.260119363380871 0.307736794395529 0.74789701133759
"cg25817701" 0.491916946689256 0.388302582513974 0.041498926358996 0.188878613659862 0.163659196386367 0.862898096641777
"cg06117093" 0.0839051188860238 0.101063456862699 0.158097048100757 0.190887149600675 0.286983654856343 0.795371895378743
"cg17766305" 0.10968336607469 0.0914778401770816 0.0602917654663141 0.150132061448768 0.196547994261741 0.835485504934557
