"CD4" "CD8" "MO" "B" "NK" "GR"
"cg00366435" 0.0873400399962753 0.259433687441907 0.9001538126577 0.917500365672733 0.880066073608422 0.911907162661926
"cg01154505" 0.115319508240886 0.389580699918607 0.933312046109444 0.762875310570222 0.949262708696684 0.952755291439503
"cg07679948" 0.147029257867981 0.319172168095999 0.946380654546149 0.956266874159039 0.953643826832811 0.956099368200559
"cg01874152" 0.10892379194168 0.475176563376671 0.870094091743917 0.856826539894524 0.817814423247413 0.880874117494097
"cg16452866" 0.131623791359303 0.194732719504728 0.935751646348688 0.950235251953534 0.946409422941891 0.947216264765112
"cg11848483" 0.0942761236610782 0.165416326219272 0.898540044598327 0.887464823619659 0.908501986475247 0.910787052694195
"cg19001909" 0.147670507694884 0.240298174646092 0.942676406489575 0.957432856033266 0.915132734236141 0.952437961516006
"cg07970799" 0.182338365358295 0.559756750482061 0.9236241493785 0.921555338100383 0.789191161166826 0.928742545751142
"cg26852712" 0.168408080206747 0.485028179249412 0.888964256650585 0.893266493200375 0.865533861385601 0.910270199197329
"cg26166854" 0.142359547067034 0.576050025290343 0.872487309148714 0.883284299219287 0.6910619316541 0.888696836484717
"cg03388043" 0.0762652044003654 0.0786232377133761 0.906877981151245 0.935252668997872 0.720858036324816 0.935155672415031
"cg05705140" 0.115024722862977 0.338825565570504 0.888322649277717 0.779943106459322 0.854280258126566 0.894469132309603
"cg07133479" 0.171771091199491 0.630617200678278 0.842636647192249 0.875514720739199 0.829464364251363 0.840024911988972
"cg11710595" 0.208331802605096 0.665354215392401 0.875888506616182 0.897919229222308 0.860992693418298 0.894354119886446
"cg01490728" 0.0943601620835927 0.261190944575811 0.825960080082574 0.849246417851682 0.846186056774209 0.83420068564901
"cg05931551" 0.22945688579546 0.760721079530265 0.869616937120294 0.88359898500665 0.878923439922191 0.880619878078724
"cg10837404" 0.234209743484615 0.645396160245355 0.905248379067762 0.910115833402362 0.910003308845944 0.913091116974259
"cg14522718" 0.0834127777596375 0.0801307392182757 0.914132931354084 0.936538076189003 0.703225044641214 0.91557950729516
"cg07015803" 0.168936008078948 0.228081927601674 0.917155744925111 0.934223851265383 0.935678708174668 0.930185781177779
"cg09526469" 0.124796905625329 0.411884962810605 0.858598797891965 0.753111887908602 0.818585712653679 0.870315245549787
"cg18735089" 0.123117821437858 0.145709668869616 0.893628140242343 0.905499320574215 0.846733598417631 0.909652142186083
"cg25486399" 0.15387809863836 0.411448028550155 0.859938768495416 0.879386006058007 0.842134447802493 0.851555412866328
"cg14477767" 0.233617800311449 0.747718054798206 0.884754195653306 0.879584576925643 0.832001271250293 0.887364560763627
"cg13750061" 0.0954554485659363 0.105328345990137 0.861925242384384 0.875335435348578 0.85016117131315 0.865585678945353
"cg23357533" 0.173778759607494 0.407776776080677 0.872618577930968 0.892467929019589 0.884976466760108 0.880037818841688
"cg24841244" 0.0860939690263128 0.0961990165800493 0.873871439985799 0.891318181060953 0.772074026340107 0.879534281664098
"cg24662823" 0.125916963379699 0.297276556421031 0.88154125481923 0.895300032781248 0.723179872585775 0.890563303047224
"cg08338281" 0.107831184439003 0.125741048314635 0.873629858077354 0.859191505274027 0.839198880362318 0.897325112842373
"cg06915826" 0.11618135315749 0.209548266540225 0.858023399077129 0.861076020034989 0.846402940982079 0.857918023511335
"cg23896695" 0.0948979421941773 0.12088155745467 0.862474303635111 0.865736325645708 0.829335713555715 0.843480106986732
"cg16775598" 0.134330417794565 0.226905379968838 0.864893164741833 0.88026400629426 0.863203356514454 0.876641714819464
"cg07110949" 0.187056017752116 0.219904387791073 0.94447574202429 0.945972207130876 0.911700100192862 0.949356778597163
"cg10558740" 0.132588980050558 0.176537780972996 0.877313595801477 0.898412069535011 0.860595381907967 0.879676911758729
"cg26400113" 0.107117248388753 0.120211653087853 0.873188239337326 0.873086844777129 0.825459646890428 0.870930999530053
"cg12353788" 0.145218388492708 0.344128367138589 0.828898660588795 0.857457160373526 0.856011762812814 0.853700974612564
"cg21254135" 0.125396874942546 0.269202538760218 0.850652694032687 0.851664870244805 0.826418545384405 0.847117581720955
"cg22230912" 0.105979235535017 0.150405484940986 0.833879952738277 0.893280715680127 0.848743192535527 0.818607303100113
"cg10240150" 0.112709455929326 0.239098652283372 0.833522151641611 0.867540467820362 0.784205684380162 0.842149900428251
"cg04340595" 0.0762650265277615 0.0962554918732084 0.898233634809234 0.927517202356118 0.549110104724266 0.92179912674442
"cg09695307" 0.106881360781131 0.186356960856403 0.869262876629524 0.817237590638224 0.794773696500429 0.865259978313351
"cg24008435" 0.194697230653065 0.449096780309904 0.873656060926767 0.882111398067594 0.864421744469702 0.87800678576582
"cg01040649" 0.166440391348891 0.321649786940968 0.878569934045292 0.867884594650381 0.860432204304952 0.878980620757719
"cg24441810" 0.0899995050666082 0.0984481479082058 0.859274568426865 0.781574894060135 0.824420440118374 0.867263126239245
"cg07545925" 0.0742691724695086 0.0793126022211489 0.868109317377598 0.850162395001714 0.691495625209189 0.867716527742633
"cg17991206" 0.12949515742718 0.307417910531284 0.856255733663425 0.824144588271712 0.778972242866049 0.85439142293313
"cg25599673" 0.150591160952119 0.278091614491735 0.855570975240541 0.861783839775762 0.859813189471858 0.86566132742164
"cg10111816" 0.102995352858229 0.127571866345135 0.838991995096619 0.86205022883065 0.822670809892174 0.826273243770882
"cg00620024" 0.234565980074589 0.570892809870379 0.885098347940615 0.890741558129017 0.877963028640167 0.891628492377423
"cg09016797" 0.218141355446418 0.525376979086476 0.864000682374221 0.892011657226447 0.884078906733156 0.867450240621079
"cg13484324" 0.162255033189758 0.264514056268151 0.878459399378917 0.879973795357233 0.899104564902261 0.837993062853835
"cg04682193" 0.868654132872773 0.840292703502924 0.10666301399474 0.876680235948754 0.107349607481917 0.0727970739340154
"cg06760238" 0.789493068637748 0.743760863045169 0.107242981161519 0.549632465852842 0.104350855186023 0.100045574292284
"cg01231183" 0.76062585258588 0.715409255034741 0.141591919785142 0.0869484053741325 0.37872538785188 0.124267999643595
"cg18739675" 0.844837625498187 0.824255605442652 0.096183916911136 0.760330832231185 0.0930719280438374 0.100088551274783
"cg01543184" 0.786814710063271 0.836440874345729 0.100214805592095 0.244618835908746 0.285520505162657 0.0953747318655445
"cg22742001" 0.859481022857754 0.859811535243893 0.100009860762996 0.137539601477165 0.72345128231652 0.0886403278448108
"cg16261114" 0.831164520931106 0.827640282180433 0.119393394058554 0.213629344922434 0.515319481793711 0.094946792761082
"cg07834069" 0.879024844436934 0.886365936248193 0.100343449355648 0.225137897822112 0.692190371998689 0.0865090727345971
"cg20281375" 0.764492663115664 0.758800406806039 0.0988962739091064 0.124988812656286 0.369132779549084 0.0778107553701967
"cg22018086" 0.786161012450136 0.6600245303434 0.189747508737874 0.2511277679808 0.340005716251127 0.104195644688372
"cg20806175" 0.835195795400792 0.631842559261739 0.105862314115743 0.850754966267676 0.121053821853319 0.0829213102365838
"cg11666770" 0.892624033521949 0.849086498919506 0.323520808497201 0.304702435957653 0.301704876594468 0.295313405302129
"cg21252105" 0.867691241446747 0.827969968043934 0.101042199743535 0.869538181843815 0.0837183962396469 0.0646115985181703
"cg07837085" 0.81397587987255 0.75555139167998 0.115886725834807 0.556100900449747 0.144850917165008 0.0956989608402753
"cg22152931" 0.892592037851342 0.894337019306496 0.107924325311138 0.109502138101305 0.809438239979859 0.101945079413912
"cg11377213" 0.850985203519278 0.798555598584344 0.0859945743212996 0.124463827378712 0.710185585707791 0.0991484957728585
"cg16922167" 0.79394944940913 0.755362382777718 0.140996083678387 0.26973601368095 0.268628392124933 0.119237352510955
"cg09169413" 0.822669890540436 0.837503888961359 0.108261016564051 0.100148236390472 0.437780593436785 0.196768484122431
"cg08284263" 0.674880070780642 0.522450165740858 0.0962976390665728 0.111435971158335 0.138280738528345 0.0897013100029923
"cg18150584" 0.862285038671034 0.875564805569936 0.0894998293583141 0.101777783249136 0.718169874488353 0.0772135746329385
"cg06650256" 0.894542275891666 0.8823562467872 0.0927853760820538 0.614849179033165 0.341732799362592 0.105970879050254
"cg05228359" 0.741543626609299 0.737081532727757 0.0672965068618057 0.0603222696201623 0.350168734470078 0.05619432289291
"cg16602097" 0.780958004635438 0.742489727812358 0.0980473836577694 0.0867938592217604 0.43507239894079 0.102772934796952
"cg26501007" 0.812026520935916 0.791958112885584 0.138134404479329 0.141325003048829 0.136266105682719 0.400814096534282
"cg19369955" 0.744908316806393 0.744750718940247 0.0832200959131086 0.107496051277567 0.255315653105608 0.0778958769099679
"cg25031824" 0.805696708560659 0.800558906054922 0.111020238801246 0.0949239691082304 0.459159472934513 0.0969188452871789
"cg21593001" 0.725877500197127 0.723376649584694 0.0770300141945921 0.167259782159119 0.142475101031137 0.0622791656733941
"cg27058988" 0.676069594078893 0.530716389592316 0.057427129582822 0.0480659198461738 0.237846469123097 0.0482101522980738
"cg09287328" 0.943378273640461 0.941460481086338 0.131513952394441 0.0972124987676421 0.790895366181656 0.248662854548382
"cg23249922" 0.940416892665079 0.952552288837995 0.0761085255850553 0.0592211119993978 0.88428233448566 0.211615062703407
"cg12465678" 0.874022180604611 0.842190728074921 0.125746478912978 0.668198145694853 0.135487665993042 0.115034051263146
"cg26402417" 0.832781722186163 0.842006897199342 0.076695099640695 0.097102376768968 0.547025170535312 0.0900255341713221
"cg09885622" 0.856720093706465 0.835130099749057 0.156769833366294 0.354279338048006 0.134634090998131 0.293818735142687
"cg16097858" 0.789072057638811 0.792638238337888 0.130319076808853 0.114854673606779 0.243495395233831 0.120973004540672
"cg21495704" 0.897238468698041 0.885849348894783 0.101818783805957 0.713335814590587 0.107207400439898 0.114427439095132
"cg23582982" 0.845620515299585 0.853142036708544 0.105806526887704 0.265189487307133 0.350711670638251 0.0722164519060669
"cg19628988" 0.774183981471944 0.702037562191777 0.0890073038915273 0.316956952575336 0.0843083543331996 0.102025066013859
"cg09037630" 0.735933125509112 0.731925063893084 0.0879969647255289 0.0701626394102182 0.0748507996144885 0.0957341750681754
"cg27027151" 0.7396480461796 0.465778437909254 0.194557688062744 0.0743197399027715 0.152202446538303 0.194632644262395
"cg13468685" 0.827616729510862 0.840541911558639 0.0964753482397039 0.34691861583049 0.132871094391149 0.0866611313257752
"cg25978218" 0.794668690375419 0.80443280176177 0.104183295868903 0.268715891940686 0.0708031132393646 0.0809475605303895
"cg07598385" 0.704603384093306 0.553986575212385 0.0721112198805184 0.15132493319619 0.0410210530423541 0.0483991863996661
"cg11787160" 0.865183941991607 0.854449245808384 0.183958708604921 0.184123334701962 0.271755683650362 0.163228461271415
"cg26923863" 0.830634310883191 0.701136795234679 0.0641281235261991 0.58258787913342 0.0803069238112792 0.053352936334392
"cg02380585" 0.728105648059263 0.726248509675707 0.0562816153779605 0.0448402963448253 0.0488735636754555 0.0475476714107523
"cg20455854" 0.756061002456057 0.649637052417265 0.100611710103653 0.134526771033175 0.0694037655285267 0.0750156100570871
"cg13448978" 0.807099820968656 0.756189931236136 0.0756445257677739 0.164018213374658 0.220485907194536 0.0568768561199315
"cg07785552" 0.762326640705194 0.63866248598566 0.103261189127557 0.083310616470965 0.129882335037623 0.0862977700199547
"cg25729350" 0.770519893543118 0.670722079523727 0.0814671363586732 0.0726817934035135 0.148924043369052 0.0777523921799484
"cg04742550" 0.809146767567163 0.424695993760827 0.0481393534678885 0.5970206042994 0.0379276985520211 0.0395012519406942
"cg00219921" 0.773457572412173 0.177390137429115 0.872741697062519 0.877730499463407 0.841712948817176 0.878134113225624
"cg25939861" 0.64876072379138 0.104753129795084 0.833182675038063 0.868150866634314 0.617153908624306 0.856877258138398
"cg25535316" 0.614839377451699 0.173660814039558 0.857012866244436 0.86819969616869 0.782778982403601 0.850321404883632
"cg18483549" 0.574427212904019 0.190429683827068 0.880364762095474 0.821758341546779 0.885020036096869 0.881060263566975
"cg12655059" 0.293178261659877 0.121468229485873 0.851988924449047 0.834208023595893 0.838574860437718 0.856451391409049
"cg18174654" 0.796167873653996 0.242732090320406 0.83763014920656 0.880171638884163 0.873839580858275 0.865258517777975
"cg11531557" 0.760046725472497 0.240219348116395 0.87368005329411 0.884654206245637 0.830244761779735 0.880247825869957
"cg20661080" 0.0882811802843092 0.0836064506909536 0.841289873159746 0.869867577373801 0.710297015457409 0.867951134136789
"cg02387618" 0.14180929311333 0.136160971384647 0.889157852101287 0.901041204853885 0.785398051133702 0.908363645874474
"cg02324835" 0.51630907839608 0.18143392254197 0.836104143200374 0.865188206495063 0.743954511928885 0.862751986025454
"cg08450017" 0.207948879744428 0.100916951047251 0.923065660655784 0.921348080061277 0.454359996316162 0.936055092578211
"cg02598071" 0.425990158452413 0.194025048646707 0.849722021970148 0.885610672901669 0.853753881374796 0.862818911976845
"cg26033526" 0.211232167936726 0.0919341015037419 0.844171866346753 0.783019343417245 0.645928507792045 0.874107253721927
"cg06419846" 0.880238397537727 0.352280606658544 0.934842325158248 0.942970875192314 0.933753406278488 0.93210332108492
"cg06164961" 0.0934910895719597 0.098216185813806 0.868915659108991 0.888294209459808 0.639976402726614 0.883461588586428
"cg18650518" 0.101829533734223 0.114560157065712 0.885748400944418 0.88554369403207 0.67683242589001 0.896782528818631
"cg16193207" 0.120465929411731 0.125211548715507 0.847154385520978 0.858863286519795 0.814781234778475 0.847005919498589
"cg25226014" 0.102110951496661 0.0950188063108272 0.8942951491614 0.870922145915326 0.572519365534633 0.89758672090304
"cg11067179" 0.790240277751209 0.275047728504813 0.860233004691347 0.814640787350005 0.856342255070446 0.858443411921531
"cg04347414" 0.145632095911997 0.149446879372088 0.844420211018398 0.855533721860534 0.843559566071369 0.880003714442062
"cg01002223" 0.811855302557927 0.335501788838061 0.910206993531167 0.921422770326738 0.916527011760132 0.917918242676125
"cg26720010" 0.153391896002108 0.14258283051987 0.850881925772919 0.874716189556059 0.802202314257631 0.847664675689873
"cg26921093" 0.159669998358945 0.15271685240299 0.884369548606724 0.895445986367918 0.749429821141644 0.892597543934238
"cg22765299" 0.104376111589056 0.11964354695031 0.846999216403089 0.824519839270001 0.763410862552968 0.86212219066526
"cg08777095" 0.225258269209206 0.101006660257067 0.809372338063398 0.84202778388652 0.599151152285179 0.8293042450927
"cg07728874" 0.0991402226934823 0.106566287623343 0.830242211620059 0.85265260996203 0.708121882807429 0.841930552310588
"cg04403423" 0.202989568577056 0.122728605523851 0.834835533362751 0.79991435220316 0.717299317709168 0.848490084512009
"cg10977115" 0.346052094554072 0.128612185219473 0.883043539658561 0.904532813751432 0.412444806970245 0.893561146539384
"cg11210357" 0.117385237728673 0.122870344022413 0.848626011407627 0.834785581759718 0.753799276665442 0.848844296763043
"cg15392364" 0.077788013878007 0.0833140149540621 0.860561599860044 0.847340094438866 0.558588181626252 0.867477480056374
"cg24150662" 0.191761667081873 0.181684634492001 0.919322506625067 0.92359435103032 0.72954067620201 0.931263211095794
"cg04394724" 0.774641843086382 0.251267642121051 0.87286517528652 0.87410528816469 0.62157409183293 0.878971169836227
"cg24402372" 0.148654298948743 0.123888177571537 0.824881131518474 0.842577237897605 0.736426992435073 0.843934790708311
"cg07781401" 0.203157872054488 0.189658243956971 0.877163412598057 0.885116754682695 0.867332968431656 0.884691681345747
"cg18149207" 0.48322564124456 0.209806457166286 0.850048603291803 0.882100727236417 0.745321887426201 0.848443008907773
"cg23671196" 0.814456695726303 0.836468368716462 0.0882725727116515 0.0811857269489592 0.739949445418851 0.0757691956613721
"cg22539431" 0.860973331168951 0.865765711257318 0.0946430793201097 0.218577480227926 0.686857951236285 0.0858407193204574
"cg16824282" 0.834891932524226 0.848217262644768 0.144003834846898 0.126811730603018 0.66690802520642 0.0882419406611647
"cg15982099" 0.85844566460924 0.869675471685981 0.108300089026466 0.084368228646311 0.825231549592362 0.0806259056936154
"cg07799277" 0.643556829803034 0.773066691148903 0.105233758866292 0.148565653229681 0.494267608710624 0.0971288027127977
"cg08772789" 0.854577540778381 0.863891350388572 0.135117535811113 0.0956384729532941 0.737383445001248 0.106112703547343
"cg15381475" 0.597899919287388 0.680002868372191 0.0456529898954842 0.0423422480083844 0.303595525601659 0.0337028346591291
"cg20048655" 0.658508715539532 0.808471582366854 0.124988185858246 0.0995888816820291 0.641676096161477 0.0933139663154832
"cg16207263" 0.570042977774471 0.673410378308485 0.0940801020382507 0.0997767712427371 0.10885259390135 0.0809270560057589
"cg04642300" 0.660674773741045 0.688098050142615 0.0895623057947508 0.114216105814766 0.0759113975701939 0.0764948339865386
"cg26681770" 0.610210375959975 0.661120015552735 0.0657252851824729 0.053362403090086 0.0799545378183828 0.063112327539748
"cg24448340" 0.870188292200759 0.885806293462662 0.0871163229098671 0.144238714230687 0.79027151500681 0.0726746608684254
"cg01372366" 0.742125426689259 0.776778530949997 0.0824564429249175 0.14308041910307 0.398314732114556 0.0695634382816958
"cg23018755" 0.637159618188303 0.741193394934008 0.114727229273451 0.177623157173175 0.230567909262594 0.106280290666829
"cg01233897" 0.720842791330228 0.747055420688867 0.102602608051155 0.0763194687198466 0.284881937344269 0.101887656664516
"cg23570245" 0.711461844465932 0.730930180724458 0.112037628334104 0.105144448577517 0.189270248272336 0.0921244917547323
"cg27097542" 0.80680712218446 0.829486382004681 0.107106938521452 0.300757717811158 0.390120704244224 0.0816919484720251
"cg09349128" 0.543078412713445 0.712176505579536 0.100477009490398 0.110200894243893 0.158891001411825 0.190376398565774
"cg09914404" 0.664490107177279 0.744286647952087 0.108542258048461 0.24652545558607 0.147600499319536 0.0895070064601153
"cg20545410" 0.793320611127601 0.840159103099576 0.128383397808584 0.0950699722073521 0.318529642607509 0.342363486439261
"cg25025181" 0.765394665418867 0.801017921043784 0.0858054459691373 0.281129515735923 0.265583946631019 0.0871702732865215
"cg24401262" 0.786503798088688 0.8180431139592 0.0713118683404569 0.0588698278649209 0.573253931164986 0.0580687344515238
"cg17329534" 0.154564546041443 0.812462860908285 0.116427847221505 0.706101480765893 0.422276086396619 0.101788220854161
"cg25711558" 0.645167194203038 0.730306474085368 0.0691301380716496 0.060789891892187 0.223448838193452 0.0595345774054438
"cg24902461" 0.681082420386049 0.81213673648297 0.102065870967959 0.105886328169717 0.478195682141096 0.0889927371242311
"cg16563370" 0.689977468087226 0.770616157859431 0.133642153348359 0.157182205260071 0.122794876548705 0.0996901863582764
"cg22193912" 0.658418724658862 0.764141564525992 0.0519164507386337 0.109149490702896 0.151989005808312 0.0411358105205785
"cg26872907" 0.922088923205092 0.929057174739041 0.0810021531420622 0.917608801417367 0.915635830046118 0.906051773587962
"cg23244761" 0.95204813684515 0.962572982756619 0.13605611386806 0.953383503417812 0.951124230709479 0.950855252066953
"cg12655112" 0.929314590364618 0.944889385216769 0.128289790062013 0.879975014713095 0.930497833830505 0.740876929245434
"cg10480329" 0.902580894099694 0.915665427713664 0.142877620649905 0.903336221938579 0.9052442961644 0.847388618672995
"cg20559385" 0.866140214465738 0.877273803055953 0.10810104032357 0.866681858974008 0.867201797096054 0.816036415047277
"cg11597902" 0.944128045429722 0.958974409176318 0.0780507673173391 0.940219286033251 0.918961035331449 0.335433996279843
"cg05923857" 0.820914388711528 0.905770936524708 0.134310429655652 0.881189015326872 0.905781444754882 0.824186237359241
"cg08908131" 0.867445987608075 0.872326210509407 0.12590882894222 0.852610496580286 0.834608834421307 0.819245000798836
"cg20610950" 0.90385872158873 0.904171927057481 0.127930289157604 0.902197083442186 0.89845872821474 0.642781756066094
"cg24788483" 0.873072610840109 0.93751013668377 0.178638110089922 0.890896633225839 0.929361637832379 0.870927929298521
"cg01476222" 0.892564248130668 0.897367807300657 0.149429759094799 0.846773092011794 0.855455271761306 0.85070677215845
"cg24954967" 0.888400433588497 0.893787363673447 0.111409256693819 0.756898031921737 0.854138462403443 0.755863112759751
"cg23146741" 0.86108836951018 0.863518178100398 0.12421448882017 0.847585168015311 0.850232049553527 0.774845738398474
"cg18990407" 0.916635101998525 0.926201181160022 0.175717787607748 0.913176872546005 0.908315600276466 0.786450892055021
"cg16429499" 0.889223755216292 0.902919049589415 0.111770371637281 0.577523646147471 0.870436441401899 0.868993116583071
"cg10499974" 0.893614376307128 0.908710448787194 0.104893434134622 0.866950402734895 0.883787987902377 0.489481701735283
"cg10278149" 0.872540377979927 0.887591225636932 0.132284614999668 0.829474289225585 0.870586394537481 0.710370211500433
"cg02244028" 0.877794378237656 0.881146769899747 0.163855106314369 0.880061540362864 0.872205237501013 0.805912533421396
"cg19835973" 0.896506886917139 0.905331571147529 0.200328997306249 0.916513084204788 0.887550796941668 0.88905297219908
"cg12422199" 0.853209577907721 0.850475748670156 0.127020921454986 0.781305727908873 0.794975311503864 0.841614326116053
"cg16636767" 0.883199032813908 0.884908591810547 0.181255707016666 0.875752843736502 0.883232187328892 0.860323558054348
"cg09322573" 0.875473114166318 0.884661774706144 0.14112569383148 0.859294118812499 0.858533395404038 0.698222571240818
"cg14109551" 0.88141867678639 0.88974965249227 0.164456871051207 0.890224710550022 0.879845760968541 0.738282783993913
"cg18066690" 0.900427771447748 0.904366578300739 0.206800890154174 0.896543721832141 0.900471090482438 0.887664556473557
"cg00288598" 0.864509421805665 0.937948289658442 0.188915226693526 0.938067477236506 0.929384190649437 0.731511706442211
"cg22259797" 0.854873977519129 0.900756913911343 0.109245414822888 0.915081369774627 0.908079494301499 0.409694935138933
"cg03339817" 0.965155836374553 0.969055692612992 0.271321345839991 0.944318586596635 0.957311827472041 0.950879423545134
"cg18835472" 0.84482776006829 0.867844647374678 0.133802922442767 0.836214826030218 0.848992922909877 0.699833090388083
"cg22675702" 0.839706148216726 0.84865117897752 0.151433011038899 0.844429904317726 0.83848642478926 0.813324510691798
"cg09220326" 0.887646986397515 0.890421499929353 0.148203750979764 0.881037855851624 0.876209102839865 0.632928197596971
"cg18770149" 0.87127079394264 0.880589445530968 0.178373683326269 0.875312906781071 0.852084974709499 0.836116021862108
"cg24365417" 0.845919849368681 0.860931046707238 0.145526818822181 0.853096947582982 0.803310032216131 0.775234789304401
"cg27366072" 0.883029569791509 0.885025753631973 0.160209639341429 0.842932240800429 0.866716407899112 0.728601276150135
"cg04468741" 0.821165528148239 0.862424231011482 0.159725058350528 0.867843407078376 0.861638867617732 0.789850739698104
"cg23791626" 0.881729508428361 0.890629445229033 0.159437467109786 0.770297325519169 0.846271777040819 0.803997789091658
"cg02780988" 0.84194472110358 0.850185013905915 0.15717943682067 0.839779894010824 0.817390815019774 0.828015903603522
"cg23144445" 0.872546514212512 0.869767507356982 0.108661409458176 0.865749570040707 0.859131449465866 0.468837335752091
"cg07002540" 0.839744516078019 0.877833597744802 0.149009133494827 0.880660683844851 0.817363240237007 0.720812114140578
"cg10624395" 0.898403298930414 0.905799569994318 0.22247094776653 0.901513829536926 0.892582463328524 0.894947300641866
"cg26690127" 0.841844278421613 0.89030832579688 0.154162530409546 0.796227705344195 0.891281654676362 0.724045461961578
"cg08442088" 0.832956420983113 0.77407537535022 0.120000612856746 0.839269746328982 0.816958035472734 0.710205681292677
"cg00101629" 0.885101219523468 0.896092815010516 0.195378836078263 0.881437735142682 0.883490380821437 0.795093905129414
"cg24037651" 0.82962549310449 0.847544117279506 0.14779773308795 0.816241779929394 0.782226437764345 0.822751122432485
"cg07846061" 0.845667505828173 0.857600989890129 0.128569943328632 0.848580965432137 0.82046809834734 0.627046942625323
"cg00091349" 0.874750349786615 0.887992364240759 0.11051050323858 0.859043618212694 0.858980655477542 0.425985941206388
"cg16736889" 0.830437967837607 0.844035637558722 0.153488409311908 0.759330691484626 0.831475769462749 0.844958039866672
"cg12555086" 0.86744496397983 0.885130425379617 0.132322644594587 0.795531737356985 0.802920534573467 0.653710616713019
"cg25596405" 0.9115132839916 0.916506550491026 0.166584220773759 0.87146745944121 0.867648145761103 0.608564308385775
"cg07110356" 0.934188912108645 0.945872894229144 0.0901878648663169 0.930149660577397 0.919549409962154 0.0665021821591596
"cg22528270" 0.951150111361816 0.957455558996664 0.104934636910637 0.949342427263433 0.932632506908604 0.074741891627159
"cg20611272" 0.1516861605689 0.176116691511484 0.857716240624184 0.52228416582915 0.179882916052501 0.871262283085822
"cg14057303" 0.091208310578515 0.0860801765882178 0.796668776398631 0.497841315838753 0.113028656090661 0.803684216603854
"cg23679819" 0.0951340154920901 0.103252039233482 0.817158148332808 0.447011587743847 0.267087277091281 0.774948420695581
"cg14437551" 0.0556352079102016 0.0554557454842356 0.669134360679242 0.0571633744568201 0.0714706480740365 0.697287797423351
"cg20055861" 0.189119505887223 0.175327250704294 0.814899459636865 0.0716519010894636 0.379501086176585 0.839187612357787
"cg26768584" 0.0892343057698771 0.0819171856821499 0.852618950964311 0.365566793272995 0.434895648064512 0.872628143313162
"cg20171453" 0.135345417520178 0.123605687154007 0.832002875408815 0.182733944425037 0.520477106196207 0.770884687867624
"cg14364797" 0.113892540122663 0.0684336329440856 0.731402980627003 0.699629733062533 0.0789487204715112 0.293824109093094
"cg03916225" 0.103682015369059 0.0945916231780216 0.782400345864305 0.37715182334693 0.120395840506743 0.785255086111178
"cg23213217" 0.137164219216878 0.134682947460658 0.801511814037844 0.61615874017059 0.483536467457869 0.211451111198569
"cg02879423" 0.147053623346065 0.16312879544612 0.767000384213816 0.852001258400794 0.125587290835978 0.117802533729516
"cg24216966" 0.151939024978438 0.145502334272987 0.801575336331351 0.189669051353624 0.236105205302652 0.821486770609621
"cg24010658" 0.0798436762793661 0.0705867777529101 0.872376551936911 0.614746803492292 0.256247790715015 0.871707027271756
"cg17161520" 0.0916802904449257 0.0946607395750669 0.755722022270107 0.0820393692021279 0.209488768873404 0.813789585075756
"cg27027055" 0.113253250191327 0.0965538032798851 0.846954902099246 0.489026181808947 0.203406892710997 0.847949749394339
"cg12476487" 0.17847877525425 0.087289071269881 0.883276691707101 0.666590374253653 0.112565453543622 0.890168654254857
"cg10639435" 0.152528035664231 0.1632544905848 0.820779930027984 0.628068524945284 0.116088046347945 0.55931368696423
"cg02737268" 0.0506951524677644 0.052469626698844 0.820004779194669 0.048082268362541 0.55013277547453 0.887815737379244
"cg26217402" 0.17746127128132 0.175531876868687 0.841508053838877 0.170317395814511 0.334030066544386 0.840475448248582
"cg15174682" 0.130766112780734 0.0900633685763874 0.789222534193307 0.0968935550391126 0.332976132453961 0.783886108033355
"cg01849093" 0.239912151866706 0.20673865882334 0.835834100943163 0.244233960094513 0.144094124546551 0.811134200175157
"cg16219283" 0.111270242056627 0.101768092848815 0.764020031115482 0.112093666239833 0.164891583771465 0.793803079123089
"cg05052463" 0.2182601331349 0.113792346753751 0.811965854730475 0.0788899768405601 0.27085364180395 0.819385396238911
"cg21999229" 0.0794001494859157 0.0705928325977598 0.724780136033692 0.0750031527162587 0.116414140848816 0.717561436544085
"cg12603453" 0.107434413716737 0.095779298972008 0.811153778899526 0.845121926119387 0.0999837813209589 0.366446450939078
"cg21577598" 0.0656769205431169 0.060176549337095 0.793495255194298 0.289074342395893 0.186447551486429 0.802747258050125
"cg17078393" 0.141981174726704 0.138836331738338 0.837794492834101 0.121811824528226 0.36545894089121 0.843066792917147
"cg03961551" 0.109374794727992 0.0970790819497797 0.805729824144901 0.322250828371014 0.122933644505905 0.804320354130407
"cg19510565" 0.0832026594743368 0.0695158641770387 0.781017529741317 0.272769812644145 0.103649341212791 0.797197632896941
"cg21201401" 0.0799625311160622 0.0705962429909995 0.792708855377055 0.269413805894456 0.0939674681562694 0.866097588171357
"cg07706695" 0.07047829739862 0.062715541660282 0.785077621039437 0.266315391308758 0.120486423745643 0.808424568081672
"cg12609063" 0.0929172062794231 0.0907631489571455 0.800529243109983 0.448589345987235 0.101693270010852 0.66427780071156
"cg14165142" 0.0888381748605087 0.0830072842628828 0.824581173125526 0.262120795133532 0.239043736571198 0.831371349893115
"cg26348243" 0.0885221429042677 0.109353932384766 0.892383700151593 0.193529782182804 0.512904912579371 0.92234732075073
"cg19097880" 0.0796964534210708 0.0753089012201916 0.739468479163314 0.079382096387628 0.089374208092341 0.73918128097643
"cg06208288" 0.170460001383469 0.138011323596115 0.891032180881586 0.525113240472535 0.100605437168245 0.894413682038738
"cg13554018" 0.132909443244368 0.103201893871729 0.763733273050863 0.0710465201264843 0.0994047591865003 0.768299602433782
"cg18148314" 0.104012207624104 0.0858093156054032 0.819518576119773 0.302014038747259 0.113348243959842 0.83725681987764
"cg21830221" 0.119536917714529 0.115883416778844 0.790704601709376 0.104680805006313 0.137587796357131 0.802054742580376
"cg11316887" 0.143209404727643 0.101327859816556 0.804098221380083 0.110420514760237 0.125470443697619 0.862389552244461
"cg20805133" 0.0686920562463067 0.065393055157784 0.833863705248407 0.194975186695004 0.28621099216105 0.877489168171435
"cg08169020" 0.0554819394090578 0.0615337694498174 0.845257936505802 0.400250053800327 0.128885957835103 0.874605651077182
"cg04722215" 0.110836075721786 0.103223277238975 0.843027250203848 0.374111156839894 0.129887925534612 0.772898862205976
"cg21359303" 0.0907665026844574 0.0822203102634675 0.88611838251712 0.423702893719489 0.191279436431151 0.899167797793889
"cg14597739" 0.104155176074144 0.101573671249424 0.809065982371584 0.0993459124715573 0.154007527336883 0.826359006489946
"cg17169196" 0.0876329060281049 0.0785522942193913 0.796415968714158 0.0810836224753336 0.150902621376725 0.821749441371418
"cg14441276" 0.0839096150544681 0.0842502478161726 0.783934238237029 0.0715038420568706 0.118589174547473 0.790965493051618
"cg00446123" 0.0648161945277445 0.0561349190624136 0.844334725484477 0.281904549021871 0.0786390719644788 0.912131557211816
"cg20513976" 0.0383510967292961 0.0364478206648811 0.845649807587367 0.319824685620601 0.0614579124929756 0.901385563459024
"cg03795574" 0.0930727185442255 0.0945866414133682 0.747779572420909 0.100161845802899 0.364142679942297 0.116157832496162
"cg17768768" 0.94726706575777 0.950899617117184 0.933196821148943 0.0680702053487394 0.950289469255613 0.941920416680435
"cg01598421" 0.945881448290282 0.944677813861539 0.940156676709136 0.0720003668176677 0.93599089049519 0.950024951665601
"cg25131632" 0.941187273034983 0.941894635358064 0.936079546664683 0.0932235669441902 0.939212476962928 0.937480196290145
"cg19276014" 0.961428593596967 0.959274687419495 0.95437191051909 0.118021420656093 0.961617319214229 0.961883223200547
"cg13738327" 0.958857124658582 0.965253498015446 0.950933831735946 0.119463781861644 0.930910442670366 0.95716522000483
"cg02212339" 0.920556378947549 0.922874917755755 0.946361520396148 0.107451076072186 0.94947764777985 0.947509269153462
"cg05484949" 0.956272856000978 0.954963747123975 0.94008288520837 0.122637463471357 0.956657392413087 0.945428650781703
"cg16210395" 0.908736482086233 0.913997230878235 0.896469530168997 0.0826254944758517 0.902754502090818 0.898034665539813
"cg15348679" 0.93279439273096 0.970064865279265 0.871148918866798 0.104049441617273 0.944386710017536 0.895526554695745
"cg27106643" 0.872825543483396 0.884970047782232 0.890706288178837 0.0845413564414682 0.8880767805461 0.914975704669655
"cg14482811" 0.949413985299801 0.94982979971193 0.916284252394203 0.116527077492835 0.860671060456535 0.922070029038452
"cg26318872" 0.904120029065274 0.903116933817365 0.888906137116268 0.0970334880518246 0.899250119650951 0.888439737251606
"cg01024458" 0.873457141548401 0.8957975593965 0.898188771226844 0.0876417786723753 0.857672223166596 0.9072205592005
"cg11661493" 0.882266531779778 0.888057193723509 0.866205400940656 0.083791803545974 0.888794107801104 0.873404422740245
"cg14066207" 0.828812926253528 0.837167732220138 0.919800688442704 0.09236853463081 0.904734286759079 0.928624614742615
"cg09201499" 0.946884560377155 0.947029924462197 0.926143969439425 0.147485990983304 0.941636637322869 0.927154838151841
"cg16411445" 0.957553421582743 0.958932845592706 0.942372644118478 0.158923168418205 0.938272007893429 0.947693346848209
"cg13283094" 0.903822189722287 0.903517490268244 0.89067173852666 0.105580659595678 0.882178660911699 0.892299454993578
"cg26552743" 0.895024911419087 0.900777452634604 0.865636256619324 0.0911045297901513 0.867164255421724 0.865786831135522
"cg05524458" 0.892565182369242 0.89795472044493 0.861877017960781 0.0760681320702053 0.884833665792734 0.765617607275927
"cg07145038" 0.890330721084054 0.895774571338882 0.88402152240403 0.0990849421518308 0.876078135819595 0.870853570742043
"cg15235922" 0.894451573363148 0.891132482470579 0.843098927295838 0.0844918496786083 0.880894449768187 0.827861122853698
"cg21248060" 0.921567615318112 0.890805961740317 0.918428193370267 0.0923682919824053 0.712028216238356 0.930890427080225
"cg01868869" 0.902570562679873 0.904205110733525 0.893507294345007 0.118958472544229 0.897722575846244 0.891905056813412
"cg03131366" 0.896487014107249 0.894876891552975 0.852113934673587 0.0995951203820501 0.866766556551112 0.874454034774045
"cg14936008" 0.901632593399013 0.904510092253427 0.883270786503551 0.120346677027245 0.895470911843716 0.893591527976472
"cg22212560" 0.907236842921231 0.909056566712412 0.658282385904478 0.075030000003362 0.894694301213108 0.853965356974839
"cg16586807" 0.909251198048602 0.910092674066998 0.901544261631419 0.132157845928753 0.910122936188262 0.89951695632569
"cg17995557" 0.876896582790253 0.876087621681885 0.870156937677832 0.0868849907689284 0.810995871249359 0.871269161810388
"cg11699517" 0.973695030308369 0.972774311950525 0.946709781386271 0.185815342475663 0.965845293864796 0.936009365603174
"cg15241519" 0.915827070411688 0.9178768676348 0.85803849480319 0.117452711362898 0.827001957198627 0.924086939890654
"cg07558704" 0.934952971699144 0.939742868571193 0.931345944305084 0.164411852175845 0.94012769782431 0.927640462535731
"cg17679619" 0.882543321789423 0.883719411687756 0.869347930552721 0.10539610975447 0.870064649835329 0.863239379107607
"cg09469986" 0.870213100311014 0.878677988533197 0.856149698729518 0.0959108779068499 0.832269842047616 0.878601055624785
"cg07435215" 0.879032827955482 0.885533133431675 0.847569807681387 0.0891538943624689 0.859375854190686 0.80749009627613
"cg26438284" 0.902967493075488 0.900756080221109 0.897820149211565 0.115276606532593 0.825783149032275 0.884709774640448
"cg26692003" 0.965357170296157 0.96569955177021 0.942914335183414 0.192522485121083 0.959944081272639 0.954845818863016
"cg25683989" 0.878543269861444 0.883248815556499 0.870304629790364 0.10379921696373 0.850795396080224 0.864042602313343
"cg27304328" 0.886150283246666 0.886630930397059 0.831465410952144 0.099265108119134 0.881575605491684 0.833409041865007
"cg00760938" 0.873129491453002 0.872958397914688 0.856241697047147 0.0866632631210859 0.809161947566488 0.847583784327028
"cg20602300" 0.886177972060934 0.886158770773186 0.882010317167956 0.118522423085724 0.884334134213259 0.878384823170616
"cg13356455" 0.900974220639459 0.897113002336994 0.883866259240601 0.109876531067915 0.805618457937712 0.870713340328801
"cg16148346" 0.872392423260357 0.873362542686607 0.860535129499481 0.106976944709645 0.871066831734564 0.860539451017498
"cg17634650" 0.89279512401936 0.896744868471893 0.883421134902536 0.11689970339715 0.838506455742649 0.87739501879232
"cg13482010" 0.859977877940363 0.856156343957858 0.843984652576854 0.0833165492252691 0.805710521426007 0.850955595718488
"cg15532942" 0.880785607530437 0.887279797256232 0.875017146102669 0.111014455951164 0.841275357319879 0.869602553142244
"cg03860768" 0.853053091169551 0.837220016527338 0.862383849341555 0.0929219297948919 0.858187560937022 0.851752182739814
"cg21596498" 0.80840837965662 0.854109964342119 0.875342058353491 0.0927958214305803 0.846959536658741 0.867310402495352
"cg23948703" 0.860548454431685 0.866997618433063 0.859287694320557 0.102820757966436 0.843852581116791 0.866872738856702
"cg04828493" 0.944253027446288 0.947044131916455 0.850077802987852 0.116376335835618 0.665324034987511 0.949487327212172
"cg00787726" 0.113343696862025 0.0787002929318739 0.333112857514171 0.687264485958035 0.0998579298848074 0.0745775230718854
"cg24834394" 0.346924854937662 0.338458001176678 0.397519052165153 0.871589806390013 0.418560203234388 0.0914299143262047
"cg08698943" 0.201614759487775 0.376617896534164 0.114000839038764 0.84754167599505 0.387238473874069 0.361323445442109
"cg24947456" 0.157826860822583 0.114252863627611 0.0885756556390413 0.66243035216125 0.0977447815919706 0.0749348917414179
"cg23433370" 0.593001353758338 0.496572158505493 0.0984242541343682 0.83711369680433 0.140009671369869 0.0543306949718104
"cg12033075" 0.0492108824724832 0.0548460119045513 0.602547918551066 0.877694541872603 0.339163546614053 0.594338353956512
"cg26366091" 0.251803445717628 0.314209926824255 0.0706793141635807 0.738595096513905 0.180517632484394 0.0671159606138885
"cg07725527" 0.15534095630025 0.157028124124319 0.207198455659288 0.726753339511622 0.159736304939764 0.159210210526019
"cg16301004" 0.358594346509883 0.504366302829853 0.10800228989876 0.879253420631632 0.515396289856676 0.0842896049173713
"cg20541456" 0.0670037913233284 0.0977930544548744 0.0910559975295429 0.716029498483765 0.45754663567489 0.0482255432042813
"cg00970435" 0.16602925076573 0.0972513869424725 0.248716982580504 0.703682043624934 0.0966674510252933 0.100989171065066
"cg09076077" 0.508304570890644 0.490372283464988 0.109329901151451 0.831023877956703 0.0918442290768554 0.114146660911182
"cg03272225" 0.0848802888727058 0.0827486859024992 0.172212919201683 0.679852562564957 0.118271875487178 0.123040973596608
"cg07091500" 0.153615644894593 0.216299419878059 0.129532100446863 0.79901763011523 0.523929014997244 0.133616715967002
"cg07093324" 0.219240863711726 0.29224712655405 0.172602226031226 0.82735293833989 0.507827058817514 0.106049692807984
"cg00574379" 0.155984131875248 0.138270128072881 0.598527999771331 0.813389719035165 0.105638308667592 0.278406077704577
"cg25616055" 0.0602489793914247 0.0576981730603009 0.118329599057612 0.646378501724891 0.0997046625497753 0.0599908439093428
"cg27492103" 0.1216257916275 0.105938549349199 0.444633349078431 0.822989882553493 0.489716063480347 0.109638112287904
"cg20025658" 0.0757486566075048 0.0737451527238771 0.2999780111059 0.712992743422871 0.0896307531073504 0.150611823557613
"cg07249939" 0.300416520410333 0.265298405800855 0.262893368728984 0.816197298821457 0.0940286806181704 0.246155933154329
"cg22286382" 0.100842548941778 0.0993565710316241 0.258869590406504 0.723732840227672 0.144190799643871 0.105722452033114
"cg09849688" 0.280974504395836 0.23549705428588 0.0979121853218794 0.776391366978744 0.230403511150258 0.09310089235029
"cg03798942" 0.0985485722773198 0.175868536795759 0.57542210488427 0.790665559013384 0.0704024800238443 0.135255683902225
"cg20380468" 0.0844985546372296 0.0971130501031261 0.437072044520485 0.847851287382732 0.474384136776949 0.20560719459942
"cg20450123" 0.212395076608127 0.237641764965523 0.198287567611738 0.766115963318759 0.117059568204637 0.0863458692255022
"cg01054402" 0.11831801740637 0.179986181332217 0.271686741421944 0.843285332285083 0.578274687428204 0.0884943032165864
"cg20317872" 0.0789588132513671 0.104067097310286 0.432760778775847 0.882152137705807 0.145884560991132 0.674554985160162
"cg22446709" 0.0610716626513807 0.0708239613785862 0.073950761733738 0.664733270648601 0.0686644956086876 0.0555146610772171
"cg08682625" 0.116577014489915 0.152984071881384 0.124336113639209 0.782292625695597 0.376814770623273 0.108424103120184
"cg00902153" 0.193138723141911 0.179497649944852 0.0847003249805181 0.870373329216535 0.740338607514681 0.100830366270867
"cg19268695" 0.0999409000506779 0.106292985600489 0.203301154840403 0.840003462985006 0.12560452157441 0.624886612527206
"cg15906007" 0.0994752845428208 0.1178273416571 0.323206335100137 0.76971799928656 0.0844875303371358 0.150177722278908
"cg25518868" 0.12915688546423 0.187872379398952 0.0828645070574052 0.764243809909834 0.229875464954201 0.0734771894358157
"cg09300089" 0.384637265785842 0.236803695345342 0.104700849409198 0.816822296498092 0.11743077290385 0.083915507262555
"cg25336765" 0.328245317528342 0.339038791516418 0.114854877071637 0.85164026259891 0.174544586331739 0.125710600029739
"cg00619207" 0.087695552789723 0.0914762879886203 0.172785181900824 0.833429105431573 0.109061478798275 0.512044312605921
"cg01156249" 0.281695342979768 0.217146043628029 0.076437263575256 0.907413103492834 0.646199919737533 0.0627766731260026
"cg07635227" 0.164717001787364 0.132787342442891 0.0534451567879804 0.846076688048512 0.495267048671031 0.044685401325035
"cg00058449" 0.381420032058357 0.31942401326774 0.312892661526824 0.935851187291341 0.0706835995009349 0.274692302960763
"cg21291385" 0.0874822811360922 0.102904010897172 0.416824677311214 0.83667200801341 0.163187201251984 0.112278843073611
"cg19269039" 0.0689813095430545 0.0858280609781654 0.200303703019218 0.849879508821342 0.116051269212159 0.428899191366054
"cg23357708" 0.136055080949322 0.195588565896776 0.0916538952896325 0.814627791588866 0.173200286954657 0.0798111170173184
"cg14317609" 0.0840717343301629 0.0826176353875222 0.0727286326852325 0.754401723070666 0.0665625307603327 0.0701170796848374
"cg08864105" 0.194364653401972 0.220122804128843 0.0952595137979301 0.8707614064001 0.167214718153922 0.0946429613082936
"cg08560387" 0.110417119081748 0.0620867415324017 0.0615563442476467 0.829629643998922 0.0551663568591403 0.0523708568398416
"cg17266282" 0.10273799209403 0.110334709385958 0.113456611022462 0.903830025396685 0.173840003465991 0.122235848360204
"cg03429643" 0.0679347462750342 0.07251375206539 0.0832769644696879 0.861208023158173 0.0749312772442849 0.0702479565500111
"cg02606840" 0.0571141959578407 0.0594627003701707 0.134046862385436 0.88356772153822 0.0742652592989179 0.0690862402228147
"cg12811871" 0.955409804714378 0.879816501369035 0.960371951086584 0.888640280089091 0.133817570917527 0.963377759180057
"cg27582527" 0.853538033163543 0.821274609953217 0.84862830748945 0.861579986215883 0.0695770781027191 0.855506269433688
"cg25383568" 0.928550874713817 0.894415763173553 0.926675054880555 0.927938070805447 0.155790672103129 0.924275740194445
"cg00805874" 0.929431479615405 0.796915586345118 0.937794796179262 0.947103144174224 0.148091734816027 0.93815133071342
"cg13617280" 0.91585776940754 0.902063681678454 0.912088378928832 0.913002610207956 0.153976609549485 0.858400069717372
"cg06202778" 0.886058725080794 0.842557753105807 0.824102485476473 0.892841792121542 0.116839108663979 0.860830252735186
"cg07307830" 0.873407149610788 0.7977811777684 0.874837741402891 0.888490397798223 0.117832944589563 0.881086770655907
"cg02384859" 0.888972523512703 0.857326890774396 0.897949404600369 0.894909969179703 0.142922519373869 0.895019543339911
"cg03538296" 0.858275799527723 0.756815803933966 0.867432020001463 0.869531718537924 0.0998829545215613 0.862422365902173
"cg06040872" 0.896830370427755 0.849633111054106 0.884204575033797 0.898236826958646 0.140403762767627 0.881833139938532
"cg22749642" 0.886376218154606 0.865482772328165 0.879891023695318 0.897361680355983 0.141703737202322 0.880636121854297
"cg21634628" 0.826169927312391 0.812922926869264 0.879310845997576 0.845947618191204 0.11005448528593 0.884500834553628
"cg05875239" 0.88342371595635 0.865909591315078 0.884147310112683 0.881226840237877 0.140229624033597 0.880001596813983
"cg26012482" 0.805636862934447 0.79269271830496 0.858231301659338 0.876991738561327 0.102919516551524 0.861200335541929
"cg05656688" 0.865237262678043 0.725786629637868 0.907812450602664 0.907118118637346 0.117119259706846 0.862173865439955
"cg24408769" 0.90613327990169 0.88008621129632 0.76603102342199 0.929310368385103 0.122699544436511 0.779925134581531
"cg11335172" 0.916645514906168 0.890799807950196 0.912341960619179 0.914085409114978 0.175134578825094 0.896500705445019
"cg27274718" 0.883282360894525 0.858974599867944 0.868499032215363 0.888020423106711 0.145281365800898 0.879003461305763
"cg19066520" 0.670570429337858 0.860441562241768 0.939354399349734 0.935381932636005 0.135221704505307 0.930570005254326
"cg20657709" 0.881622720456594 0.863007104838589 0.878699750267833 0.874064637783429 0.147284667108729 0.874122979186398
"cg00719568" 0.864095746846012 0.836430484281878 0.853783357750638 0.814824125270759 0.119423571762778 0.854716352124774
"cg11650164" 0.886259446765967 0.843606900303081 0.87327754356609 0.888879634304561 0.147981614816466 0.871228316574698
"cg24578857" 0.914224350451811 0.85390551038195 0.942672863076845 0.944355264790827 0.195783185971743 0.943900743009219
"cg01940139" 0.880193246818339 0.854303668904064 0.896092328982947 0.888202380697081 0.15753370681047 0.881180853095381
"cg05593759" 0.870458290406776 0.825325334628851 0.873857920579266 0.879781444500611 0.143541893585021 0.879058990229281
"cg13995453" 0.87118497002809 0.804202105043031 0.876125102545829 0.879214906970703 0.137417988157528 0.867293259926166
"cg13917614" 0.899379941352025 0.841811115986442 0.900247464320064 0.902027619342855 0.167992457967664 0.905337218978931
"cg06022561" 0.847451078782925 0.817207961024041 0.836941728693402 0.869571552801787 0.113410010497987 0.801588060523192
"cg27309871" 0.89162284333318 0.859249803120601 0.892628994724744 0.889942188929667 0.162810263172551 0.88162900437523
"cg21474838" 0.879201493387988 0.855755786703994 0.884841542255563 0.893485241274298 0.161027943805734 0.890834009520086
"cg21333217" 0.954928291090045 0.906452368382357 0.954760343408685 0.955856606796791 0.226974663801756 0.959273699008111
"cg04784635" 0.834226706604488 0.806949803666621 0.886225922402701 0.898609729848848 0.141986871985639 0.879375830403641
"cg02150910" 0.872618634928491 0.832743871034988 0.861731759843632 0.872382345387688 0.139295428494903 0.846241020767923
"cg20987610" 0.894549311481342 0.885089024697489 0.795204633266643 0.887187860905951 0.15617665193528 0.89532764024057
"cg26227465" 0.84456081631913 0.742893951228266 0.849849479302425 0.869947837258891 0.116596500186488 0.864054728155663
"cg05653887" 0.876520314328115 0.836876685187877 0.868812709644611 0.88263417347994 0.149569625963884 0.86880076569773
"cg15757195" 0.866779070132095 0.856169212805389 0.872389383008203 0.881123957462818 0.152820419312397 0.873253333692746
"cg18672716" 0.878206695524469 0.826039437785582 0.860840071207504 0.88409197457169 0.143995356021764 0.852504426965303
"cg14301562" 0.87033157162045 0.837609599811252 0.868490416662629 0.88162064836381 0.139528512112281 0.821788873477547
"cg11978441" 0.799180773141454 0.72724737919403 0.855027533644915 0.868314821892542 0.106559140056886 0.866067725798008
"cg26275360" 0.874649421068307 0.841689145886795 0.861200207161557 0.866389245755204 0.148850358516729 0.869875042870591
"cg22488278" 0.884715374053729 0.850390392575601 0.890451462322401 0.868970561738602 0.163802891366243 0.891293099812926
"cg21828319" 0.886071211464093 0.857054003063663 0.876256882045293 0.824839458857086 0.158483737313386 0.889524542434121
"cg06815003" 0.882851125494191 0.883554747776536 0.888197409668562 0.855078198811876 0.173966043616774 0.895999581494532
"cg13613174" 0.883139523228579 0.849199742494327 0.872213359691666 0.896652878338472 0.15204949284817 0.797270096657391
"cg26934362" 0.787470641152754 0.746958819518426 0.847378141766523 0.864137400888426 0.11215915542768 0.848592358181922
"cg18310515" 0.872504001034759 0.837157988285002 0.873530327943072 0.872841400972493 0.161498967697598 0.8804045386283
"cg13209388" 0.896585895305865 0.871486955818081 0.888519495182402 0.898065252265003 0.18164824952076 0.876537628449168
"cg10796068" 0.878030383133057 0.848238061794984 0.864339898702745 0.876367138583983 0.162771946391447 0.868936809485468
"cg06588802" 0.845980029047123 0.829279624529397 0.869895848057703 0.883057075075542 0.156617067829699 0.876852156146044
"cg22360318" 0.0965710380384467 0.194916786749907 0.0753967416314858 0.105377174664235 0.566694928211528 0.080178251150493
"cg27437304" 0.162799243652346 0.302220484621425 0.140521289102716 0.222662706280861 0.701606692407774 0.374870601913306
"cg14286456" 0.124881031635902 0.177191634350685 0.45131109251241 0.497670207966268 0.853645151203196 0.720305939878525
"cg07675477" 0.277732700351336 0.380501724598434 0.202299688663985 0.212928662052345 0.719870849035398 0.2035988172704
"cg19736900" 0.465883870451644 0.572097358221357 0.135387022582274 0.122802421520802 0.754833317624849 0.123474099902667
"cg05608790" 0.331526845415552 0.587862198814777 0.168322356565019 0.131230333017414 0.768777556613572 0.270518343582765
"cg17801864" 0.249490361636713 0.361498556481752 0.103884006751535 0.12057671334338 0.656563076965438 0.102279159577646
"cg03677056" 0.636895862743605 0.701036642541839 0.122473240920511 0.133635950533014 0.814493442875266 0.109213452018468
"cg04840108" 0.283256146795334 0.514647273002536 0.0884416706619521 0.0914800874266762 0.683519959965185 0.0836364766420798
"cg03339537" 0.457897707504751 0.344348162888831 0.138020893078054 0.142374992585362 0.717680126626829 0.146762162976195
"cg10491452" 0.174299110572647 0.276705479795319 0.0805013341968599 0.0801671424181447 0.609072120947266 0.0793647701953267
"cg00084338" 0.120025292209278 0.409363400368813 0.161271549569044 0.183681902577891 0.676759220595701 0.144531001120799
"cg13318771" 0.124818358875431 0.160142270230443 0.0651481950066758 0.0909867572394983 0.586903255784744 0.126087116274784
"cg00629585" 0.186410300798627 0.212638938131825 0.148926352963444 0.157992753929765 0.642408218751876 0.139861585801188
"cg11948905" 0.428037026107635 0.509346303337642 0.0858418334430757 0.288870761472617 0.754880209943129 0.0661659447684453
"cg08783514" 0.108674649222693 0.141266409899554 0.576896158135259 0.143602883795224 0.818853222980068 0.765141843691945
"cg25887844" 0.252463503276595 0.310686038185593 0.211360056325681 0.497708236492321 0.759091899165963 0.13643302275982
"cg03780927" 0.190851080710529 0.157578801607631 0.150739729807031 0.288527847003371 0.669695117150471 0.167964851777715
"cg11481582" 0.410724304410978 0.470731048614225 0.0681918365447286 0.0535452625136428 0.699925878029259 0.0711525746705057
"cg15356966" 0.278445197795024 0.204478989994613 0.084069638649411 0.105027801898918 0.635306364253732 0.0856792931102263
"cg25045219" 0.0991628761987802 0.588938262828231 0.12004177943122 0.404844307920558 0.761119873389591 0.155116221391286
"cg17087974" 0.460354894472172 0.627054624874988 0.098188428173084 0.0887137030155459 0.764165738244338 0.0905913677592864
"cg04887172" 0.390548780273599 0.447052626951634 0.10219225510238 0.122402189341744 0.722396449408814 0.0984732055086687
"cg09958402" 0.358282996417964 0.510530799892908 0.0730104362015582 0.0653487295226161 0.710881053249341 0.084367709339402
"cg26348226" 0.290061035843167 0.455547713321945 0.0814950923889428 0.0692633129717789 0.693784664741487 0.10981327328431
"cg01447281" 0.0864422984601212 0.139860120519318 0.0976655637195448 0.131077861229246 0.598308067849187 0.0905877797003017
"cg27122888" 0.093783767639744 0.154183903652003 0.0918392027116091 0.101724544712298 0.599083973623224 0.0881111345841782
"cg02417427" 0.325641149332102 0.280182357293844 0.503972451241354 0.0880214966847431 0.793160756328182 0.298837150275434
"cg22589728" 0.205257786041344 0.219474845294146 0.194147549214685 0.150640707315314 0.700863300783665 0.215508188423792
"cg09747445" 0.211173928611689 0.160379987670767 0.508381570495664 0.179976562810871 0.822359927563997 0.531097027576416
"cg22897715" 0.245612995817424 0.26216793721363 0.0592917116698347 0.0912340055443573 0.656331480465045 0.056784757911927
"cg09101151" 0.245242687334042 0.299690115865073 0.171059500174024 0.0943940480789646 0.712176383232123 0.169430846309133
"cg27218978" 0.374748803504609 0.484840393726152 0.277431169158515 0.175585326588562 0.815339487361867 0.113393543332522
"cg21638533" 0.232194256325771 0.316932315858449 0.0970333406308037 0.87047169848599 0.851944549020032 0.0889729199021163
"cg14649507" 0.507641497416055 0.483467836739304 0.0997040397718989 0.0912983132842326 0.799604745389547 0.138964632735019
"cg26971042" 0.0784982616822482 0.0811481078794943 0.137511410646342 0.0643163850786612 0.632841492058643 0.148124959204272
"cg13404688" 0.386270253337982 0.59414184140461 0.114951721613121 0.162718094527163 0.827402412057639 0.147731692071062
"cg21232161" 0.298827936028237 0.380630375479679 0.233285652025494 0.114028539823467 0.7736303045474 0.111109645889201
"cg11173131" 0.269737208217392 0.376560889433337 0.0674752375350986 0.0718925908603776 0.722361393551946 0.0621616638350067
"cg22442430" 0.113660824938462 0.127014688950719 0.150293246157085 0.115031338177596 0.71924979522255 0.319277935401478
"cg03837680" 0.155066787185693 0.240003512341178 0.0646740705805889 0.0771030149956877 0.676757978154163 0.0613347171366875
"cg09001226" 0.254172217631909 0.211330945460627 0.0767664455505297 0.178423949182759 0.727643257862351 0.0813502840022583
"cg12273325" 0.128668125628596 0.233878311130722 0.0730706807526938 0.0817339272630341 0.708464789343289 0.15778479813304
"cg25817701" 0.228592075106842 0.190126855969947 0.453997331602988 0.0435031460098054 0.872489219050823 0.557068586133529
"cg18881723" 0.0713942871738089 0.180076336094756 0.0793486076973458 0.0714056361347463 0.688079707097038 0.102895828535625
"cg04179740" 0.0844500960487194 0.0909820035607827 0.095368231220836 0.216590474907181 0.711421168081775 0.0938747447717721
"cg07381806" 0.13056494920505 0.161983033649198 0.111771236011577 0.0920518147974137 0.763401963121114 0.273255626785377
"cg11358405" 0.221096113519178 0.328484564347204 0.0463023466187687 0.0476116262840415 0.753214284591715 0.0462927379839645
"cg06117093" 0.182801159856192 0.376515251058673 0.0938579239673855 0.189825842244153 0.808776869084921 0.100657062135525
"cg17766305" 0.116526049171114 0.238086591216095 0.071952428350537 0.0658339840503722 0.83460844930726 0.110634618775607
"cg05398700" 0.94441529164196 0.950947195835478 0.878316807255816 0.934458982414182 0.936336425208872 0.110350950959529
"cg22381196" 0.917964186282992 0.925284306620517 0.653499307518507 0.918200827627181 0.910680525805077 0.0699395538288637
"cg16802439" 0.957822264086769 0.962492230103082 0.733644904490322 0.957039525150876 0.942687548838386 0.121461691536522
"cg23819411" 0.923608044867125 0.931590507446634 0.704383359776723 0.922889734119908 0.913377451707127 0.100021596798032
"cg15878616" 0.966140895968554 0.966969002088983 0.514115056952533 0.96184568682475 0.956657436159077 0.0995292658731643
"cg25739938" 0.899500141534295 0.902489628607754 0.86446826516834 0.901245516961596 0.895476019290783 0.112398287177848
"cg06270401" 0.894226530107959 0.896586422521837 0.803851552118657 0.891742816596146 0.868078718172394 0.0946457373208029
"cg13468144" 0.892140030253824 0.902223148213922 0.890130609932696 0.902477440789435 0.864644064574661 0.113797591442699
"cg25600606" 0.906101772472847 0.904906541196742 0.848000522944245 0.90540479534825 0.900340704979872 0.120319192703827
"cg21685770" 0.900523637878267 0.899704914840708 0.658906064806495 0.903083897798698 0.892495745857619 0.0876467258915658
"cg12483340" 0.885242175420467 0.887197747159452 0.742558164337251 0.880380182318086 0.875722425653515 0.0937249884653089
"cg19037107" 0.899604588150725 0.903174452766572 0.842480712561784 0.901200066915759 0.891430285118562 0.127455006959232
"cg00439981" 0.906476353480225 0.915478744558762 0.592724828155891 0.908489753121724 0.905151153187117 0.0921214105865862
"cg00705730" 0.879032502742021 0.872979521598816 0.830160243925083 0.876195172419865 0.862350007766452 0.106875830508612
"cg05936004" 0.901834726733927 0.902361803441459 0.784680468304513 0.908751394406843 0.862467901294015 0.11617437965124
"cg10611016" 0.910062678784295 0.91364210913983 0.669898882077437 0.904563572666153 0.906106454637499 0.108138390509023
"cg04858164" 0.894299484626891 0.904017599926363 0.84199761082526 0.903653521051083 0.903165539631809 0.136192530027906
"cg07790752" 0.896605644901499 0.8916355712739 0.730066738473531 0.902783803682563 0.861964787832408 0.106102454675681
"cg08253808" 0.891279688466875 0.890439742735029 0.72081034095005 0.869311636606543 0.872472533964098 0.0987785255542103
"cg01692842" 0.883444726404894 0.888413498307477 0.807020465567675 0.881557322543538 0.851131162115277 0.110551413946537
"cg05627557" 0.857932761524447 0.862848601461469 0.653437231605837 0.859574561309323 0.858267145378452 0.0694245508681009
"cg08154963" 0.870315983850222 0.873009138205488 0.785258759049176 0.870012383601271 0.852432296913242 0.100829337579957
"cg03340036" 0.894762103419311 0.898220872517586 0.764085094823511 0.897996332052862 0.88899096649649 0.120633488116653
"cg25605731" 0.948533299796747 0.954138513965771 0.471541776981021 0.955667485848578 0.946223357175203 0.114897836942259
"cg11313468" 0.866238929147845 0.867985257737441 0.72586393999865 0.871238059630473 0.839136675156644 0.0908180410658179
"cg15658793" 0.912578604111195 0.911988929128316 0.682788860066161 0.917454764446325 0.873388336249831 0.119370145295571
"cg13595556" 0.898353411493677 0.901110356523626 0.651776093646086 0.90245398209731 0.791044985867503 0.0906433833169617
"cg10487428" 0.885016490342693 0.887091078376368 0.733611771587979 0.887337396059595 0.85761166751748 0.111207003565589
"cg13396713" 0.879455891098843 0.889197365956568 0.595106711782462 0.88193222714671 0.865862029974656 0.0871832983851383
"cg04609694" 0.874077660882924 0.8725216389932 0.794282204326443 0.871337935020214 0.864928813988111 0.117691706594977
"cg23338668" 0.876135306280567 0.886455187780467 0.842607210342352 0.88364926841393 0.875862452751817 0.135899735171195
"cg24737761" 0.891550629171371 0.890719844582647 0.806939075617849 0.885860238813283 0.844469427452245 0.129004065321781
"cg07409471" 0.909234579658326 0.91384584375203 0.76452549568646 0.903160584046947 0.891404994891814 0.143032486277944
"cg01040749" 0.88635183146271 0.882858000856632 0.717174840061335 0.87456549356397 0.8769529280856 0.11625416769961
"cg01699630" 0.88023839178816 0.889327286365072 0.861848242821907 0.881477785043324 0.864947921795625 0.142035433333832
"cg19867914" 0.889667588844974 0.893315220422175 0.643732107288045 0.898194317128062 0.834161122875823 0.102156986072075
"cg17852482" 0.875156688365299 0.874313613077672 0.81008243748449 0.865438404986351 0.840497271055431 0.120854505811732
"cg13633625" 0.893454642422634 0.898078054881071 0.632190722619585 0.886122645789379 0.886174125616183 0.110833593652423
"cg04855678" 0.90961326015027 0.908209835516543 0.54664018815618 0.891784630572533 0.792259631828583 0.0855849856996911
"cg25693317" 0.883664927861304 0.882910411007311 0.797042420256226 0.885990533629374 0.863051062454353 0.135385433777711
"cg11596902" 0.874554243187694 0.887137802272074 0.683043895365448 0.893156313129725 0.855970801971696 0.113890868036259
"cg09342997" 0.864599521778843 0.876503805444323 0.752686627997561 0.868615412544622 0.871771311473847 0.121864836230004
"cg19055828" 0.873501541085973 0.881233569370695 0.593305264781027 0.869405207586192 0.87848857361404 0.0994905526318312
"cg09418321" 0.859657144649489 0.863545263160621 0.761960550456484 0.868035568063163 0.803531423206627 0.108840612272029
"cg12157761" 0.884439475816847 0.886292990698404 0.556412033944606 0.88270305462708 0.864785368646694 0.0969846329323638
"cg25153741" 0.940052585911582 0.945640531639538 0.268987353552676 0.934188533572658 0.921298432228285 0.0910137964550505
"cg18023065" 0.903998801147477 0.925856249135984 0.431699168328544 0.92905106866594 0.90618980192312 0.10651431490516
"cg09535475" 0.875578085470705 0.879857649986096 0.665076477708953 0.87641991153942 0.860224810001461 0.114248776059795
"cg25074794" 0.925217520829728 0.926992608190149 0.837288811961849 0.924442806448038 0.903855038910426 0.184604440067957
"cg26404422" 0.101018642386494 0.10723197674535 0.744387536558437 0.248787221964539 0.184693726638716 0.797726835070357
"cg25140783" 0.118258079298436 0.107983765715049 0.797123335250499 0.47607284712833 0.134420918668273 0.847787179302111
"cg17322655" 0.10970236511692 0.130322364003307 0.753921652190299 0.399512528756543 0.525096871832283 0.910183139961322
"cg00754552" 0.399044151250838 0.399191946097817 0.139840928629476 0.117696787571143 0.273752936881351 0.808478871792768
"cg17479280" 0.596360815104701 0.520478606197259 0.540841438520083 0.0720597527554031 0.125541917703468 0.90797574382465
"cg07018090" 0.573523084824705 0.526695931481575 0.213681928862427 0.0522088941862224 0.35692535234493 0.889788474717209
"cg12810837" 0.0844382294281249 0.0804146976894432 0.653845162062411 0.0778657844344732 0.12901850440911 0.735428561712158
"cg25133951" 0.268832381973151 0.131238934773499 0.488733203022933 0.0815130978699676 0.104018623524207 0.750291392761983
"cg11354682" 0.511229698459462 0.568368571260052 0.141730256845315 0.0882696047424393 0.124769511999222 0.834477589340728
"cg03889044" 0.102704656237202 0.117767285698888 0.482142285981215 0.341872045814857 0.434429147401154 0.835079263540384
"cg01735277" 0.0704413844604181 0.0704493375041973 0.683696944614139 0.300403586420351 0.118837180260255 0.786383856252188
"cg23280720" 0.0600864522280522 0.0702539240029146 0.586930793994282 0.271027286635041 0.365072969046439 0.811791046674836
"cg07613391" 0.0943436855199134 0.0909592536537844 0.6686537383642 0.273679065785138 0.147389244517422 0.796699059442346
"cg26106166" 0.167862332050154 0.137334035108436 0.695893600185078 0.222810853406977 0.124376486583541 0.817289675218246
"cg24310395" 0.0791656573485595 0.077167233008245 0.67519662513491 0.365978468611862 0.089517891332927 0.808244433857403
"cg18920397" 0.086177319960767 0.0783617939850586 0.654725486191261 0.239868797581622 0.120854713915773 0.792152357377537
"cg14480046" 0.119022409920516 0.11228089250602 0.831931791923195 0.202962527137938 0.49206169474034 0.909452888939273
"cg02212836" 0.109762523041156 0.123142648363681 0.185504760700964 0.0978329750415592 0.255542925600545 0.724386759028042
"cg27051683" 0.0963972654241034 0.117918719534871 0.462380380465081 0.373582947844841 0.453835594297671 0.871144890549085
"cg00795812" 0.0997279214635786 0.112695103027964 0.243977846597268 0.241663974043726 0.405711931118873 0.797416754060018
"cg15535471" 0.122279049209724 0.184210180794829 0.467685757927346 0.403538922404707 0.0973584710003511 0.840078105749741
"cg03526142" 0.0708670329103865 0.066012874025467 0.697127040615051 0.391813813448925 0.081379897438634 0.848147498868565
"cg10699171" 0.10120759794894 0.0965390799114281 0.56393297118232 0.187817420001077 0.116131926879712 0.832508823563992
"cg09993145" 0.0636962476098621 0.0602543751070991 0.0948520604812663 0.159920128553302 0.0729618658424019 0.722679359629605
"cg23954655" 0.079881123920712 0.0868172544552595 0.153921141709861 0.0818145010533732 0.158930984666096 0.760239027608397
