"GR" "MO" "B" "CD4" "CD8" "NK"
"cg05398700" 0.093591081303699 0.860199855631056 0.942920960322366 0.953239761087228 0.958735470006395 0.926712792774558
"cg22381196" 0.0650261876308414 0.687541422530893 0.937484801665329 0.932789957224215 0.94482712281923 0.90168614297912
"cg25739938" 0.0901153337542186 0.858288135550543 0.906237250678572 0.908685569111195 0.913377812871745 0.875240406667732
"cg00705730" 0.0833552207841411 0.830348626735259 0.899867025858199 0.892207852977647 0.888675366894986 0.871384962959643
"cg06270401" 0.0803876601814658 0.816586041459197 0.911291050850296 0.909132287222929 0.891408072475661 0.837369289799496
"cg00660167" 0.133848513578745 0.795251159695299 0.957552976007242 0.956608411194217 0.96023945751069 0.935214781980716
"cg16802439" 0.122771889105122 0.743154120939105 0.97392360757643 0.968197766746764 0.979449187023411 0.899879102963328
"cg19037107" 0.105611978746257 0.841039157798518 0.906703815986752 0.910870192613371 0.897294777458744 0.865625099524612
"cg05936004" 0.0926667657292072 0.780786169048854 0.911072665358192 0.91668921810066 0.912931038823566 0.854031604079301
"cg12483340" 0.0804852492611298 0.74559690717855 0.901523048075414 0.900862222040532 0.900028943426481 0.86432559411352
"cg08253808" 0.0753305553521003 0.697504168875843 0.890439615518181 0.90332906824944 0.913989305379049 0.869123775974407
"cg01692842" 0.0787545684490406 0.808069461910231 0.870845105508186 0.878811066033267 0.86573984183248 0.812402542713821
"cg08154963" 0.0905276521366948 0.773571402489768 0.881319743079171 0.889481646286431 0.881623116219404 0.829389823446336
"cg00439981" 0.0699651402645025 0.572026033750531 0.925983383964986 0.915630087251427 0.932407131232649 0.886462972344493
"cg23819411" 0.115480472261477 0.713870184735592 0.94005816374034 0.935731627076019 0.939243830389371 0.885414611594228
"cg03637218" 0.119597712361828 0.85586719082798 0.896044664876065 0.880704706092625 0.880308360493752 0.85970224803385
"cg11014468" 0.143601502831647 0.872670937110178 0.914332017538326 0.910266319003047 0.913679309818832 0.883839588808164
"cg13468144" 0.137476887254167 0.881360761690917 0.914492316207481 0.886441587355799 0.91037987998128 0.864943201868547
"cg03340036" 0.0946643494196829 0.735785207814073 0.880743966926138 0.885983175981281 0.898312552990683 0.876396813429163
"cg21685770" 0.0795812687474358 0.66731400826932 0.882281927031134 0.903384513007188 0.906399062299194 0.858406722819196
"cg17852482" 0.108825576277857 0.810574838225977 0.885600998612551 0.893896301854736 0.883893638062146 0.829209385311064
"cg07409471" 0.127707405657093 0.796010855484945 0.913274430587179 0.909288841050865 0.918024352115232 0.874168615901547
"cg10611016" 0.0967850704791432 0.654997409785192 0.917750913110914 0.917158806814259 0.922810770490679 0.889579621804116
"cg15878616" 0.108757389755739 0.547863778620942 0.975184048752057 0.969214188633849 0.983601282008217 0.933189864486909
"cg21792134" 0.161735549488995 0.861185435678323 0.929009658831799 0.928117010631674 0.934806517414399 0.900298962005663
"cg04609694" 0.122877036072316 0.806227644519462 0.897842857708687 0.896643533489236 0.903306252119922 0.861647557445253
"cg11313468" 0.0872291220452066 0.75058810555619 0.873994912219353 0.87639276115886 0.865865466412192 0.817076301332964
"cg06526020" 0.126379695435284 0.822035545413 0.899718850700336 0.879504986383322 0.898980416833303 0.865429679810104
"cg04858164" 0.13688927050644 0.829960829769105 0.900055382854832 0.883866502147471 0.904765003164792 0.87853635909449
"cg15658793" 0.108893480932513 0.691960132493486 0.919884928787825 0.935686323570447 0.911649134252445 0.836505611372675
"cg25600606" 0.162128667514495 0.848116707930894 0.922222423087379 0.917795170213343 0.9229163034034 0.887216501455955
"cg13595556" 0.0843715543648032 0.629884123445253 0.921623881506146 0.907439425489975 0.905582707722502 0.801840174662907
"cg25605731" 0.080732750432167 0.459550123563931 0.915748336773934 0.954129995604405 0.954322169246584 0.917210864232498
"cg01699630" 0.144333689505995 0.855961556263493 0.882484022793619 0.888420238593889 0.884611510261593 0.853598994662116
"cg11070172" 0.207492360995045 0.896577030557972 0.964620068520317 0.964715967172502 0.943517141671774 0.91169844809587
"cg09342997" 0.11179373932549 0.757174500601357 0.868128529477391 0.865834855492801 0.881754157840804 0.851747670717125
"cg13396713" 0.0775425694550471 0.549081193753103 0.909155892010576 0.890011001343818 0.916684006716287 0.863556189862364
"cg01040749" 0.122078545253981 0.733153756841361 0.895537245324868 0.894095877852443 0.895743518625844 0.87055732003818
"cg07790752" 0.0757141774982302 0.727294917123569 0.852570748656241 0.870238403200545 0.821662159732384 0.757805694866279
"cg05627557" 0.077687563521009 0.666179328015101 0.85557322540212 0.864645227432006 0.857397219007313 0.819675293765855
"cg13652008" 0.150663683955281 0.809992014964812 0.90264189227512 0.905551029951739 0.906656680789642 0.860262860431701
"cg23169883" 0.0817682650680492 0.358385331637504 0.970176450297557 0.959642081749028 0.97278992698278 0.933908792685475
"cg25968394" 0.122899900421575 0.700433801651211 0.887663483403356 0.895087916954178 0.900760159048794 0.877300578653608
"cg17442155" 0.0998241735131386 0.68976238643857 0.873095439495918 0.873943186868968 0.872391546549235 0.825455114438609
"cg19460836" 0.0855024347419985 0.605551463405096 0.880043570487702 0.875868271280742 0.880250392890868 0.845143635941703
"cg10487428" 0.121559707643073 0.733622819583388 0.893980536254411 0.885362088710854 0.884668381034132 0.824324855845561
"cg09535475" 0.0879702810168106 0.653739891335902 0.868966619847384 0.851364812896759 0.869189444599722 0.829641421180663
"cg13785123" 0.202171267432275 0.802732363952915 0.962103165094439 0.956252396222978 0.965871996534381 0.936845897516809
"cg11596902" 0.0761838090701059 0.644505068942726 0.912417297239617 0.82461325923157 0.824292693653294 0.779297425406554
"cg01761758" 0.13637999541289 0.783180742227573 0.883690116564115 0.872979323784572 0.874434418056055 0.839054272481262
"cg24310395" 0.79173588379132 0.651419479718637 0.48471176633739 0.112239701097363 0.0647915409814714 0.127573162334084
"cg15535471" 0.814815612411287 0.47436615984697 0.435106763999465 0.285657737247578 0.297888704843616 0.153605265355916
"cg02668248" 0.775521208607366 0.756400814713507 0.10155679015106 0.127865902050984 0.0839607669357921 0.253336532073259
"cg26404422" 0.788011949911036 0.737421786809078 0.220479463524093 0.13341419243271 0.101708258978765 0.196504599856557
"cg17322655" 0.883913385810127 0.778956061108571 0.39442444372253 0.122985427415593 0.100708687702438 0.497044954552463
"cg11586857" 0.859446485757969 0.832729985320705 0.231019414105889 0.188853432825252 0.154832367660787 0.326748301977908
"cg12991306" 0.754660425265566 0.119567109638662 0.0842561621714638 0.509723086070397 0.442175865335308 0.307190179648147
"cg27058497" 0.579029592644642 0.185257065075234 0.094883345249541 0.0668123894788086 0.0439563461666684 0.0766467161028936
"cg07427475" 0.741518175823511 0.147501764790585 0.116459513206797 0.389589780844761 0.332801372639672 0.387221508435037
"cg17843665" 0.709325947507595 0.0899045179683457 0.0678412853314906 0.236769387711137 0.509349364457876 0.318560598939545
"cg16108580" 0.773329776650239 0.763234328680423 0.107062093126194 0.134957450676683 0.0892854875552386 0.157521113470913
"cg01735277" 0.764674524388673 0.683721313820931 0.26796994524748 0.0829818738503741 0.0436788570734562 0.147411792959802
"cg08622666" 0.835978920247593 0.823760619047459 0.127223722933644 0.282126512120078 0.128779885530236 0.180835896061492
"cg21959598" 0.857914343655313 0.830187955398309 0.203680514341911 0.219019637144216 0.267888139311179 0.136375620005839
"cg26360197" 0.78457043143391 0.714045268198107 0.316436596961619 0.0882959927338414 0.0460270705158718 0.132006647154286
"cg10145533" 0.734832382290636 0.675954327977774 0.0681189912535464 0.0898314257767968 0.050702470991355 0.155172468844991
"cg25140783" 0.821112023575833 0.785251457589318 0.355430783204663 0.0936782907910231 0.0620777211831158 0.139527291373282
"cg25133951" 0.751676533961199 0.454234718450853 0.0621449486501368 0.325961806963583 0.188955045530268 0.175338193575295
"cg09221159" 0.702776324841908 0.45569318106511 0.177887519343254 0.083929790221348 0.0660837854839354 0.138887164771337
"cg03728799" 0.829027577385548 0.792136650866216 0.135370261824267 0.118052427442925 0.104062986672359 0.307197600201776
"cg21830221" 0.794754860852739 0.776417905106428 0.0789781249635303 0.132825239090002 0.105732997977408 0.171458131694409
"cg03889044" 0.804241168882633 0.483427612634131 0.345553397141641 0.114813244340555 0.1010910973769 0.39212380659711
"cg07706695" 0.782918727514459 0.770592757302826 0.186384250360228 0.0744594607322728 0.0339813725703619 0.123030988310259
"cg02368508" 0.81696453519694 0.308776229428394 0.0478152356925198 0.478789632585546 0.474984961353743 0.267136027397136
"cg12810837" 0.743048901987956 0.668941362185451 0.0586730435166016 0.0739973011350859 0.0459776339109042 0.131914226240418
"cg19190593" 0.855860110718891 0.138366925463511 0.0548484786070551 0.441460648060566 0.598000459375725 0.604094218485273
"cg17479280" 0.917876251041233 0.547377788182682 0.0708877730603216 0.67947080109262 0.467854621958976 0.162877866816384
"cg18148314" 0.847063170616203 0.837782236865015 0.248033438446376 0.11417720247809 0.0590757160472677 0.145828529005533
"cg15474337" 0.672865106382681 0.0868615956978081 0.0706479291574135 0.25304098714602 0.237125417481008 0.143617606094511
"cg16219283" 0.871283050845067 0.854156139903047 0.11133883957519 0.163479412461826 0.119148291110727 0.259790335061994
"cg18920397" 0.796562623847113 0.653140471903546 0.195372492722678 0.106770647711899 0.0603282171779413 0.163093114502104
"cg00754552" 0.819191252578816 0.141180335936778 0.114277466890241 0.499234523910984 0.444031558193187 0.33588127047171
"cg03526142" 0.852950556159005 0.779685824007304 0.388761003513045 0.0891950965601495 0.0424696831344251 0.11062488736129
"cg26341831" 0.634100225947295 0.165875921868937 0.0565608162730842 0.120135553727614 0.0491254899324406 0.0921378145981308
"cg21201401" 0.817828461512882 0.78227426987268 0.185629602964558 0.0711240153284757 0.0546370229933202 0.0955334731816241
"cg23280720" 0.824898490295754 0.607410370861746 0.255217203776804 0.0753483161202271 0.0560259362372434 0.308656597501692
"cg17161520" 0.818308222430837 0.759099612163036 0.0657836155779229 0.11073697009956 0.0617689462858159 0.200151617470583
"cg27051683" 0.868100294859413 0.502853236007582 0.399701075666645 0.109921881149557 0.0995477430960712 0.449023193781887
"cg02212836" 0.758735952408256 0.194072320601346 0.102120086448938 0.184405610995611 0.253339823005685 0.373841886803233
"cg00795812" 0.773855230526022 0.269875772519527 0.281659384142044 0.0864395532625432 0.1057280107368 0.395158513919259
"cg20805133" 0.892032215587455 0.861712167846826 0.213652002616225 0.0701561126290527 0.035800476846573 0.291338026736512
"cg17169196" 0.892156552539476 0.871654510905707 0.0903957836544211 0.152878113597447 0.101419959286805 0.255273489566755
"cg11316887" 0.871974637187593 0.820130412334805 0.117420427974053 0.188507171200724 0.0950716632066641 0.148744378764054
"cg07018090" 0.892234013452421 0.183092024052911 0.0327130719624785 0.5662930329468 0.562093501206702 0.421340848189963
"cg10699171" 0.815405177971569 0.541975271096578 0.156995535859938 0.099606741104343 0.0812349855209292 0.136233985574458
"cg20513976" 0.871681340664928 0.825167312400448 0.197885503874939 0.0443287451880173 0.0178742624907204 0.0847996794829935
"cg00446123" 0.896456425957338 0.848216225804946 0.202982201853362 0.0792437131057567 0.0509795949062281 0.10768010021518
"cg11354682" 0.841833059938311 0.115280847901297 0.0573663118788636 0.418961825107382 0.431995318276299 0.12364127326707
"cg23954655" 0.756151718900398 0.148269345942965 0.0699573376281431 0.0675745292768954 0.0741308933553083 0.16387559355519
"cg09993145" 0.769527396914245 0.0868605639916329 0.132794543900113 0.0552313279040857 0.0362673625092072 0.0723028496605986
"cg26872907" 0.936157779261163 0.094179134545252 0.946612263880347 0.886866102171871 0.944235863618098 0.894643713436543
"cg23244761" 0.965168157317583 0.144121723699378 0.968969521154168 0.931264410184856 0.971872424994085 0.93350260885688
"cg05923857" 0.837849239251656 0.0967575676613187 0.915516837172094 0.819261148717455 0.929961001917527 0.877437238723823
"cg10480329" 0.863106628101807 0.139187594743365 0.909881950326761 0.903955692839769 0.924178398112963 0.897582045569482
"cg24788483" 0.908764161123063 0.1666937828344 0.930829364973861 0.882505117763807 0.963481731078054 0.913037549203618
"cg12655112" 0.729432578220425 0.119121080556347 0.8893870783916 0.894470416528993 0.946228490468449 0.900500551482696
"cg11597902" 0.185350354000505 0.0444644226076273 0.962742863819427 0.929885887337143 0.977493461130249 0.909257190523485
"cg13430807" 0.850134804114163 0.121780260708443 0.848348867722429 0.859307757295126 0.897650530432729 0.839549315835398
"cg20610950" 0.565440302281438 0.101666591323584 0.911483694352526 0.888455586072687 0.925834458427303 0.894334053053897
"cg18066690" 0.907710564773365 0.170011028713422 0.91106224221026 0.887332592737427 0.909905926759058 0.893745198288734
"cg10278149" 0.696765614935868 0.109173415525779 0.846388252388233 0.872489062797228 0.892855240525774 0.848754649386509
"cg04468741" 0.838241235873648 0.154281712774594 0.907379562878523 0.851612345404796 0.894814302567177 0.865619134693457
"cg16636767" 0.868840727284757 0.16479833813368 0.8799580123673 0.874862321038542 0.90638163571257 0.866235488550733
"cg08908131" 0.851963407950311 0.119007080378429 0.855130036590178 0.837412329653114 0.829853706457912 0.780821955339431
"cg16429499" 0.87588317806775 0.0914008571499658 0.520227347051584 0.867146632374387 0.900414512071179 0.843341533656569
"cg07002540" 0.728556542811129 0.12110132860559 0.888274002360717 0.831393518614933 0.881885137787434 0.810007008416422
"cg12207930" 0.604189826048847 0.101780925479929 0.851420505047086 0.856656993766167 0.880278789039615 0.845497278335681
"cg10499974" 0.437595849235802 0.0870891808133778 0.863072264716917 0.883405766012654 0.92675704773829 0.860519126553092
"cg14109551" 0.73127159997889 0.155126178759547 0.910196779480227 0.877531865156062 0.909242123438513 0.869044150763771
"cg09322573" 0.65171377158172 0.112265092167111 0.840056257728661 0.867722074154604 0.887054978924855 0.837383432376388
"cg11186858" 0.439776814902098 0.145889980848305 0.958689583985639 0.950235049929902 0.98111840018033 0.926901166592113
"cg09220326" 0.562073195847738 0.118231447900867 0.903262976912473 0.87745318415061 0.904816375617929 0.861528140700605
"cg12422199" 0.855440317328817 0.102565239794315 0.682210000289658 0.835279316544088 0.862273852668397 0.782170483099768
"cg22675702" 0.817195065527576 0.13552681691931 0.838781764233363 0.831634243822942 0.856556553662775 0.826524239383893
"cg27366072" 0.726916294183553 0.138955130980873 0.821850314887491 0.882856677445873 0.895215022777141 0.853322078129508
"cg02244028" 0.831779824728719 0.172266380897026 0.886130480764819 0.868170486775465 0.889345325140247 0.851072543455003
"cg24365417" 0.755859464871404 0.132087584934016 0.86322010403033 0.842419815638827 0.863998644416018 0.797512545387189
"cg00208012" 0.828081232767378 0.167703776742163 0.858795615769773 0.867673401637435 0.893216035981123 0.846450463912605
"cg01476222" 0.867877729914775 0.13325325879716 0.776222974803783 0.876069957561459 0.844783401627305 0.749492084835915
"cg13093111" 0.398949838079169 0.0785059968257478 0.835473434222323 0.897712265716668 0.916272110031819 0.806973896236286
"cg00733978" 0.758112090868478 0.115220578756999 0.842566123743498 0.833973527473707 0.820209876975744 0.767318444208386
"cg23146741" 0.785810263391476 0.103513616808028 0.773748053922668 0.81851695120816 0.829485318158806 0.757770840708269
"cg27059140" 0.442212669182315 0.0957881005105661 0.891560412222001 0.87625406366327 0.891845885580376 0.836295753633662
"cg19835973" 0.915767739268884 0.21185904478822 0.929075549739177 0.867523254207838 0.908053524557368 0.867701146957202
"cg00288598" 0.764351905471837 0.164191354700049 0.946683918739763 0.768035624734721 0.876148784803713 0.89123815531996
"cg02861504" 0.430209403795577 0.10082311235948 0.867883036421129 0.881384736277709 0.906958557256244 0.851254868813495
"cg25898577" 0.754644734614232 0.16660514102391 0.903309679425956 0.878312085818346 0.889148586158337 0.827144098834133
"cg10624395" 0.91422269611487 0.214445933488139 0.903406630941202 0.885144393180446 0.907026159233706 0.877151670609685
"cg18835472" 0.674411618818368 0.120309955561591 0.813620170111102 0.835027513170733 0.874507320416642 0.82163781108143
"cg02780988" 0.837202026025495 0.136970334389784 0.786002063236054 0.833274151134176 0.831563036700791 0.796725243449789
"cg08694574" 0.690230766270328 0.170406577518871 0.900196602372159 0.877889302992296 0.90871213526359 0.868250342602883
"cg06297318" 0.796150921063764 0.149591804253643 0.841011056833945 0.825971736668878 0.8473973147063 0.825754306589836
"cg03313271" 0.41290851166668 0.113142171830001 0.885473647432812 0.889762479668559 0.917316750870129 0.858378524550315
"cg03533256" 0.690602911546484 0.0944369854468735 0.831943988322565 0.792132247253689 0.786859110699868 0.746674594732345
"cg11327657" 0.0699979461037634 0.0695277618017851 0.950121492004003 0.919141194585254 0.957084811327794 0.848464632867614
"cg20641531" 0.736256533344697 0.190110245342873 0.899264260761414 0.892633949549746 0.910040619756744 0.885304165031088
"cg19358608" 0.472645227148805 0.11092411332881 0.881840158118947 0.86570148385079 0.881801662152118 0.831027498882013
"cg04478930" 0.765755444535153 0.184452029912121 0.846546268538995 0.895237463846578 0.912196433065247 0.8665909407389
"cg05669832" 0.871529704469587 0.170954988615125 0.677573172189851 0.884551784349007 0.914998220048324 0.872452701226803
"cg22259797" 0.395227000436087 0.0902717181395769 0.927501274328421 0.757066306047405 0.878424406751554 0.865042800105188
"cg25919221" 0.78965563798372 0.80986927214453 0.186655243484175 0.106301688749656 0.0860711335581166 0.404408787433063
"cg23679819" 0.692936929556476 0.794331347323333 0.387040630612327 0.0968842155240472 0.0747236861611088 0.231192552898004
"cg21577598" 0.825378305117826 0.813840574066824 0.389112450378414 0.0714675012803739 0.0503975216415256 0.232427372368206
"cg09736959" 0.781254236108676 0.776621278412938 0.104970748579037 0.152598485613937 0.0901090744377917 0.263739478362583
"cg20171453" 0.756820925329964 0.826193711106213 0.148772671975239 0.163296150950143 0.113207609024421 0.463741798581199
"cg01170124" 0.8851059044316 0.867590213285331 0.437327648613952 0.0929020842803481 0.0550799979742803 0.356946211473127
"cg03916225" 0.784034065340285 0.79138077055103 0.295527903212087 0.120064320898681 0.0815810893070691 0.156002245452875
"cg27027055" 0.84995722259479 0.860029198472966 0.481112489900563 0.143797776156852 0.0539501196849712 0.236687855014568
"cg24216966" 0.870825355650776 0.8530707890722 0.2028651997584 0.192420703058937 0.141477928621785 0.32357468410777
"cg27183818" 0.882720704677307 0.872850796191423 0.060419223866883 0.4621066663992 0.274120361160263 0.141483956108798
"cg20055861" 0.851618903848373 0.844205299976936 0.0634801878479504 0.198245485488437 0.203661911976934 0.375375830268959
"cg13815684" 0.916389033859596 0.918369573200223 0.262950363524406 0.161337684191897 0.114911170351919 0.582227643141531
"cg19510565" 0.779426306470714 0.780239072075735 0.243965218998975 0.102566658748762 0.0451263577121389 0.146657153199964
"cg17078393" 0.856224550547509 0.849145799637848 0.134528469116052 0.190054115712295 0.115310309284547 0.37741211677215
"cg27377289" 0.894733338362302 0.878176433452477 0.0632565604629158 0.111900660063709 0.112769832942975 0.645818388445499
"cg24957609" 0.511592668451896 0.77103628442508 0.325407070580697 0.175535905790162 0.0908530805562418 0.14336106160095
"cg02879423" 0.117975676392653 0.76871109057261 0.71783157662199 0.153142052797672 0.115344943144063 0.121636071699463
"cg14364797" 0.216962232360153 0.739324294216065 0.569123307852056 0.141291513308008 0.0566569987401115 0.0770680980394586
"cg21999229" 0.788352503175803 0.773542696426726 0.061866083931188 0.12649476265587 0.0659619867994701 0.192396995862367
"cg13554018" 0.778812314719559 0.79184995551427 0.0794961016098738 0.200576036219858 0.115100250390199 0.14454675525187
"cg03961551" 0.800749126284139 0.815288662099752 0.257868459296473 0.123305813998492 0.0741945477275241 0.170415421560315
"cg16280132" 0.915068721450846 0.91529934281529 0.273055249681898 0.129531859471899 0.110622992428272 0.483965591305651
"cg14165142" 0.82407604483486 0.827273692159617 0.249145241947475 0.101146007025932 0.0596095186018654 0.223631894367886
"cg23213217" 0.155312421967544 0.805686379767318 0.507462556759098 0.149475296900861 0.107572113873472 0.436693378154796
"cg17587997" 0.870388247181717 0.872552144029407 0.112417456339867 0.306299502967561 0.201122636835897 0.136793949251365
"cg12609063" 0.651657261438981 0.815756304239939 0.394837617029226 0.100363016969553 0.0659718933242139 0.121844135728301
"cg21359303" 0.906084476424642 0.898470582003458 0.367141592614634 0.116990183723263 0.0991877777709146 0.229122047783491
"cg10639435" 0.441649028015437 0.813843937011126 0.492422455696956 0.129718024576901 0.102422268978674 0.120181415808632
"cg06208288" 0.897455575476206 0.907357654003884 0.391463859428467 0.166519398325293 0.118220928098107 0.168825288733924
"cg19097880" 0.702786157622146 0.7715262357336 0.0650098591833063 0.0894883835131396 0.0497851553553365 0.135226509453211
"cg04722215" 0.800832555837289 0.85616867920137 0.30767257786864 0.114034393946903 0.0738483631258416 0.151668234100516
"cg02737268" 0.901513884916596 0.893181375192791 0.0690836633428924 0.0932178962617967 0.0894491942583394 0.489624971257459
"cg26348243" 0.909709233310131 0.921981911742348 0.203160387593494 0.106723663523983 0.0825276608261184 0.472038633335778
"cg14441276" 0.825991815496408 0.82704365134214 0.064862497266098 0.112441537743161 0.0737218752896467 0.180957526308268
"cg08169020" 0.89919816284833 0.89660024747478 0.404184188569067 0.0826388901063863 0.0468214398484307 0.156658111228157
"cg14597739" 0.851711607947303 0.849358818913321 0.0718914457009411 0.140080281958543 0.0801021876539455 0.222858910953556
"cg03795574" 0.0940644911787529 0.745728858764361 0.0799948387574095 0.10887616543478 0.114387932974554 0.357693365163739
"cg25131632" 0.945796185337164 0.938954148620058 0.0696914643563957 0.933637464490183 0.914140773369176 0.905385669639087
"cg13738327" 0.967578722056616 0.962778923405773 0.103048638745744 0.966132961083132 0.934987601470006 0.9119451198364
"cg02212339" 0.958586152364544 0.953274104810989 0.102573150419901 0.937050115497362 0.931173068645677 0.941666728361813
"cg19276014" 0.973403110765118 0.964297548010696 0.127327770013391 0.969848727810484 0.973217272203568 0.964946708721731
"cg15348679" 0.919582641312445 0.88526340236347 0.085207951761973 0.933246359604618 0.968865121953665 0.941283648572325
"cg01024458" 0.93086505888681 0.911890169340179 0.0638193086171282 0.882980039113429 0.887755442507018 0.872461643680336
"cg27106643" 0.942310788548569 0.924234492719856 0.0915047027702002 0.920599638238339 0.932593468258464 0.90490426010794
"cg17768768" 0.963386766896484 0.953328682562418 0.129240150063311 0.963586308020889 0.962175261701428 0.954490714207446
"cg16210395" 0.912449166961517 0.909639437981145 0.0652662846975306 0.905811609472119 0.875041525050482 0.862354431961821
"cg05205074" 0.908340933905751 0.886517635122469 0.0743047275917591 0.898592679651668 0.897425613610265 0.879697650991219
"cg14482811" 0.941187184122672 0.931673113515773 0.102118613363262 0.956334367941241 0.931391363192625 0.818134571818223
"cg11661493" 0.876199635993483 0.87289603234061 0.0645768814090973 0.886669588115926 0.88178511321653 0.872714896042842
"cg07721872" 0.927611617164273 0.915346064252364 0.0849467122224035 0.849094305322607 0.885119775871153 0.900190430939367
"cg11699517" 0.937787488432862 0.951137956086979 0.15009621977606 0.976225319114825 0.974745465012791 0.965478628424834
"cg20602300" 0.905947214045009 0.90210355519869 0.0970337772921108 0.911962042283695 0.904423763080919 0.900905833488463
"cg26552743" 0.867611515223503 0.870156479588046 0.0704036634143048 0.894283004921876 0.893634917578912 0.86020360404397
"cg21596498" 0.892420153036201 0.890576885644432 0.0795490862127937 0.867453917761043 0.896982006984485 0.878976968955999
"cg00760938" 0.879129290936808 0.872991935954889 0.0678719102512161 0.892173778929855 0.883471827985213 0.831530869778266
"cg14936008" 0.902298959890417 0.897779574358963 0.100954570332065 0.909389491909209 0.914440019318912 0.901731449549553
"cg14066207" 0.940356302050329 0.934788902780412 0.091684704732461 0.832404056192901 0.839527235959645 0.899051360311612
"cg21248060" 0.951948003833943 0.935964170829995 0.117419618527671 0.943497111530217 0.920876925235638 0.810169572557565
"cg13356455" 0.884263391684755 0.886245597409602 0.0798156187652459 0.898079740509048 0.874737353040407 0.825255214685041
"cg17995557" 0.886560067615523 0.872025276021445 0.0696585818322992 0.883979512451096 0.872010836304498 0.804301544223331
"cg16148346" 0.888460981635803 0.868389999253524 0.0879353006890417 0.890664104704734 0.883490661840496 0.88747816843697
"cg25683989" 0.873725393857205 0.875828725525763 0.0838742646364923 0.885689950348841 0.89161596764362 0.864821064806712
"cg04828493" 0.961269426119958 0.8691392356912 0.109090699968645 0.949781499953754 0.951130943578627 0.779951272497905
"cg26438284" 0.889205708249428 0.898630135212736 0.0894563258901729 0.90879548070423 0.867066171417221 0.821130975526548
"cg15532942" 0.886384195939184 0.891468819694592 0.0907216463007745 0.889562711449833 0.875590382539593 0.85101617988981
"cg15035590" 0.901150132534026 0.889140912579208 0.113196496542239 0.90935217009108 0.905503779002473 0.895388479191058
"cg00464927" 0.964327827003982 0.940448231144857 0.163429515343063 0.954180213370772 0.953895365582148 0.922385272614057
"cg22212560" 0.880342723733901 0.695568179486372 0.0626587463286735 0.911312199415834 0.912273157105095 0.895054554930205
"cg18250453" 0.900862454665886 0.895434062592552 0.100498673299011 0.889503444283227 0.882021440675904 0.836180979794364
"cg01869288" 0.87991345793997 0.863826897085271 0.0642372661594151 0.863733238893468 0.811527824032615 0.794058627491031
"cg03980424" 0.919816071408858 0.889036322320866 0.118741960462214 0.886265961595106 0.918826317841272 0.882675884054709
"cg03860768" 0.866462998630797 0.879573907889613 0.0725430503824228 0.858461771561 0.818252031974185 0.813710507047818
"cg26692003" 0.975770834990621 0.961244364555503 0.189624162153557 0.972125102713793 0.973290965360233 0.955261811886738
"cg26795340" 0.847714179777067 0.83528167970333 0.0716597705019846 0.866354946444146 0.859068426178514 0.838161069355811
"cg23683962" 0.904405151730704 0.895792347885947 0.12255312760209 0.898863913743791 0.905948558710692 0.883548219905226
"cg17679619" 0.862451998677905 0.8700573742587 0.085466295678573 0.858165931070038 0.866963349638032 0.838077464420162
"cg09469986" 0.878741784576568 0.871610209154699 0.0899712525010094 0.877715315054212 0.867961776290958 0.821407961321605
"cg27565966" 0.87267449971665 0.864360314020535 0.0789804475324985 0.88801822712829 0.863367365383194 0.767035766507407
"cg20666585" 0.895966071498993 0.880111225758724 0.092700790354313 0.887135503831969 0.853039677583492 0.800779119413517
"cg22907103" 0.843067402798929 0.81274127194295 0.0734045551230608 0.870177253463312 0.868856272537001 0.848053026259021
"cg04838847" 0.973167111398482 0.964368088430966 0.197515160503983 0.972136191904787 0.973255207701131 0.96573297865678
"cg27304328" 0.807231008281319 0.827696118512225 0.079748347528434 0.890785713886274 0.881120098532916 0.860934084041536
"cg01868869" 0.896599822104188 0.889423683144781 0.124165893245972 0.898231625246734 0.897706227226138 0.888169337598376
"cg26318872" 0.90477419334095 0.902759979080696 0.132940353065307 0.90673535105639 0.903113909446264 0.89440747605903
"cg08842021" 0.868977585655568 0.889617416964779 0.107689986500883 0.911395611801852 0.887725828170391 0.818823308373562
"cg18590995" 0.806357549029446 0.805404125962392 0.0652005130787591 0.8695981497414 0.866223872191419 0.83656133321201
"cg03402235" 0.839794684436862 0.873213266182015 0.109772549181442 0.899502642906852 0.903081803575451 0.881803833445952
"cg12033075" 0.567794651812612 0.629206293191127 0.867556469341668 0.0430705804936934 0.0466676355502272 0.271650077065213
"cg24834394" 0.0879088863770599 0.382700639503252 0.865390642464034 0.321154538626992 0.414083955858778 0.458127014833708
"cg27049094" 0.320787242520344 0.469855534093215 0.84304471406637 0.113074608236218 0.192111585925599 0.392323191032257
"cg15595502" 0.237843021792911 0.305984894373965 0.860817547442903 0.321374921042134 0.228369830061635 0.548571212187283
"cg27492103" 0.0755276580229776 0.396355673615787 0.755962264093051 0.111572262297083 0.0838386625864063 0.357908428738576
"cg02734358" 0.52945165335344 0.0602383393159918 0.804517650030557 0.344197994049201 0.37549541851638 0.0911246402318303
"cg03889263" 0.0806563254440951 0.0963248259300777 0.75642495524194 0.106111241125619 0.257982985397181 0.607809980306075
"cg21278103" 0.11220488876532 0.138123659529078 0.869126629877907 0.448828643653612 0.520146963679997 0.499059968109671
"cg22677556" 0.632410862613406 0.240201268732324 0.827526265059632 0.0718618645698155 0.073149903719444 0.392957693041187
"cg21638533" 0.0872561043901514 0.0800107354191042 0.881713519008394 0.356751132334813 0.47415534088589 0.812501577881137
"cg22286382" 0.0704544882544196 0.237509151782653 0.678329138206213 0.100008042362413 0.0774032900500473 0.115667517166031
"cg07249939" 0.209020168685522 0.235419956799425 0.785259871210833 0.374958013633339 0.24228433489816 0.111185949083963
"cg15354065" 0.393262816920041 0.0911696672179912 0.823472509258645 0.0843985791348197 0.23690190729835 0.649693600019579
"cg20541456" 0.0301880330806544 0.0727428326629942 0.658339780925944 0.0574722969388714 0.069211119450081 0.33058102309782
"cg02779913" 0.0415490586299291 0.0432335408756221 0.736994651707599 0.39014018916035 0.366098656256353 0.144244850711559
"cg22437221" 0.134689400012629 0.537387547471784 0.854016731433159 0.155077411385061 0.113044605591795 0.428108549559512
"cg03798942" 0.0970291073814015 0.567733927584779 0.793162422058348 0.114427477973694 0.137883565934539 0.0956240723083141
"cg27507284" 0.0688257974541133 0.0739106583417942 0.755111202687275 0.410507722361031 0.343217536964137 0.11145504623146
"cg09849688" 0.0747342588896092 0.0785709911404324 0.717427753764264 0.26126445091082 0.191814766155387 0.195760712789085
"cg00902153" 0.106649044437714 0.0646438220318329 0.747275813746333 0.12898580095658 0.128940302294698 0.518656200630346
"cg25518868" 0.0545935365764612 0.0604049637343035 0.663745050310059 0.0874097808810737 0.112388260849646 0.163747337710015
"cg00874051" 0.0659402692068567 0.0925671944647951 0.891722540360337 0.569218883374922 0.53930905567193 0.434705810754948
"cg09076077" 0.0902344968952923 0.0854111530523675 0.831514489542692 0.551519229322454 0.494696189196784 0.139732760035726
"cg01054402" 0.0796318702848364 0.278093644577972 0.8057784651752 0.11887407774138 0.14669882294904 0.493334776893503
"cg25983531" 0.10229111623948 0.113690485049592 0.848373298553178 0.536216149480712 0.428825342085491 0.21239021866158
"cg20450123" 0.0730479137737067 0.166283790005674 0.739691927394812 0.229186264616803 0.20468318821398 0.102464832304477
"cg08698943" 0.379164295176096 0.101929973252272 0.855102068149581 0.238182635951031 0.364196139751931 0.351371078227927
"cg17950348" 0.0564846796801358 0.0748697195577351 0.846586838306296 0.601961122693301 0.509690432371626 0.100208313069396
"cg21291385" 0.0857594107435429 0.384377966820475 0.7810572709848 0.125505507898181 0.107219649712567 0.148387127888568
"cg07725527" 0.129439531737508 0.167235647785634 0.738892694462244 0.135012813610883 0.125260263224967 0.13841699774755
"cg15906007" 0.123993297786126 0.302043895862142 0.75726868019001 0.11476047971672 0.104916929163988 0.0882272795568927
"cg20317872" 0.656328008490096 0.372366747563816 0.874591876203114 0.0568369790637833 0.0612469089383998 0.132081036814065
"cg23792308" 0.0647314820791336 0.239483908238182 0.736362254578777 0.0687166102089464 0.0780771056171138 0.0896389108534229
"cg25616055" 0.0432131617191468 0.092139570995202 0.708678767385311 0.0586060052533964 0.103554826897641 0.152081755084406
"cg08682625" 0.0686011528814866 0.0787173461595829 0.788811105088208 0.130524534571074 0.180893388376018 0.392996174595552
"cg19268695" 0.601441406505529 0.156357877661414 0.833385986583668 0.0518682440066451 0.0497520212530861 0.100594038383279
"cg00619207" 0.495419052447184 0.139310407004035 0.82062536075209 0.0707999930671846 0.0663558028559091 0.108762166913927
"cg25336765" 0.0775579328790247 0.0810185095865199 0.854131125774508 0.401164381647336 0.354985087470374 0.162683073619095
"cg09300089" 0.05761061750638 0.0650898542585204 0.823952208151385 0.39573023442087 0.197987935584129 0.09244769922774
"cg00058449" 0.187652040683352 0.270136580434285 0.924064763804236 0.438215031638312 0.205901995035993 0.0788200927795314
"cg01156249" 0.0567450850030569 0.066629435311563 0.92078666802711 0.28133705556671 0.2608554516536 0.59188714897572
"cg19269039" 0.405213156346264 0.161392922247877 0.846527967206714 0.0471799992061807 0.0484136834937094 0.0971936267423309
"cg23357708" 0.0713383832184185 0.0659710102128308 0.833174727439768 0.167326662520972 0.188113523299344 0.176862573833669
"cg08560387" 0.0378937110238376 0.0453872953107691 0.770583943472859 0.063662939128065 0.0467609372563071 0.0470668783284072
"cg24641737" 0.0735944613943269 0.0669765610641709 0.790698047817869 0.0646632327934143 0.0610236474594766 0.0714474179800097
"cg14317609" 0.0507295865667922 0.0580606999269102 0.802321895900423 0.067986684352726 0.116627275502524 0.0947728657794558
"cg07635227" 0.028736654220978 0.0357689250197463 0.870621500394541 0.12144563000465 0.133245369596401 0.409813033330067
"cg03429643" 0.0506923370135177 0.0576694909307823 0.801339320590814 0.0565701788710333 0.0500157323441155 0.0605511757229798
"cg08864105" 0.0568051133949648 0.0679706332178628 0.848201069202934 0.118205493231474 0.135521990407557 0.0934143870338623
"cg02606840" 0.0454330899798487 0.112023864202082 0.826152491223335 0.0515942921713629 0.0403513765331594 0.0619365755223009
"cg07679948" 0.952328952718301 0.956293190743771 0.957963733408147 0.136348858121682 0.367345906831347 0.921364243374655
"cg00366435" 0.913004615112442 0.91028593431448 0.917033766286199 0.109168037408139 0.412626192322563 0.87344870159496
"cg16452866" 0.951797475987365 0.957145229464618 0.958305826967959 0.117243458698324 0.179243698114973 0.868936072666082
"cg11848483" 0.914653320818376 0.913347865260702 0.910336883760661 0.109622880917562 0.234283865970084 0.87552374759808
"cg01154505" 0.956822851687024 0.955071086518158 0.784217412597049 0.173546105345758 0.523031945847246 0.945581266171069
"cg01874152" 0.890574631159121 0.885260312225617 0.83962182606529 0.11983524131149 0.472378140414847 0.807142379586559
"cg07970799" 0.940473863277596 0.942584307512356 0.938467693470649 0.174192441553946 0.553508962784711 0.76249058468615
"cg03388043" 0.946070600019104 0.952141285254059 0.960123534862317 0.0748298162780528 0.0637443841929203 0.594299859865783
"cg07015803" 0.934990347868936 0.936781496165729 0.951324320698346 0.145578333157185 0.205020632343365 0.846235217236438
"cg07713946" 0.902754307706061 0.899208866030896 0.915190400244947 0.11593318709492 0.223218442546839 0.775451009181617
"cg26166854" 0.883191170602206 0.875292909679385 0.887455848209014 0.13014649474886 0.506363298848867 0.65110355742074
"cg06915826" 0.876338355939589 0.869496498241765 0.884613489980235 0.115736677004216 0.252411237001199 0.829281318566904
"cg10240150" 0.860302501364277 0.863262001270726 0.892899478273105 0.110546419859559 0.294237286428069 0.772946438190737
"cg19001909" 0.962950274225997 0.962060382778771 0.968177880249278 0.197884048138951 0.295450120669185 0.896062305788025
"cg14522718" 0.923304098213791 0.931485122998106 0.935226941923425 0.137225330147132 0.220307727962241 0.747902811983209
"cg05705140" 0.897850611429956 0.894794880344308 0.795465070899858 0.1200714971011 0.304339078088442 0.760158910493468
"cg24662823" 0.904430615570141 0.903097393069426 0.91786182437732 0.160723167062024 0.406075295941304 0.728172257459093
"cg04340595" 0.910661637042767 0.922300617854 0.921271824663395 0.0804276598878967 0.126149135939022 0.470150849321041
"cg13651908" 0.856510308153466 0.838111560778896 0.878708847135023 0.138365033715562 0.365272469328345 0.76926500620513
"cg18735089" 0.913670646729278 0.909304192489254 0.897982386175972 0.146751737490935 0.220302079282785 0.76066955674847
"cg12353788" 0.843138382130424 0.862595601034126 0.886213766683103 0.15051421034333 0.355213123782637 0.800747181947265
"cg23357533" 0.886975616253933 0.884391601360248 0.90724181992388 0.202519136047271 0.463872973232215 0.876950411273304
"cg18650518" 0.901795793269397 0.910763661925611 0.902493783034833 0.13001846556786 0.209216994763968 0.669510091536232
"cg15114607" 0.868598212499866 0.851715937047809 0.855100797241235 0.141172055082805 0.412147280645845 0.703726403117341
"cg25486399" 0.778091071704126 0.813783126927129 0.862397647192493 0.13413038567713 0.412750845900489 0.804066693280943
"cg05074138" 0.861377969537248 0.863740457881132 0.871665825862443 0.162802000441655 0.40314896812892 0.796970527684251
"cg22230912" 0.797127455789743 0.874527870984176 0.894426381810464 0.129242103726714 0.232914824697009 0.791712607012386
"cg16193207" 0.88123081086972 0.872626599193089 0.887234971269847 0.155765938687738 0.271360329639955 0.819047503553005
"cg13750061" 0.880823287214088 0.871828573501864 0.883645095062762 0.111549128350842 0.096743608458043 0.747953451085122
"cg10837404" 0.915353878636209 0.920445958948916 0.924327718644405 0.271869892059406 0.704042894512757 0.893322019031049
"cg13992008" 0.872198668947554 0.8822239609403 0.739035985601747 0.120901927495465 0.212053044377094 0.828927346389204
"cg24841244" 0.876061973742547 0.875561126326766 0.902476710176291 0.104676849501373 0.082850564909389 0.688943566858533
"cg07545925" 0.884648166514023 0.877405122490568 0.851582101619222 0.0880257304873206 0.0710127778815108 0.643328414681048
"cg04347414" 0.906820830760059 0.916187846129773 0.88359184158309 0.180328947089889 0.269847354260823 0.850579188299598
"cg18758433" 0.902930215498893 0.832164216799037 0.8748201036068 0.110344577210295 0.210688057726531 0.647597787234448
"cg11157440" 0.860271081768575 0.862557319253176 0.903153146308574 0.253710276786383 0.799439747121622 0.837140630490888
"cg24441810" 0.861070562594224 0.866765516542376 0.797411387437831 0.091513255049927 0.0983590610184693 0.71590227159379
"cg25226014" 0.899682532554062 0.895626334780414 0.883736920341678 0.11161733230623 0.174930649683886 0.566521681606078
"cg11162888" 0.851381606001457 0.847055410037567 0.868860099457328 0.146966066897623 0.25881845927875 0.815746773702053
"cg20661080" 0.86859439884318 0.85573443763217 0.857443780838273 0.125702327050795 0.209360284861982 0.721227351978351
"cg16775598" 0.879020417965665 0.880086271394081 0.895478725814348 0.160919403519035 0.237608664536213 0.8024856654484
"cg09526469" 0.875758946505514 0.8702039202004 0.647628390264451 0.125833338521767 0.369924053155606 0.757784361461642
"cg25325005" 0.95400160253482 0.950985884031677 0.796023435710357 0.210148862365555 0.362721631733085 0.861272652987772
"cg15997393" 0.955086844408171 0.950287606515876 0.676483960744364 0.115386419286743 0.297861420665733 0.517902493114618
"cg00620024" 0.897830578523161 0.892320044574115 0.889586191931541 0.223303866161333 0.510833954312206 0.831022085844185
"cg00103299" 0.83681656648592 0.838671750451296 0.745021741713161 0.138709914917835 0.389473008570106 0.771613712147985
"cg26347170" 0.947101831734354 0.937346772178158 0.937086029310632 0.20157952607346 0.275257407614584 0.762222799681251
"cg07110949" 0.961025655227098 0.952580422149827 0.929175176792279 0.254315260117303 0.380154868347676 0.926740459847634
"cg01490728" 0.842621776710702 0.85326338054915 0.832280296286483 0.161505130949259 0.361744074964544 0.79606125817055
"cg11710595" 0.896330138189505 0.882636418187376 0.900323887039086 0.236889177677584 0.619909398808221 0.78578796060685
"cg06760238" 0.101395588216485 0.0809143865723441 0.542859600218811 0.817258086486479 0.770244210566778 0.239268526386103
"cg26501007" 0.406588554788887 0.140165287838499 0.127387701841533 0.769045640797992 0.630753267665484 0.132443747998476
"cg19548859" 0.354751148101662 0.0753909139609652 0.0940910231019777 0.801971860433079 0.766640061104876 0.370445927484387
"cg01233897" 0.0900712287461338 0.0819444762177935 0.0682490530475037 0.711918847148704 0.662706648454547 0.26345322627489
"cg21360910" 0.14043583014708 0.155312583012513 0.0970721366957916 0.725802503729196 0.574597180621464 0.232563380722159
"cg23570245" 0.0802342064547022 0.0850153708831033 0.0897913529481389 0.690416077858694 0.62703779217789 0.156362095757639
"cg27485845" 0.427982795893577 0.123475794551999 0.300486516858564 0.783842192916937 0.525101303266377 0.116454332461173
"cg23379806" 0.0794635752862724 0.0680566736407469 0.0689426525558945 0.764619964505913 0.782065314685871 0.460606556552673
"cg16602097" 0.103587577054635 0.0754776257775811 0.194514177187738 0.794779147908147 0.748712566723705 0.490385571952362
"cg19369955" 0.0738877361955251 0.0754684497917079 0.186394576547528 0.771073846870598 0.770476385809575 0.373951898641128
"cg04742550" 0.0292134141971295 0.0340612657075017 0.439080546883619 0.65346521030559 0.272879902447492 0.0364526478417778
"cg14510299" 0.175889013576874 0.0978482213311988 0.126436962878427 0.797537521669916 0.774251481656387 0.431662308592099
"cg22539431" 0.0806781479925667 0.0837100330204025 0.224883282299571 0.840416741212375 0.83683719673546 0.620180496304073
"cg16922167" 0.127493920460602 0.119318798695025 0.231848897349727 0.821808530684357 0.816133229733584 0.421167235180404
"cg16261114" 0.0948892779495657 0.0961301552503361 0.276023465688992 0.846445099913408 0.841981391129182 0.539127301095002
"cg01231183" 0.121938514878838 0.12929742450544 0.0802733366441562 0.80101029379735 0.770654427631292 0.475103094382471
"cg10099758" 0.165916354083129 0.0829938670098587 0.114986946745721 0.716081401011985 0.612351448975503 0.135392909050045
"cg07598385" 0.0720026208605846 0.0525826308624282 0.221592535803104 0.707597860531297 0.580117133869769 0.146281755669684
"cg09169413" 0.169273517522023 0.0892581753972465 0.086567492032631 0.808149683603833 0.795723201994125 0.474666898423661
"cg21593001" 0.104504815311963 0.0858039488668673 0.215131022202924 0.803018565189308 0.844224259441394 0.317616877313877
"cg05228359" 0.0503948069023765 0.0499495452772654 0.0587185622726895 0.727011037007468 0.67141224675688 0.340466708239165
"cg25025181" 0.0646649927670916 0.0491072311986723 0.185752056021388 0.795839412522643 0.840981656486234 0.407763252288835
"cg09037630" 0.0590831917137555 0.0474252417400927 0.0428675075175615 0.668011149152252 0.607345993478276 0.0725124468505817
"cg24049629" 0.0698361842525596 0.0774713620002045 0.181924605952593 0.68734846675841 0.500583819568096 0.0760011565377991
"cg23582982" 0.100519683140098 0.0902858101626904 0.300375658513396 0.85341922859034 0.887086558301559 0.434259714635411
"cg16097858" 0.0791660260004879 0.0812874763484194 0.0801937273787604 0.731792116129243 0.684284693621335 0.221814125668358
"cg07837085" 0.0890492575510665 0.0939940306021092 0.413966922050623 0.762504238939479 0.557490553250855 0.122911824525779
"cg27058988" 0.0466772509025728 0.0417650883996107 0.047647660112137 0.688050576805799 0.532546307618483 0.247016692031568
"cg11787160" 0.196043821693442 0.178434198787193 0.227871013138809 0.878659865047816 0.883619558021277 0.406226772068795
"cg04244970" 0.0671999056873408 0.0667214735787926 0.466422915456551 0.748526748403648 0.511314647990217 0.0889886147514613
"cg18739675" 0.0882012930178307 0.0578913296225813 0.66474209373 0.824013094735698 0.696830294697722 0.100939867533956
"cg04642300" 0.0549298905635897 0.0571133407289767 0.132598622061691 0.695422972744852 0.588033769296982 0.0676362530291179
"cg09662852" 0.0687810290985783 0.0659577789744056 0.114755327664063 0.699322411159727 0.572078444767185 0.0885199454242217
"cg25978218" 0.0670866413406479 0.0835541226064551 0.283494220674247 0.74213976634839 0.627753672226594 0.0597077269173851
"cg11377213" 0.0778666565010366 0.0629886088423773 0.110732472596353 0.850975936615271 0.798383470029588 0.682123259735481
"cg19628988" 0.101339590759776 0.0593806442892365 0.25614739768841 0.795257119949341 0.752276047937004 0.234835390276574
"cg18150584" 0.065053602254763 0.0589580387557757 0.164954474943037 0.862215518611731 0.856546248649156 0.629804088378498
"cg26923863" 0.0560156157656816 0.0490848471356893 0.594488792449731 0.858806084971556 0.798734036280304 0.22027149518319
"cg06650256" 0.0814763813090759 0.0758468205651417 0.478550743535418 0.85057535382372 0.737101118399544 0.278088103938829
"cg09885622" 0.249836407662547 0.13476401258786 0.325346220725678 0.849531623165234 0.732288896771515 0.134879731712529
"cg25394505" 0.134838145228568 0.106333958644377 0.171613329969128 0.791245772534107 0.720878729912026 0.148430002499845
"cg12465678" 0.0998248700755339 0.083693898766424 0.558390153529104 0.848436425744564 0.71680130334084 0.112628883661132
"cg25729350" 0.081937744710137 0.0699332950188952 0.0842171378501294 0.719733670333735 0.512555620770026 0.123773868428125
"cg20455854" 0.0895477575573847 0.0775513587072979 0.132797159520406 0.785133980844193 0.691621407538138 0.228704245512486
"cg14181576" 0.0602674697386712 0.0493684551278458 0.0681728181965734 0.787745915460502 0.773239554239586 0.280123802965796
"cg13448978" 0.0727956693379289 0.051205673867339 0.110562705319505 0.822042413787903 0.79598735044631 0.355883215586478
"cg24457026" 0.066886293602971 0.0717043910967683 0.110499316127331 0.796508229494969 0.717254450436108 0.229899540619258
"cg07785552" 0.093103706910771 0.0806094032218492 0.0701173422189243 0.78378028312722 0.654271474610541 0.20064768857797
"cg02380585" 0.0526819369380933 0.0435088449171002 0.0416714007635005 0.788256822768554 0.812452670935234 0.158854909404472
"cg13468685" 0.0790884358940185 0.0860291040126241 0.273992749089984 0.836434203219256 0.696027444377795 0.118670149922025
"cg25939861" 0.873670188851821 0.851420630927333 0.867475380066004 0.733100506609181 0.0869119338116841 0.611404273418829
"cg00219921" 0.884415216729073 0.889346059367947 0.901929365983229 0.783993491622756 0.14905470496337 0.790169646338427
"cg11531557" 0.873832606575601 0.872981597540483 0.880782091769965 0.632945156115484 0.161233759063866 0.71111376151044
"cg14094409" 0.944448296080611 0.955990152990753 0.888595564513957 0.396197592565026 0.0769994787208283 0.242354211084487
"cg10977115" 0.891628662673912 0.898845586504904 0.901158651344608 0.348388098736216 0.0688127353320826 0.312253516062149
"cg08777095" 0.90090853734194 0.895333168988068 0.906531215876631 0.40375320795043 0.150486974096426 0.691444163478485
"cg02324835" 0.870220230615032 0.857050259373617 0.872998774819202 0.445224960018156 0.134883698013271 0.677907356386972
"cg22512531" 0.890349040608186 0.888833043314277 0.898528602029322 0.393518628125068 0.0741010555863999 0.280194049127537
"cg06164961" 0.892661301507198 0.890864208766363 0.904803072403334 0.107915924453116 0.076172107753596 0.570430784225727
"cg03030267" 0.873267608133072 0.878775082406742 0.817604959551622 0.450319625669166 0.126813534321196 0.454478462371841
"cg18174654" 0.862334477461152 0.848180511780852 0.856174415531922 0.795504597594524 0.251529295011094 0.805310749004409
"cg24612198" 0.897419046763807 0.896264272039276 0.903473943801006 0.149763193079324 0.131919747936075 0.65237312170918
"cg07930673" 0.86770729668348 0.867581299603363 0.880595369323883 0.11668012847194 0.113209053727406 0.677131815005548
"cg10111816" 0.816067924146555 0.849126592416557 0.824234149646311 0.105772844145756 0.089134123921272 0.676274491722586
"cg27470208" 0.870982769483132 0.864653015774891 0.867043122988295 0.133610309584401 0.0668485578686439 0.379342502337603
"cg26518932" 0.879990279942377 0.894285384563506 0.903858159808756 0.300422002984315 0.160722209163227 0.628015145916716
"cg04042333" 0.951562481436692 0.954875609674825 0.891662903433749 0.470544540305328 0.135826068578026 0.143682697762136
"cg07728874" 0.846566992003607 0.847573110705656 0.869646363181169 0.125498938278147 0.107645875670703 0.643965595499563
"cg25643644" 0.849463898087715 0.852431521235369 0.86507669119837 0.113122178216499 0.0846089477026438 0.506438282113043
"cg15392364" 0.870157986793223 0.885799197441367 0.729217020442608 0.0885755655317998 0.057046057370763 0.448560255738274
"cg09232358" 0.866757431745546 0.839561932743712 0.886920211255866 0.219061303189344 0.150800981612985 0.746807549167959
"cg11210357" 0.865023128443585 0.85976323201019 0.837743014358296 0.120242068411029 0.119810455607019 0.672031740504791
"cg14506192" 0.892383614020669 0.885511841783513 0.886754591548769 0.534609936076223 0.144989889793791 0.237490826545545
"cg04759756" 0.885632491266206 0.88817367343094 0.901332421838971 0.390532358442248 0.186876953534809 0.614211504751544
"cg22689323" 0.870816948014028 0.871804992967686 0.899124266953332 0.142964961727365 0.0898921099643953 0.364144612021716
"cg26137915" 0.869284130475503 0.864593459227307 0.877195002429917 0.115926072267462 0.0998418423376589 0.485860953807346
"cg05160234" 0.835688231446973 0.837366361923567 0.862132876119094 0.126166540544381 0.115080531654253 0.652177067027889
"cg25535316" 0.861407198270305 0.864251157708162 0.809010602709284 0.642343715587563 0.228295007815368 0.731474763141054
"cg23825480" 0.844784441243742 0.861302292515635 0.883995882392774 0.0918731340180631 0.0985322627028398 0.519151106266249
"cg08338281" 0.886900487707845 0.873424630206081 0.747787628362543 0.119057292717783 0.123707394009461 0.713064284024176
"cg17477578" 0.86395445122547 0.861747563731256 0.839230552157966 0.119844129498794 0.0613717161693615 0.293144724393494
"cg09234252" 0.884347110430009 0.865463038742955 0.876615990711129 0.146889084444882 0.0911806855852738 0.364441036275615
"cg08418872" 0.884179531754626 0.921416282078891 0.957865142455164 0.58590558848735 0.200836900973671 0.33855558135087
"cg15880738" 0.844912538267987 0.838420749435439 0.843879020912108 0.121034562932241 0.106085320452649 0.58555730078014
"cg06419846" 0.953990929390996 0.949006541228319 0.95795504905373 0.914202482752223 0.384096442265321 0.910050138062967
"cg27280688" 0.823479727363806 0.847123095745125 0.883896579895047 0.113469083668379 0.0756068290554594 0.374997344091469
"cg27111890" 0.847584469649291 0.861372428743623 0.890345460062573 0.16925477352503 0.156504383328585 0.710488233667479
"cg21773646" 0.87133254217234 0.884172916454293 0.895386941590507 0.129623144011651 0.1411392245317 0.593605669352761
"cg09909069" 0.854780382970031 0.858050004429304 0.872448764869862 0.119431497489338 0.0835662709595264 0.353440367435315
"cg03254928" 0.789372145261691 0.79045909412635 0.806676417097343 0.100856759861109 0.083804942673058 0.616988403188164
"cg24150662" 0.936763421395684 0.942657217855661 0.923810861663642 0.264006558465892 0.216249189289855 0.674524423117454
"cg26033526" 0.841486960944842 0.854384371386532 0.66325121837381 0.181224297283337 0.0764364307064934 0.472286348490637
"cg07016730" 0.858198375225061 0.868794257085542 0.746809673858902 0.706183811698628 0.241066798455723 0.707717901891506
"cg14101485" 0.106136653968495 0.110059951104489 0.263278171013443 0.717077613261849 0.785215577273876 0.419545997991359
"cg08069287" 0.201363470678528 0.163493376380516 0.107132617234238 0.776208250614272 0.842245376379239 0.659720455319049
"cg15244101" 0.0751982697119144 0.0694730202121715 0.311553066366897 0.622222688689408 0.789240702919072 0.576610762740974
"cg15929395" 0.148272550138541 0.123966401372127 0.35291391761079 0.7770342656127 0.853711004917719 0.570172890049646
"cg27664496" 0.157783579082834 0.146518038639323 0.19081370695608 0.761412186038822 0.781619023542098 0.303626909356725
"cg19746186" 0.102265862878685 0.0890037465542753 0.165148080453525 0.737724488200168 0.801827804159493 0.606063602221289
"cg23018755" 0.180660308405571 0.168403564571752 0.346612007865454 0.742128849337194 0.844499401870454 0.437509066983289
"cg21340621" 0.0984594540584189 0.0745440516580212 0.338904360390437 0.570654078063554 0.764619866804843 0.393945709471214
"cg00188748" 0.0866569752078079 0.0747796477415388 0.180955502187556 0.626321381962622 0.769504235406321 0.543573716462075
"cg12118504" 0.106345645249467 0.0878774368262102 0.105211812948418 0.668361727435881 0.772859368188157 0.541934351054194
"cg24484138" 0.0874621835042699 0.0723142689865445 0.280388152509658 0.715403807016767 0.809263201840244 0.547903776242117
"cg13854219" 0.0754226474849988 0.0555072914448026 0.155870931774356 0.760654902842201 0.790300835791207 0.537594457618375
"cg07671644" 0.0633561959501939 0.0633910350385837 0.0832299858263669 0.604982288515939 0.769883104704746 0.653606842651495
"cg07133930" 0.0681416948702304 0.0655364481939586 0.21044370833326 0.587301539319145 0.767905991627402 0.510488280365384
"cg00159523" 0.207281174062376 0.172204992273946 0.205995361301834 0.782225256789147 0.868190854098424 0.566917067136462
"cg13703437" 0.0780741907096451 0.0692159606839367 0.357689366144391 0.809126841398318 0.851132829655071 0.565161958152783
"cg08131309" 0.0764563086711159 0.0633919678922355 0.190578380849846 0.692818387707601 0.812735050880149 0.655965876357181
"cg08243626" 0.0750114057844148 0.067872742035845 0.295053325240848 0.704380581204768 0.828842731767305 0.614048769302161
"cg22948808" 0.221384618935933 0.0995096087730172 0.23812217238727 0.64359904332536 0.832179908745031 0.553137724146096
"cg13443575" 0.0916155202888815 0.0661178114201186 0.0918974701612595 0.574403432989777 0.701769430421939 0.227259031268143
"cg04905719" 0.0472471444746118 0.0375018684487679 0.0614724071470217 0.67261137019574 0.690828819780873 0.179855443229621
"cg05875463" 0.0897873038830551 0.0925178412171335 0.236692901909268 0.742819424519701 0.805028388976128 0.419484134842788
"cg09832245" 0.0747429551420814 0.0810254660681205 0.0753440973756345 0.763452908177611 0.801008288307776 0.577507560810665
"cg19118951" 0.0635206705056229 0.0656205987475514 0.281032138685773 0.633491667050819 0.815930643058235 0.613400922938461
"cg15381475" 0.0497713644600716 0.0347453039290894 0.156297581491626 0.62233128762774 0.745482836631258 0.376561700178289
"cg20048655" 0.090241306038076 0.093426761174152 0.0815988790283005 0.651470371878953 0.80930337761201 0.644440993087816
"cg07799277" 0.0869902670492702 0.0779009671754004 0.125038434428858 0.70232182513751 0.809014403057057 0.563807236151342
"cg16403565" 0.077065447662239 0.0690327555933656 0.068102709040438 0.718084447339445 0.784286567488117 0.487515800762777
"cg24902461" 0.0869507658512695 0.0762012394832856 0.105815805428956 0.750650330526291 0.798089096259376 0.45534370048781
"cg12426092" 0.0989574098485115 0.101466924688302 0.164702880598677 0.696759035195721 0.78820357532501 0.327735659709836
"cg13795831" 0.156896432205678 0.134793144531445 0.191845759769707 0.831543994357695 0.907697760802415 0.718539945171048
"cg16563370" 0.11980053978709 0.121248167213238 0.199762261997663 0.743810623950509 0.806329312185632 0.250503120362028
"cg27097542" 0.0913322838192292 0.0881268915036658 0.312615559129973 0.818141329909797 0.865195996805416 0.461824135370623
"cg01543184" 0.125841780905009 0.108450587885141 0.37795370585973 0.840714269724759 0.903164484885738 0.466057853838869
"cg09145126" 0.084360868232793 0.0686915369343881 0.0888198424398803 0.770473264642951 0.853212118125809 0.66603168361054
"cg04776231" 0.075560999181496 0.0639464915508723 0.140007765615073 0.708494980332787 0.774317609514154 0.188212430811754
"cg25711558" 0.065274404196968 0.0518928008301233 0.0736959559894692 0.72103346609799 0.809578776826705 0.364949011841726
"cg22193912" 0.0913730791364447 0.0560651871098065 0.294502873200752 0.758375370959062 0.868613905059409 0.383924353118122
"cg27582527" 0.864394525085036 0.858487638394913 0.834932021425274 0.835055512415005 0.627444083457144 0.097096575697812
"cg12811871" 0.972142490373349 0.967541908075781 0.758322476835355 0.964761150760761 0.722771961468774 0.176615890181834
"cg06202778" 0.871433773435692 0.84107799759397 0.905325193066722 0.882595490892135 0.695595118080933 0.153864869572111
"cg25383568" 0.950797146063426 0.950162651050535 0.938555348499356 0.931323336755418 0.784457506641795 0.229364880699641
"cg00805874" 0.940923439439989 0.952104901185688 0.96708023271726 0.97029462784561 0.681718930005635 0.229471781253027
"cg05875239" 0.911932885942474 0.890506595004754 0.903999266192982 0.907765148107005 0.818644818320074 0.210803881237689
"cg02384859" 0.900579728270141 0.896147502567928 0.886727649344307 0.882766574634717 0.684809082540599 0.179830537317161
"cg05653887" 0.87475155305786 0.878856386780066 0.89547862107407 0.87547399532015 0.683376412744766 0.173926331801216
"cg19066520" 0.916360905692122 0.949823870079955 0.919028784951826 0.657873116268943 0.733205190074093 0.172626407128676
"cg21333217" 0.961865752720646 0.958975516651529 0.967015056554434 0.956610061624029 0.771456230726192 0.256397243253516
"cg15956469" 0.947829760980365 0.943643514682653 0.956711600417714 0.949019128652305 0.819624455941804 0.254879607676446
"cg06040872" 0.840604370004035 0.896009090677694 0.913506941430834 0.889095608112279 0.679717103401417 0.180851845207313
"cg07307830" 0.89135758457652 0.882587499392238 0.886829398368324 0.798439977745779 0.648009075652485 0.159802229824054
"cg27309871" 0.885831103141779 0.892369387278537 0.889978777770125 0.897138735112972 0.727377892339133 0.19693132162703
"cg03538296" 0.885611521451508 0.874457502017721 0.888132687965714 0.883308238160196 0.745633420247512 0.195462628058247
"cg02150910" 0.869191707644164 0.873445186898457 0.822102441114361 0.866493275994489 0.665564905082038 0.16406860133895
"cg20657709" 0.885592239521756 0.880052474082362 0.889382375864972 0.888290135651685 0.726125414893853 0.200230778514483
"cg21634628" 0.895226266240888 0.889637832960918 0.809748291017895 0.815812374906833 0.673956663575272 0.170798049231971
"cg13613174" 0.824987791661797 0.879176499374792 0.900321139017636 0.829178833824085 0.650670840792473 0.172843439620705
"cg18672716" 0.839960413633229 0.860745568262581 0.872447983726041 0.864129139726061 0.647494564574063 0.172867782961561
"cg14301562" 0.819075180942079 0.860735039559883 0.874546913443008 0.870785666372963 0.703062701253884 0.180820420349054
"cg13917614" 0.935679349834264 0.924430797597661 0.908313994827047 0.943645324587937 0.853198091224547 0.265708887985558
"cg06022561" 0.800030882819415 0.858163561368193 0.849640502353278 0.76139080016456 0.606731815814016 0.135804497407967
"cg21474838" 0.888797317650184 0.89277561486935 0.898923268742564 0.839834438603312 0.694637009738727 0.201332854969112
"cg19696012" 0.883869902356206 0.892606575585357 0.884869740745743 0.854087027169439 0.674649240674154 0.199022983943756
"cg12531611" 0.902565879606902 0.890435334905881 0.904563520678389 0.893915596932979 0.734709777816906 0.223743492057963
"cg26934362" 0.831586391410824 0.840678094980279 0.791319261754514 0.787558127823757 0.542341689303881 0.123015989546337
"cg01940139" 0.890443841061007 0.891974416654625 0.895916134154301 0.851922197734459 0.691167542295491 0.206029570421808
"cg26012482" 0.859756522771582 0.872921980229178 0.868103893780605 0.784199335956271 0.661438061062927 0.175498806164253
"cg16340422" 0.872390946277724 0.905577938479573 0.865048829677213 0.853853975920854 0.648926343614338 0.196835450571951
"cg26227465" 0.864189148924658 0.849460782624585 0.845807174295712 0.789171011979778 0.608306553990417 0.159936797907556
"cg00719568" 0.874681877434167 0.865114790618218 0.756615026012508 0.865402424157793 0.721404170256985 0.183931510896732
"cg03708221" 0.829558502057058 0.834685078900967 0.828248570535026 0.816988211632849 0.625093896295651 0.156402174397157
"cg15241779" 0.864730723777921 0.872770527786552 0.865460078041934 0.856726196580402 0.730812421630208 0.207987157070333
"cg10628126" 0.902696680203612 0.827762205658283 0.892170390506388 0.849083228826854 0.742427313415486 0.215653709604556
"cg14384416" 0.882323251830181 0.869987657549493 0.880076623392745 0.872154066378025 0.692734742404582 0.217237509786367
"cg18310515" 0.87578286813217 0.872173185583663 0.884870273018029 0.857334892271129 0.710988040008667 0.220074329262325
"cg11978441" 0.886123573112355 0.86917670618784 0.841227398395018 0.821234241950372 0.677837922369676 0.202762656741332
"cg20460771" 0.846643198058323 0.840144916232954 0.865041254978216 0.829333510139597 0.66835708328937 0.192308518144846
"cg05656688" 0.848852512100191 0.904317371993938 0.745911353785044 0.779594532883957 0.538462666793267 0.15593222513228
"cg18800235" 0.916737440906925 0.909709612475858 0.924821425983083 0.918257028719944 0.800276059889394 0.275536158102757
"cg22488278" 0.898611607206845 0.891004783699275 0.82896679941439 0.898802614884505 0.744736823211527 0.236228361274167
"cg11335172" 0.885569373382791 0.9058422052899 0.915868569538823 0.899977438466511 0.788285636500399 0.26254059349675
"cg11100450" 0.894121229832273 0.892929891874172 0.897511962070104 0.863415207008267 0.680679622510491 0.231936941031916
"cg12111137" 0.880934385097319 0.880988865421784 0.898407658933307 0.846375020284349 0.442523524508335 0.183599477582546
"cg09261289" 0.884696821943501 0.874899239429105 0.889994797715277 0.884579028310371 0.742061574425566 0.240817881286212
"cg24430034" 0.980421703574266 0.975027356086211 0.9773477724183 0.971942805988747 0.894870152477597 0.344943348748735
"cg03605454" 0.800018687615828 0.817194858774942 0.838714716605885 0.83280567382801 0.662011396944945 0.177340549199199
"cg02663352" 0.893565775319061 0.884019931501884 0.722785798929637 0.855471991235317 0.688575492963996 0.200898424200453
"cg26242064" 0.881253575204004 0.89285177388665 0.881945639160329 0.875082293120601 0.728705649398685 0.242315587277751
"cg09747445" 0.559186190805553 0.529443186232529 0.284067144500162 0.291163970353381 0.353155304834736 0.83645350247425
"cg27437304" 0.383614797334812 0.127442251527684 0.317734458676398 0.221752549789367 0.453303104228194 0.709713909158228
"cg16893868" 0.05847629238091 0.0584102400953074 0.10393181265885 0.154129718613089 0.218182240305292 0.537134707075444
"cg15356966" 0.0857207221533043 0.0797724338975548 0.245923764469276 0.389428224817481 0.352264412826387 0.642721196657981
"cg06175008" 0.0959953880619351 0.12370618399348 0.161820716709022 0.438709516638773 0.463502469034786 0.669708833767634
"cg13942283" 0.309995888868494 0.361581600387188 0.519117465367135 0.254806576222185 0.33154661871657 0.782765742661688
"cg10096215" 0.0498817590500852 0.0982455662834479 0.112294032484863 0.0732902378713843 0.23805065879141 0.538608006383944
"cg05608790" 0.223269429331757 0.143529180946723 0.211818300831903 0.439235019119667 0.654172887345883 0.74346134336577
"cg26475911" 0.229629462904036 0.127476854989359 0.55489476169927 0.327131601606278 0.597421700900119 0.777709091406656
"cg25887844" 0.103738613774131 0.159540376749205 0.40173792349611 0.204498280003808 0.299471217623511 0.661173918015533
"cg17801864" 0.106511621035386 0.0912787384671477 0.223635320761548 0.334126330576195 0.497315360134235 0.675937414309906
"cg06875488" 0.264435036996502 0.197217195459057 0.283855738538216 0.448585361067031 0.523314836306598 0.770895914830817
"cg25045219" 0.113513712226369 0.109946181855883 0.421057053433769 0.119059199271292 0.64528793815359 0.706133474871145
"cg06832898" 0.0588258206073074 0.15144475616158 0.0946906962273233 0.166363943817647 0.40609536486474 0.613156098796126
"cg06398474" 0.209973728936768 0.2418589738542 0.15873211433427 0.150971002920356 0.347098371154329 0.66481002957975
"cg07675477" 0.185974542930999 0.194147817569764 0.224531828971051 0.188530866396911 0.343403679027768 0.669286836021675
"cg19090861" 0.0717247214920087 0.0646649521516742 0.141434490144351 0.2190433404357 0.2623703579733 0.590713154400351
"cg11948905" 0.0665751422119525 0.075667221826768 0.38506672914691 0.524207988504786 0.632860335440622 0.761241004781229
"cg07065759" 0.0548103929581147 0.0547534832631929 0.0566350298331771 0.19150825927572 0.309698435590985 0.573151025104112
"cg02381279" 0.100880131574649 0.0816682008943107 0.221125999297953 0.456250759254295 0.565595237161576 0.716873464890431
"cg01447281" 0.0631594242296139 0.0618504392927227 0.148195936602155 0.0691982212029513 0.197039239763027 0.554868724709277
"cg24315421" 0.0613549133234532 0.0679544593342018 0.454125944079365 0.295263552418401 0.555392422927248 0.719517980683855
"cg03837680" 0.0744435721739767 0.060063681930707 0.205340607972322 0.325950575228317 0.385674604955777 0.650673407700217
"cg11822932" 0.0724467625261879 0.0614169477690003 0.299793201135414 0.569761082927715 0.493579455049643 0.737713528071864
"cg13318771" 0.111030099376534 0.0543478891447418 0.13317045119473 0.155722520383216 0.287728611588884 0.597944683109344
"cg04887172" 0.0857204073440303 0.101696002550146 0.144573186317142 0.473015367831783 0.575139233866318 0.71797045149167
"cg05756780" 0.135905740321187 0.0803807577592977 0.41322727046193 0.290187921335493 0.656734709974969 0.754246110439371
"cg09958402" 0.0685300231919944 0.0493858502572502 0.0771699505103627 0.480879777487168 0.606743374054302 0.698489769763443
"cg26971042" 0.153511231886627 0.138004324165917 0.085202793837494 0.0886922074364998 0.180092593900896 0.600385530658475
"cg22589728" 0.194961885337575 0.177509105891738 0.211184777448364 0.251555520544053 0.356047674181834 0.710116192374236
"cg26348226" 0.10192113703282 0.0776323738651634 0.06636099352686 0.27373373153012 0.477160042295267 0.666606656958439
"cg09101151" 0.202464494800295 0.149890160700558 0.085554561047048 0.33979315931334 0.442945013795303 0.718847427219012
"cg26823762" 0.0671989693978184 0.0580123594628031 0.0902639922041055 0.225450649281626 0.516476785859893 0.667829213785777
"cg04790874" 0.162438220152001 0.15532536643277 0.0585153149250594 0.554484643440784 0.423526228532068 0.751847031643777
"cg13404688" 0.104068888828416 0.0748638571737444 0.23656433812017 0.51369037430692 0.703663557127276 0.795094979540985
"cg00423035" 0.0885821450606236 0.0790918686529778 0.149672033731991 0.441912471268605 0.736425912529598 0.77092118946599
"cg21232161" 0.11944637105218 0.204639243717495 0.102020720529338 0.409953942245565 0.520657719024924 0.757688679838994
"cg17176894" 0.0872731898099013 0.0851289092251466 0.0823218636228508 0.175923779279963 0.367960869672891 0.649884654807822
"cg00761125" 0.193778335736069 0.147245115876203 0.172598482554144 0.193554085906253 0.556040151756856 0.743444854761489
"cg01700462" 0.0747969292247323 0.0650266782602301 0.215980470497134 0.421961824341595 0.571492335846711 0.759270706911844
"cg11173131" 0.0685603609025363 0.053455958607402 0.164579347980699 0.357333516216598 0.517299477107755 0.739250747631413
"cg27218978" 0.10059136299908 0.208866443628384 0.147230670629214 0.465929296471082 0.612130947744395 0.821622374183397
"cg18881723" 0.0856912993672433 0.0685977068314178 0.0620623136957948 0.0525851389220738 0.193646713268511 0.622562754552802
"cg09001226" 0.0960326798244249 0.0878984933926021 0.250237160760087 0.382909525273416 0.412049935358035 0.771401545368366
"cg11358405" 0.0580114162114076 0.048300777112784 0.0622872719588242 0.347547149325789 0.468682667384679 0.72690908199848
"cg12273325" 0.138209309630548 0.0547321725781696 0.0760155901658108 0.11806950598651 0.327010709960217 0.687997079610407
"cg06117093" 0.102441104442607 0.0674018169192433 0.159503186350807 0.135127606669026 0.39196568021256 0.729950575641539
"cg04179740" 0.0620658215337521 0.061624278322418 0.271461538671832 0.0830295966275881 0.232120449368417 0.70454536046637
"cg07381806" 0.298298829536881 0.0974124386725911 0.0731485243306963 0.11191179155136 0.299139903641009 0.75085808717625
"cg17766305" 0.0977269371548885 0.0572722657986336 0.143013945075898 0.271062078913224 0.445353398204241 0.827337908070737
