"GR" "MO" "B" "CD4" "CD8" "NK" "nRBC"
"cg05398700" 0.078003807835886 0.845697429226225 0.924660521215568 0.934879745483903 0.943636803408918 0.878448004165474 0.855917640816307
"cg16802439" 0.0806166221823608 0.754698821102982 0.973721045434042 0.975032141056593 0.974704785374292 0.836476994664625 0.793900848304806
"cg25739938" 0.0895581986952864 0.860289543388087 0.899745095626257 0.90574313721591 0.906283785959051 0.842416214997401 0.803280371138828
"cg00705730" 0.0711389307102524 0.826377133239842 0.890397307294582 0.887076860777498 0.87897609585107 0.831258257342613 0.731870721078533
"cg06270401" 0.0678677284807558 0.808988370497995 0.910932776301297 0.90381097100999 0.9021067945874 0.809285036447876 0.673205788176781
"cg22381196" 0.0550071090117414 0.653270993330308 0.930755015492906 0.926367663318485 0.930266505407754 0.865422261400565 0.767858719631896
"cg15658793" 0.0656938242612561 0.69477943152005 0.953815406606208 0.944746950624727 0.940218594193651 0.803666645813897 0.704182172972725
"cg19037107" 0.106718126865776 0.84102460043215 0.904954342853369 0.909061367003427 0.905429181060295 0.854472005557089 0.800047826084391
"cg01692842" 0.082108666296633 0.812739996202221 0.894239179685085 0.888268422369784 0.893259327088688 0.821637565428226 0.74499261969306
"cg07409471" 0.102401378882408 0.777437513913533 0.903463098520782 0.900269705425081 0.920309043239844 0.849362771463457 0.838911122904586
"cg08154963" 0.0768706149663142 0.7843481364462 0.887801071299157 0.893260253448495 0.885254365564563 0.803892131994541 0.713462604830731
"cg00660167" 0.152273315948078 0.814710977273356 0.946686593529056 0.948987994425906 0.951630365952678 0.905661733346284 0.89793522383222
"cg05936004" 0.101745646780303 0.782776848810488 0.913710659473184 0.908485618611031 0.909572853506702 0.813339186911714 0.80038949481822
"cg11313468" 0.0799177700155678 0.757116188807013 0.890048918233277 0.890785929832911 0.888591767797875 0.796707692816149 0.776002820179637
"cg12483340" 0.0814238435741926 0.730590165134802 0.904999212342088 0.900834610517235 0.898161949700765 0.828670785824804 0.732121155094399
"cg08253808" 0.0699169601897996 0.689014341200981 0.875179214908017 0.888605991981739 0.892257435625943 0.820074547856387 0.750520445836691
"cg17852482" 0.0979268968666389 0.806982461838822 0.884345702506799 0.886102920982062 0.878163946585478 0.790786667934666 0.744677114666714
"cg15878616" 0.0924852710724919 0.528566424552898 0.97141816811624 0.972102406529445 0.974749275729449 0.900375343011988 0.871856094452847
"cg11596902" 0.078951144823699 0.683877251357174 0.914711039769313 0.894302876657907 0.901903022492255 0.833231254987434 0.733936850799077
"cg00439981" 0.0691952434127942 0.583109170257296 0.913928839969018 0.91786294324207 0.916455420935272 0.868870198964825 0.798946980874506
"cg07790752" 0.083128617753228 0.711987502924893 0.914264137320509 0.899665245046454 0.908409030202056 0.823110463394029 0.696350767447216
"cg23819411" 0.113771133630749 0.730914413949852 0.932038395635826 0.930731856434675 0.93533419396249 0.8392411230499 0.759196868533387
"cg03340036" 0.104581776230299 0.743952031084123 0.891173870297176 0.888525577332482 0.893724396145459 0.852097395994445 0.756918494181205
"cg13595556" 0.0601037296132278 0.601600269263214 0.915020532781599 0.910740468175188 0.912459686599431 0.739179798041094 0.728445889075733
"cg13468144" 0.154839471930803 0.8816795013274 0.907589317924746 0.8999625152639 0.895809398194364 0.825082695849881 0.802371950373966
"cg21685770" 0.085659228488988 0.646413970230151 0.906594259453055 0.911785276984101 0.910004525490782 0.858980870365005 0.692633442814004
"cg11070172" 0.195433215742858 0.926071842340569 0.966335947956075 0.957672050964242 0.946960377013772 0.874170414732889 0.751780791851607
"cg09418321" 0.0818219818539554 0.767937897148011 0.888306847292396 0.883112734948474 0.884169294493865 0.764478908023493 0.567668732702292
"cg25605731" 0.0787180256653094 0.437836276279789 0.958639738992384 0.959501260461127 0.959951240130836 0.89658767342638 0.869428889253096
"cg01040749" 0.104631813056128 0.707457559096059 0.895307627687604 0.889274057643784 0.887981188308672 0.842726124086313 0.763784624022892
"cg03766264" 0.146961057199162 0.853195793681864 0.893841771496728 0.884013464451179 0.900293370001259 0.840981630579071 0.760565111817337
"cg10611016" 0.109135098691344 0.662864486703983 0.916696540116045 0.916606617167426 0.91603763015739 0.861268019670258 0.7688950088901
"cg04609694" 0.137098837801944 0.805817115333676 0.892490421988286 0.889030726789768 0.896669688750729 0.831077418799416 0.796084643031782
"cg25600606" 0.16425012650961 0.845917165104481 0.912943838699277 0.906771643652666 0.908517575258724 0.845960926551292 0.814863287110076
"cg08418670" 0.112997498428163 0.561569859424712 0.964396616617358 0.965152275594864 0.962055711020351 0.883326030871437 0.789795413856752
"cg01699630" 0.155892838073866 0.856278087589622 0.886820795061998 0.888936234236494 0.887003172075553 0.826179715783002 0.800930132045025
"cg17442155" 0.0900664896895654 0.67836760363146 0.878650139049249 0.873170303606342 0.872902573212097 0.802406257817263 0.733860124641987
"cg25573640" 0.114091463301528 0.804522530930943 0.846286030896242 0.854655969874755 0.852928136215933 0.769424944177292 0.759072002514084
"cg11014468" 0.144524502949817 0.876471522346049 0.911764659350432 0.908116945560109 0.910062177485037 0.855473444350964 0.506281227336564
"cg13785123" 0.189785124415654 0.786771863473706 0.954714672068317 0.948238967877564 0.954621831262284 0.906817898756343 0.876846418587296
"cg10487428" 0.110402311051971 0.722371913983682 0.89406787547987 0.88697453918812 0.890274603029217 0.802729654350811 0.713286117073459
"cg21792134" 0.190104255505041 0.863508961424944 0.916611975341824 0.928063227166499 0.921892673817148 0.86797331748587 0.822232122747042
"cg19867914" 0.100167004643201 0.622769081804898 0.907371597107358 0.89765066263873 0.909468795789389 0.804880927059001 0.765591919463304
"cg09535475" 0.087816806637669 0.660458804758441 0.87378988722017 0.87105948324045 0.874195546288827 0.810654641860102 0.680013966611143
"cg14066298" 0.194426104640088 0.874472145044142 0.939645587412448 0.929694622357385 0.937470436319576 0.840571486710364 0.782391177063661
"cg23169883" 0.0692797167262018 0.329515519629021 0.9641168059495 0.967374263348997 0.965848104740573 0.910913967075797 0.790448488313576
"cg25968394" 0.127732713157541 0.725990038462144 0.881558765971142 0.889937405067549 0.88319231831049 0.852896186954415 0.721779941135232
"cg06526020" 0.155555738114509 0.821461659286335 0.886321664595259 0.880009911659874 0.892653053020335 0.845766697845403 0.731230560049567
"cg12157761" 0.0783902055349899 0.533127852714069 0.898679804471858 0.902270690340854 0.905406119097447 0.842624928711878 0.693730990841146
"cg19460836" 0.0903172268709197 0.596552301777055 0.885770791057043 0.876532747635628 0.885650551614307 0.832428093033967 0.729801557324151
"cg10517535" 0.681890451788385 0.376899656351226 0.341645707549526 0.239242591101495 0.32862363920318 0.522414906243424 0.357378397353747
"cg13525276" 0.456018065310304 0.134619761047713 0.0634394592332169 0.0690183621015308 0.0662134461020411 0.108916737361782 0.395402338405482
"cg06601071" 0.533862877456531 0.296432623139262 0.115085614373962 0.0932424836732142 0.0841453763281485 0.357472130014578 0.232568575944395
"cg16516405" 0.489854901596757 0.226277739797703 0.104191854590848 0.163650317768919 0.055093715359091 0.133197118875278 0.24049992327327
"cg07248223" 0.473712080822619 0.301836933718771 0.0574327024060817 0.0570805314188354 0.054913869185711 0.0920710472131287 0.16628209814097
"cg21057323" 0.495543937943802 0.220257926839857 0.140984808045117 0.0527044724556835 0.0572524418558799 0.178499387836871 0.321634432966273
"cg11898431" 0.663741763704326 0.437311109983896 0.0522699593925755 0.324938314379548 0.337295966841685 0.340495034937884 0.440312798173599
"cg26506790" 0.764766341962369 0.2979537430023 0.525704269180515 0.45689543022992 0.444182569983669 0.424343781509803 0.521078996650738
"cg10516886" 0.613168907568277 0.176833236802186 0.0860508437148622 0.371926204821812 0.261249834878002 0.42646966012184 0.456542862188933
"cg23754918" 0.714485222446015 0.327773919097769 0.232324367720948 0.443293556700285 0.470581060165427 0.202646970353277 0.589370603746211
"cg18412721" 0.553391589285651 0.39375068603812 0.0769363327199526 0.0907476575774093 0.0667707930826461 0.15911638973369 0.277169610020863
"cg11992736" 0.57431104473457 0.218109980684469 0.354960601989617 0.120397335784843 0.104300208680647 0.145059688363503 0.417275273957869
"cg26180383" 0.680766635883359 0.263787198448535 0.408986411242383 0.189666251447225 0.2853445479491 0.487698892385374 0.379424328029542
"cg02243522" 0.658511378655244 0.133995411287066 0.279494700523168 0.300643153617988 0.390768819198009 0.448030014361004 0.405545450547124
"cg23889684" 0.429174861043979 0.0531983756028403 0.0548394213153254 0.0536781135648513 0.0497895015998914 0.0721335753208162 0.115913214843271
"cg16047279" 0.516707650845606 0.32063449054319 0.0558510019422909 0.0584333255546726 0.0626354875139851 0.0837686694732232 0.177293504148983
"cg19039673" 0.592166292110003 0.25749775262787 0.398399028917899 0.0956645420132732 0.12904701942107 0.152902296464008 0.268014239549245
"cg08708961" 0.44037072080486 0.0655427138274984 0.0481985672151701 0.0483660134521316 0.0446735237065844 0.0728913835812431 0.164473345705868
"cg03722295" 0.680950670151874 0.253172622688101 0.520477501302111 0.233333629419966 0.256230544205444 0.164401816274799 0.490126400159264
"cg05021589" 0.508434238166845 0.0810178230698954 0.0612982676637325 0.0830454149750449 0.111207738709719 0.195926302816801 0.39395144541799
"cg15459165" 0.579554677791706 0.324757733066939 0.0665205654683521 0.0839459230114484 0.0805645152996589 0.185105123407806 0.454588245503433
"cg10825315" 0.489466139693115 0.0959835277609663 0.0664506059651229 0.0753485054631895 0.0683369453686478 0.108441432917232 0.329157818966938
"cg07754940" 0.723047938873782 0.326616523255325 0.455592379802389 0.151847176845043 0.32844681677772 0.390924522083123 0.45493535271856
"cg03349397" 0.690776934830835 0.246300346349419 0.0583817700311198 0.243177331471531 0.410119648383189 0.513992492004783 0.491675215167538
"cg26341831" 0.484131679359454 0.130911096749988 0.0639137104139063 0.0658783835421461 0.0489622304888977 0.10002014911319 0.147706856764232
"cg07434082" 0.742176691188545 0.453599607184904 0.0704192729823207 0.362628020467063 0.311576388412398 0.33602386755656 0.537821599725474
"cg20910008" 0.571889658258749 0.426113627834964 0.0558252391953642 0.0583336482069773 0.0721206909599289 0.114616233126577 0.138031293631763
"cg12635790" 0.576258565868527 0.272835379767806 0.0811791349427098 0.113926757355003 0.202091469245781 0.126319121066247 0.254209941154397
"cg27058497" 0.528181107291456 0.160889543598039 0.0764758803398419 0.0616198760427795 0.0481105225426298 0.0969910060702294 0.395355763244622
"cg21221767" 0.547832007859829 0.0994178522334478 0.0559590403895399 0.0774823061392888 0.151563843720854 0.331833682544446 0.295826381643987
"cg17824540" 0.805405392467807 0.57701331812186 0.608356264945294 0.272186993605147 0.306882805925074 0.237235710834948 0.243293194993858
"cg17338146" 0.723405542396746 0.200257273679016 0.371862266847765 0.412453041088805 0.410841607955237 0.193019110853166 0.467404843177296
"cg26169783" 0.742847561123377 0.149083767279306 0.413940963182231 0.446370476826471 0.431937606004157 0.203399908583661 0.549374734242446
"cg08287903" 0.767430904361938 0.505922512573726 0.0809588543410672 0.330457256793083 0.308560829470806 0.336454230134317 0.509818940797972
"cg00324097" 0.675439794748575 0.413020479444054 0.173627507798417 0.0477883748319809 0.0678674929640573 0.38664179945991 0.333061383793727
"cg09221159" 0.691881412612151 0.458316491764655 0.223746812387907 0.0725284100861184 0.0733493572890549 0.17133898974467 0.403793987785744
"cg21761853" 0.617486118757413 0.15465070879465 0.297262115720436 0.0979282739060539 0.0870917440027349 0.160049693716247 0.339235095398749
"cg21774136" 0.860867827256495 0.681527478787996 0.243529620685945 0.221069155127845 0.296812400581269 0.36944986634557 0.347725895879996
"cg04342202" 0.746571046921586 0.218740155033895 0.391457275544771 0.0747458153734784 0.193677319184083 0.317187903954903 0.485777577814492
"cg15535471" 0.798790298908182 0.510218311507204 0.450571420969283 0.118436932910258 0.18254393178642 0.146480643929407 0.272549471626873
"cg25133951" 0.75180146976367 0.448185004886882 0.0602092039558013 0.246183281692503 0.105322160772469 0.135550184728078 0.480766795868452
"cg02368508" 0.815043802874866 0.296000074645895 0.042708596912552 0.41913402467049 0.446142150317191 0.256892835880823 0.525444574901531
"cg03889044" 0.837579006890391 0.474212054045077 0.357547574401553 0.0704918034035949 0.0706009064322842 0.424103624481792 0.46498799379964
"cg00754552" 0.805165709164365 0.137611807938505 0.114476072619407 0.424484021741431 0.396913472684696 0.303017964117016 0.53017905712796
"cg19190593" 0.810665089764666 0.123900129928153 0.056999514503613 0.252201076091211 0.44969394716018 0.525817948508397 0.559492628569103
"cg02212836" 0.721764650733931 0.16333414789917 0.0739203579857698 0.0833644676515696 0.0878762839186022 0.257458142387233 0.494128110221974
"cg00795812" 0.79020133560816 0.253914429207379 0.259555738036327 0.0844794734928684 0.085984703242689 0.420847467442111 0.409261653545724
"cg27051683" 0.911547461390794 0.494315714611879 0.392877889686761 0.0506310635110047 0.0548874349645907 0.45891522950265 0.538209975945814
"cg09993145" 0.722411060677199 0.0801866603657676 0.12643849394115 0.0514339051209828 0.0462997806731067 0.0988551190354395 0.353370467887525
"cg23954655" 0.789256987056861 0.140569251911607 0.0686783890641576 0.0683635513933426 0.0722208412195352 0.196300775757559 0.416406433969469
"cg26872907" 0.918306945700089 0.0890798944285304 0.940967792059551 0.934989734007046 0.930736838649592 0.929918562012765 0.832939295247281
"cg23244761" 0.955458968976095 0.141390825356869 0.965417053280976 0.960776433693749 0.963558062831261 0.960795507855347 0.922475908886507
"cg20559385" 0.848104512655702 0.0876685355357264 0.899877076732144 0.899622287713917 0.901917844189207 0.890244085834198 0.79101500312405
"cg05923857" 0.819839757584307 0.0922614289352787 0.90214148709254 0.858048724894788 0.923904656985142 0.901460504087753 0.820417268062548
"cg10480329" 0.859321631074868 0.133036027161734 0.904267714128785 0.914241240733862 0.917980565903785 0.905082543333688 0.907255448586139
"cg13430807" 0.838750459362338 0.115085993926837 0.872462660391235 0.902688128982734 0.903984685893255 0.883855854774515 0.830377320929301
"cg11597902" 0.173586897950552 0.0477212715455766 0.966943999870755 0.968008183832393 0.970857186156669 0.931808263270296 0.885255623966763
"cg24788483" 0.894058084830344 0.162415588091148 0.914385840382352 0.90941631510887 0.958109383189241 0.940740441549566 0.864394730770116
"cg01476222" 0.84519730760382 0.127689198046259 0.859103008457556 0.909153083660695 0.911874740703229 0.861315655749767 0.864897025664874
"cg12422199" 0.85822494806721 0.098928319637274 0.802009092212844 0.88534212532615 0.872573295033796 0.812539007122948 0.797453460435465
"cg08908131" 0.837398466438684 0.112288518328271 0.875043646305681 0.876248815428141 0.870259722861453 0.851368813791154 0.746168061249488
"cg20610950" 0.551528236798652 0.101835713332249 0.907121152113047 0.909208762433094 0.916479984887139 0.903906863750172 0.85205497970912
"cg16429499" 0.871201891326621 0.0907168407786058 0.646054436212961 0.893440176409324 0.895790802520848 0.86480265116264 0.76298854046543
"cg10278149" 0.727090432856164 0.106911999248689 0.844899783180932 0.896038447580263 0.897858440547535 0.875207989852416 0.779212369426551
"cg00733978" 0.742672778877268 0.107925136763762 0.890549508837405 0.893098504992725 0.884079653309444 0.870651145542071 0.704154809417079
"cg00288598" 0.769416912053082 0.16020585597226 0.943376024598609 0.869734801760798 0.933126434176141 0.912737160243891 0.895714221335657
"cg18066690" 0.897652380417189 0.174626581943147 0.910742623882209 0.907322159325638 0.906483089944544 0.906099549817783 0.856745508297034
"cg22675702" 0.826461264593916 0.130210819245552 0.868791265049527 0.862652483177177 0.866198452717302 0.860339798807001 0.834679238159387
"cg09322573" 0.718774533392186 0.114098923496584 0.875584706704939 0.886199447816516 0.878517395506498 0.859157723619686 0.805020738616054
"cg24954967" 0.763402913121422 0.0976313848476961 0.771243656909176 0.894867536608917 0.890605588843045 0.862882700991888 0.728193006675382
"cg12207930" 0.608444975316059 0.0962014587219614 0.87746428979666 0.891511753222286 0.894796042010769 0.865897292497811 0.76421400659382
"cg04468741" 0.820308342935013 0.150051169992779 0.902933824610395 0.861660585943775 0.887269563732708 0.887610514066134 0.839320683096749
"cg16736889" 0.860140102138572 0.120823108870284 0.782577584744715 0.850919756406498 0.864104581755591 0.849509980343157 0.780667446796525
"cg09220326" 0.697818477136419 0.137563917182293 0.902535167215531 0.901450487417267 0.903134629383345 0.876309765063339 0.815439744018316
"cg00101629" 0.8178641807765 0.15851172558112 0.900568736367795 0.905084681962754 0.906717332363627 0.886520104337862 0.78763091136907
"cg10649130" 0.716839746826192 0.115275304623944 0.849475333017195 0.875706363062336 0.882258060617594 0.867606248352756 0.747974042942534
"cg11186858" 0.43437573858873 0.147864968020732 0.955750577943524 0.969060770369993 0.971917717425581 0.930195115299571 0.923710911248917
"cg27366072" 0.710312784994157 0.130800378499064 0.848303114205641 0.893643849920338 0.890589864572571 0.870315973837204 0.820887054922733
"cg10499974" 0.495103150040609 0.0947351388136534 0.883009601107852 0.908243821283702 0.916254220427659 0.870064483763927 0.724454014880492
"cg24037651" 0.843043278538681 0.127235631291222 0.838682036628053 0.849614757036077 0.86074884289957 0.81099517489798 0.738612100689329
"cg18770149" 0.848103841462793 0.168319586988573 0.893688086327535 0.898499219226803 0.899977340610029 0.863398377500158 0.788073944821634
"cg05669832" 0.858587623005636 0.158600622605254 0.823726887717015 0.876917255605481 0.912496879774399 0.882817473393816 0.785935055237446
"cg07002540" 0.732033413518473 0.124504604927626 0.89520032995488 0.857459409943711 0.885418020586608 0.826249703638939 0.704489459057984
"cg00208012" 0.796828947460521 0.179632873089896 0.909700342906527 0.918516698127962 0.913675244474221 0.883766155386901 0.821960802925818
"cg26690127" 0.731171489023572 0.130833925162346 0.819306225126773 0.86699661158735 0.894816366270067 0.881103228991876 0.764681025093501
"cg22259797" 0.380993559848265 0.08985248504793 0.932363510528382 0.88302957608091 0.915090164893836 0.879928354163198 0.730115940938463
"cg08442088" 0.698512394150927 0.127462674452949 0.872654677600006 0.869881830705268 0.823171923226027 0.85107460058903 0.816325407017099
"cg19835973" 0.879218250275825 0.189782796354564 0.906946928896995 0.883775092388078 0.875143246564579 0.880334489554787 0.86471282767522
"cg02861504" 0.530575679955917 0.116277808728338 0.903425410592352 0.904860548502434 0.911141754741904 0.875752612707187 0.731646682236838
"cg27059140" 0.464125302670128 0.0984448676128354 0.895408675525325 0.885473513481213 0.891994400365117 0.840066222724647 0.78666676670237
"cg02780988" 0.834729647332116 0.140554438381385 0.853657045067942 0.862838995457909 0.845093775361735 0.828754490958993 0.745568342510182
"cg02244028" 0.805053309385781 0.16511670450613 0.890428062541862 0.883783298201004 0.889765321417928 0.871507124364361 0.780709456467638
"cg01827012" 0.881975841131852 0.167192792740338 0.811005018802835 0.89113386689549 0.892147516930003 0.864715564884757 0.777720508677534
"cg03339817" 0.954399383490968 0.254993088110682 0.951813685683081 0.96959060124922 0.968112933224461 0.962097197554033 0.822766574560901
"cg14109551" 0.690722668800531 0.14969022907525 0.905478920549658 0.898038327184919 0.906211152704142 0.885008517483638 0.719124924172393
"cg03533256" 0.681074020897418 0.0966631168815841 0.84762624907148 0.841066908190429 0.838407712555155 0.834732624339834 0.631875675111819
"cg07846061" 0.634937084802993 0.110710344083408 0.864727126457288 0.860025405812533 0.872346140412721 0.824989149683645 0.720063912308429
"cg25596405" 0.603257297803915 0.142209844071784 0.88624049749129 0.913070224451411 0.922256943612908 0.854862581542058 0.793028067126937
"cg09354692" 0.62016637328639 0.110517867802474 0.854541280691464 0.892186779553364 0.897646922720635 0.826914607033219 0.665002798170184
"cg18835472" 0.692052113578644 0.126906722918406 0.846712359121438 0.862300191698 0.870894660554792 0.82862100583756 0.765168656380653
"cg05348871" 0.525075468677731 0.518570281599828 0.150574322352368 0.0782994847796474 0.0759734086522503 0.109859184079299 0.246942656402084
"cg17218026" 0.335260668418388 0.581515264029528 0.386169778072895 0.0728475935098038 0.0827226308606218 0.356344503861525 0.359569500198062
"cg00781658" 0.411537483597567 0.512512557538035 0.21711798661899 0.10409446979051 0.0669530068816988 0.113476187191411 0.219739242577361
"cg11775828" 0.438399560712613 0.616524404991446 0.446680776713098 0.149472106728382 0.191205201836624 0.16981460357018 0.333994049928015
"cg14655843" 0.481733845399919 0.602904074125969 0.301250644703444 0.0968832353271138 0.103415295001869 0.246110000552736 0.446958078337708
"cg10552523" 0.462752418658721 0.508471421812407 0.0689553307201968 0.0633916034729642 0.0641127282113295 0.112934156023777 0.326285282120002
"cg17830204" 0.339922473101942 0.499987079347827 0.154435145897635 0.0734513754073667 0.0767842515755772 0.0965134932596284 0.294704850439582
"cg18728264" 0.389480551372247 0.589431044937715 0.0958216839681198 0.0986708008912222 0.0948767668635936 0.445628131768791 0.441841301698181
"cg14392772" 0.444021461380049 0.507722741891321 0.0534270268595829 0.0559504513602932 0.0553795945349798 0.127725988211723 0.251660042106841
"cg13721397" 0.728639355676029 0.751446762602824 0.292150349003717 0.246484949343332 0.223408422418311 0.471466498545687 0.449395456392795
"cg13027206" 0.296695696916946 0.565493766304639 0.300491959040592 0.0739966993080094 0.0662414760165147 0.188038592352694 0.390236164060087
"cg20491695" 0.737615404208105 0.747149097237637 0.289692166073181 0.331416413784896 0.329523625429031 0.293152888578958 0.363235047982576
"cg26601310" 0.56685043755071 0.569922180728337 0.151081404040897 0.076043773603312 0.0708963186037027 0.117514875735736 0.319912863806821
"cg17635080" 0.459613187137963 0.568248479507922 0.0716343346509203 0.116983463725972 0.07605862760161 0.154521833983725 0.459620138207747
"cg18437480" 0.562965912934344 0.59905611566832 0.170087084683012 0.0888129412804231 0.0938289733902581 0.20649493702652 0.36318089867784
"cg02908942" 0.523678953975144 0.70719224909323 0.348144406680905 0.157505182935354 0.120586161422294 0.512852661901607 0.461385639385045
"cg26509250" 0.112255908823199 0.720454891237544 0.237261265634266 0.479563187522976 0.40875654920214 0.46721129408919 0.551346136105284
"cg04661929" 0.567551924254833 0.605404772285438 0.0975000199966135 0.116608993526094 0.113540867825491 0.200556292885032 0.335835684844053
"cg04444104" 0.638059175720945 0.677298432773884 0.15471330368444 0.123467621577598 0.147415456487689 0.430586286014006 0.340153308046404
"cg05088356" 0.869554602890795 0.841975312828746 0.387231051515746 0.351471683310251 0.311755508943425 0.302374077309426 0.474407670075116
"cg02291020" 0.1131340864711 0.614201996258816 0.640330894980546 0.131682922239184 0.0947248042307979 0.123535983833856 0.207049426581775
"cg11688410" 0.798934287484558 0.802340722060319 0.46796558320948 0.249538334767974 0.23113223739983 0.344577734817044 0.267999209434164
"cg27551910" 0.737270848650808 0.771828223509954 0.331039574766512 0.143398715560342 0.202639034409219 0.442463827744118 0.346637216342149
"cg11977716" 0.413911657476835 0.676913589212454 0.317121677798502 0.104114157791142 0.0720885821102326 0.228936468333663 0.517968213677106
"cg05106502" 0.63476102317017 0.623198019293901 0.11922945938997 0.046596788128936 0.0400076469089937 0.126061571616517 0.249511892686707
"cg12894371" 0.597350436078513 0.652107122447652 0.365827196373022 0.045836932108077 0.0444534950051967 0.0955989452709826 0.183651388524543
"cg07092111" 0.63898188729531 0.6430319657998 0.131597303426746 0.0855407032622428 0.0884568267637467 0.13531307241484 0.19328685859172
"cg22898082" 0.649278704962215 0.752429786878839 0.435598989745609 0.0948955655007729 0.0971765756678936 0.205828943658022 0.458034595531892
"cg00912580" 0.689901183440933 0.772438663303691 0.0560752960251522 0.259868432541463 0.19189550613223 0.43576985682224 0.416668292116709
"cg24957609" 0.557685591753695 0.770764441805653 0.49366086532905 0.180818617726662 0.108886354153121 0.14900956539293 0.50033047100772
"cg05132828" 0.708106840022207 0.705887476931588 0.269684053216857 0.0789642849011151 0.0820992569901303 0.149931154930506 0.276478978305014
"cg08224785" 0.151978494040484 0.762781802070576 0.4205672390398 0.0964261923427115 0.113964672983042 0.717353608899103 0.51057192013796
"cg18825221" 0.637722932014879 0.663864497733347 0.0997771575447726 0.0442604092152214 0.0452408073722197 0.179406730986673 0.319931316792679
"cg08462055" 0.547211494593537 0.645450742433077 0.0899704104069352 0.0540601412259063 0.0573951614808059 0.114811561832362 0.317716907687486
"cg17494034" 0.763291829058655 0.750700292035695 0.147055368550848 0.0794662457609166 0.102697954780035 0.306410002581073 0.375764328172323
"cg03289764" 0.846082806369983 0.860612999818406 0.424210415752717 0.29809443563045 0.220019050761045 0.21561239643357 0.323248117941333
"cg10578938" 0.181725777502288 0.66437858985672 0.201490016462691 0.058575582683077 0.0571425407624061 0.45272468498944 0.292717084788081
"cg10639435" 0.51378661388705 0.820029124288129 0.618229560033297 0.124286018738975 0.156121407425625 0.114413868266313 0.493764544075851
"cg23213217" 0.169684759456031 0.818126984819877 0.646989123268602 0.106161366650464 0.104263275340309 0.496739823794267 0.548213843237722
"cg01849093" 0.822905765465204 0.840694971061871 0.278070615476386 0.214640316643709 0.189255460824874 0.178158869778015 0.410861140613204
"cg14375890" 0.778702533033398 0.813650483609113 0.371126455013093 0.043852017259553 0.0628824220761823 0.364032558982844 0.284981613257236
"cg16108580" 0.762884713264604 0.755677670259843 0.118102292598453 0.110046875528284 0.104923730913685 0.169963699535322 0.288099144734338
"cg12609063" 0.685951921853795 0.807070908887119 0.4769048366123 0.0696353790673234 0.0797646536206288 0.121231099188197 0.396731978124857
"cg03961551" 0.830186084223983 0.817664023351554 0.343124108344873 0.0749526573347769 0.0769787897670243 0.162223771650703 0.375579405221362
"cg13554018" 0.784053343544804 0.777876502321561 0.0505228973455334 0.0977872301866044 0.0828914190713954 0.128452114797767 0.449158488735605
"cg04722215" 0.799048100273416 0.846752479794076 0.357472057994465 0.0637863627183639 0.0671917646312592 0.138081714569388 0.511068099823037
"cg14165142" 0.839453188203892 0.827192916615792 0.268749098398446 0.0568004592984356 0.0581107885031531 0.257250194696569 0.255607180583343
"cg14441276" 0.797661183112707 0.802414781248304 0.0618455154639005 0.0652464223409734 0.0712048932692601 0.173607148485501 0.408735345641897
"cg19097880" 0.729319653981721 0.78797549281362 0.074234534583779 0.0624003788840411 0.0628214771855697 0.144932908529646 0.26099281317512
"cg00446123" 0.923276204282127 0.880195323743895 0.318567895477833 0.0599244667649231 0.0579171126064045 0.121107969298464 0.221246463269039
"cg17768768" 0.951900483920066 0.949977728601502 0.0392029388563053 0.95717649143088 0.958366718972514 0.949165165318947 0.900864196809763
"cg01598421" 0.949381379873635 0.95122428021289 0.0464138185637955 0.945517587622327 0.946546619007858 0.937439608233571 0.859208562038573
"cg06603309" 0.974075485381998 0.968072674534736 0.0487249378744355 0.911948228298014 0.930871156867005 0.899379064275074 0.853950101484515
"cg11699517" 0.932851320832643 0.95065604648358 0.0728350618059171 0.972597613719429 0.973800714168306 0.968801285060389 0.904109159417426
"cg02212339" 0.954054129059432 0.95408429638229 0.0539467745029142 0.917774049557011 0.921828162926619 0.951049627315625 0.857602594508972
"cg25131632" 0.937166692084457 0.933628700605815 0.0537691487984032 0.939344581382391 0.945519190027632 0.936323478045606 0.85875820787447
"cg13738327" 0.961953922034722 0.96011666266239 0.0838374484909725 0.966513340795056 0.966072860091154 0.940985824086164 0.913368218077628
"cg19276014" 0.961693053008122 0.95859866185663 0.0948946359679481 0.960335839122955 0.966153104152698 0.961173926316162 0.923317016654159
"cg14482811" 0.946571433330208 0.936472143886281 0.0716165349752292 0.957143358281498 0.956450239253432 0.900369913778672 0.865988481884831
"cg00464927" 0.957457613539972 0.939002818397675 0.0849830281270568 0.954302237295037 0.958146899654602 0.921219584768547 0.903811235110096
"cg05484949" 0.947704211105716 0.948738227466076 0.0909239521574498 0.951042174758628 0.951609916416197 0.947605202204217 0.922832142380005
"cg21248060" 0.946351980471507 0.934106231590331 0.0419221666070836 0.933202518949051 0.904118920279305 0.711555162912775 0.86529425708379
"cg16210395" 0.906510526355757 0.902392298918064 0.0545312687236412 0.9183282749293 0.916436760031501 0.903646151558152 0.807367257304768
"cg25096107" 0.961848704666931 0.954494942966726 0.109114922483371 0.96123995542573 0.961957026489947 0.960785182966847 0.865468056826724
"cg16586807" 0.907687836885327 0.905636852627942 0.0663179435569285 0.910759046572628 0.914641307273855 0.910384529012447 0.874210013730001
"cg15348679" 0.919550323787414 0.889656931304565 0.080705656797677 0.944167142713014 0.975845931973496 0.958247007101645 0.796044047863775
"cg01024458" 0.920772267588359 0.902300904474528 0.0563796344542124 0.876342312039894 0.898244093727067 0.866837972725821 0.838397841491172
"cg26438284" 0.889963992244267 0.902132747050936 0.0524035269123124 0.9014892806967 0.903472029324534 0.826735662400336 0.832563400872541
"cg09201499" 0.920203721912281 0.936895804781115 0.109506576086502 0.945466294294714 0.95090189837633 0.937243942124023 0.940182774049599
"cg16411445" 0.96731943010511 0.963320683994929 0.13366022859565 0.968781611473993 0.968149966410961 0.952484546784421 0.888029834455525
"cg11661493" 0.87490541364243 0.869284876569592 0.0544092532584792 0.884097565450136 0.880932154898838 0.881996820773952 0.85224203592301
"cg14066207" 0.927788315624586 0.927716438380123 0.0554264981012948 0.811316046659665 0.822136325549377 0.891452205120908 0.80706125416017
"cg27106643" 0.918400635144274 0.914143478215893 0.0734701021398365 0.885114271640139 0.904755731121734 0.873468781570257 0.787890298118558
"cg05205074" 0.897272387429439 0.877091731802068 0.0648867954994432 0.899580385226761 0.902694202703831 0.880715485605664 0.792731980859889
"cg26318872" 0.89742583803347 0.899018947170483 0.0821872112182198 0.900582793844033 0.899058904797704 0.892778622400169 0.87496287365279
"cg07721872" 0.921757167371297 0.910271132549618 0.056550105489169 0.78398816831574 0.843533497494668 0.874977698946482 0.839355174747191
"cg20602300" 0.894409338104064 0.89300729012427 0.0786459456537762 0.901938263999524 0.891558697863294 0.896802863483902 0.858173126537798
"cg15235922" 0.840234995989351 0.855700520733168 0.0529057635592519 0.901459423923996 0.892252218915218 0.874448158793276 0.782434735831021
"cg01868869" 0.900863227214879 0.893007880458485 0.0831434670494102 0.900709730529691 0.900115978380818 0.901070217041001 0.82665624720694
"cg26552743" 0.87108957303926 0.873096160980832 0.0608572865037488 0.898246420029359 0.894273795640073 0.868901017339387 0.758611623841715
"cg00760938" 0.875285165654702 0.867633905927088 0.0512969464099883 0.886357258919157 0.890070083521584 0.816599079582292 0.766397950002622
"cg17634650" 0.896273469889699 0.890388373443749 0.07712114876101 0.905386739183338 0.911017000524958 0.839097943351722 0.807532420325678
"cg06687504" 0.900742794995781 0.896736313353606 0.0911724556187144 0.905733965828433 0.906496988244574 0.898266808890634 0.837795934976092
"cg01591579" 0.937561918750748 0.931893395630392 0.127716288677095 0.93641186201726 0.929381757460909 0.929405236025458 0.902888988022359
"cg01869288" 0.874316918734895 0.857025318806546 0.0528243845305252 0.875542602660316 0.875623702125974 0.839600366540177 0.764433797216385
"cg17995557" 0.874830595628663 0.864055648405481 0.061507019958615 0.871792589979165 0.867685989924911 0.826835419265217 0.83464813832983
"cg03131366" 0.895385010423974 0.873364628185585 0.0897858223656095 0.912727992584646 0.909133106457862 0.883216294058579 0.847594362296296
"cg20666585" 0.89242764338921 0.877653520529694 0.0749022913152637 0.884644415627344 0.892178581552026 0.827991639775041 0.835473970738484
"cg13283094" 0.887131661237657 0.895079373624215 0.0885585610763765 0.909412644673147 0.90052733764683 0.875212977034735 0.81112879523786
"cg07841371" 0.911155587902492 0.909761531897137 0.112834125438571 0.904750557781679 0.909544559094667 0.918229430028337 0.888893341820936
"cg13356455" 0.879473195850891 0.888141859017729 0.0755230146835891 0.906804784828573 0.89868580951726 0.803016524537099 0.806572470095937
"cg03860768" 0.866840686475757 0.876157554536641 0.0610676404593495 0.869592889686139 0.853043489459515 0.864265787453965 0.76115902741689
"cg07435215" 0.793963304161428 0.852467611522531 0.0561946893134573 0.886103581796037 0.884895467522379 0.861111693537996 0.810216843437161
"cg05524458" 0.751618535741527 0.857443726682866 0.0480582718746521 0.892091327839659 0.893982234409042 0.865162249467171 0.762829852797732
"cg16148346" 0.874323857094338 0.861820409830458 0.0716295203689293 0.877441979427839 0.871414800032804 0.877515160700678 0.798126929443751
"cg25683989" 0.870202486395084 0.875080354865652 0.0734029031960853 0.879601306703771 0.889344691205986 0.853644890196305 0.760503383395202
"cg15532942" 0.878368904717289 0.886788242089691 0.0816011165877994 0.894486519842549 0.888492659150627 0.856277246587288 0.763425146390986
"cg00709979" 0.954144599786896 0.909254338501115 0.134898786263018 0.912872034977253 0.903005680064113 0.949667553536317 0.898937188209405
"cg03980424" 0.905799445660548 0.882545678517369 0.103842373483245 0.901831585407218 0.909390180458128 0.865980566485572 0.865357382163659
"cg08842021" 0.85787788389285 0.879831769496536 0.078569745429047 0.909424333380129 0.898425557245177 0.838990413200998 0.754569439090061
"cg20236089" 0.243471053681586 0.0963551441956431 0.712863639026705 0.179549258206167 0.144206299507747 0.0903048916530739 0.172638725956998
"cg11485012" 0.749998864586369 0.108977503485763 0.832232049412269 0.157636941429239 0.127922007847321 0.160876708026869 0.421119986594482
"cg10168457" 0.0907626662738179 0.227945721270976 0.786951130204789 0.140277247675661 0.213052040836524 0.440392079922518 0.234050903119471
"cg25616055" 0.0511164478236364 0.0921312520062887 0.660733219710258 0.0481099686541254 0.0466831650622789 0.0736227084482731 0.270683554869356
"cg08446038" 0.19200775276008 0.152518572099676 0.826334762207908 0.15565528529842 0.261488939522403 0.577990586272693 0.337341316936008
"cg15354065" 0.434510756847912 0.0913358794345659 0.828380632140042 0.0848324575139337 0.111519433247279 0.701750216093352 0.274704262976518
"cg26427498" 0.059411387489631 0.0782253957816988 0.843016383652395 0.339744529656142 0.349725947030426 0.542886437183151 0.478867756408005
"cg07093324" 0.0899442922656092 0.154613047546632 0.84910254488353 0.222741939594733 0.304305049403649 0.530563429096301 0.519331506219748
"cg00874051" 0.0694411754880267 0.0949739200793022 0.894190345085289 0.566537578324641 0.486170142298719 0.371174822234122 0.562884791070744
"cg03889263" 0.0885518707918417 0.105730954552902 0.752458086440243 0.0905355022174426 0.102074516367038 0.567878349860774 0.182631075213896
"cg25983531" 0.107135500233953 0.124076091554725 0.833595747734691 0.436781282929174 0.369150851924653 0.144021021390753 0.506402968595332
"cg20317872" 0.688356459657795 0.419036454930417 0.909050517788991 0.0456281256071032 0.0786731422250913 0.143976291896474 0.5263591933623
"cg07249939" 0.242053507395519 0.239474309733218 0.836182025044388 0.299157188939884 0.268407759203027 0.095393610817278 0.415237223413768
"cg26366091" 0.0893426238165781 0.0551976284912326 0.771431139266871 0.264023222938859 0.321030020961268 0.164331584642645 0.408423140445429
"cg07725527" 0.146101362358413 0.17950923034025 0.774895546636788 0.145310045829953 0.140619201286718 0.137340452724537 0.475044641628204
"cg20025658" 0.135910423643199 0.260738921496069 0.734272458969325 0.0649020964147638 0.0634994653315812 0.0783256788538129 0.206394204773891
"cg22729539" 0.0575521864183082 0.0643860498116423 0.809483555374813 0.213778506344023 0.28852961049044 0.732998808270072 0.131576919209177
"cg15906007" 0.162880180409672 0.32672463906435 0.778887461782011 0.108667731493511 0.12945025209635 0.0971129498367297 0.183308578994706
"cg09076077" 0.100070716097104 0.0891311381337821 0.863037028634695 0.549908387548572 0.50191717008249 0.0796195804507366 0.503743188166128
"cg27492103" 0.0938744673536553 0.394625504750632 0.85669053764394 0.104487648538469 0.0805013940697394 0.433127614601099 0.426975538239028
"cg02691035" 0.397587558992565 0.377364756991282 0.946333560028798 0.0874992633695884 0.0350950220956846 0.762234125105116 0.478387491585691
"cg16301004" 0.0779191273996995 0.112909720994859 0.892275326060773 0.351114911455719 0.50290961333402 0.453851460115623 0.526680886190937
"cg22286382" 0.0970776881649956 0.246962659940866 0.778539395052356 0.0805971029753824 0.07814217093684 0.133264715664236 0.431750696823664
"cg08698943" 0.34750038186853 0.0938945546468402 0.875094016454438 0.178265171385918 0.365216363188919 0.399539530481744 0.4556975870389
"cg21278103" 0.119459768234986 0.140843493011362 0.895396234641649 0.440482798895875 0.452815856033121 0.469376176754282 0.278660476842984
"cg07859439" 0.123877232032377 0.165533692658846 0.807148887182752 0.0879005936379254 0.152711333530222 0.596111613911255 0.111738885855158
"cg03272225" 0.050509718821424 0.0795354911509118 0.699398225631248 0.0484936739432802 0.0481920701630268 0.0511096380791449 0.298981106089758
"cg20450123" 0.0739057211833493 0.176881259856876 0.793238191148198 0.192629530669806 0.214085656437712 0.0779950766673294 0.357421415349827
"cg21291385" 0.102202099725617 0.407761371017556 0.854748198837225 0.0667231519740243 0.0781712849572729 0.156442187463084 0.482610753041395
"cg08682625" 0.0746805260336228 0.0828760202254857 0.784358597849321 0.0939721823761816 0.0976121371950809 0.404613913554424 0.331679022732566
"cg01054402" 0.105534947856405 0.267364344943905 0.871765039246948 0.113459941449792 0.140538166244319 0.552630296649915 0.329174223989449
"cg22446709" 0.0534810742210085 0.0680760286167495 0.697451656580316 0.0640010322838813 0.068205893746378 0.0690163564000679 0.0808455653459815
"cg25518868" 0.0668330392918399 0.0681456966401516 0.805669393737497 0.12279191414892 0.177279962292443 0.219147284052436 0.511567275219187
"cg20541456" 0.040872117755605 0.0714114069451204 0.784205912384102 0.0453023038167299 0.0663693182604112 0.44702701667133 0.318383396071909
"cg23792308" 0.0664221206192011 0.251057451191117 0.76798100143723 0.0627652623114749 0.0682041122592114 0.0785458029043476 0.117210070945828
"cg09300089" 0.066320107961282 0.0702789385636838 0.839477207029246 0.37146694176641 0.217356529505199 0.0880186104442276 0.478897496108211
"cg19268695" 0.626085763657202 0.173709230302914 0.890672667642003 0.0473829627460467 0.0585054350954228 0.120597397742562 0.45070925548513
"cg00902153" 0.127174939086487 0.0734526375120044 0.891110558918327 0.165948619594318 0.162414050890198 0.72049024460666 0.37845744303425
"cg00619207" 0.532874528141447 0.153225113669315 0.874146042657061 0.072335449476137 0.0769889586877013 0.127546202358413 0.407996190934892
"cg01156249" 0.0564966175977099 0.0754517737443213 0.931173432766115 0.335756288799426 0.217878619236195 0.638116787683775 0.525201686956021
"cg00058449" 0.230066778716605 0.276100531075324 0.955315683465291 0.356796256921486 0.271185192558525 0.0709373899935788 0.578648567190934
"cg19269039" 0.456253025101549 0.196218962765525 0.889569362099022 0.0476512442591764 0.0623600606598835 0.110748303022599 0.487913349047222
"cg23357708" 0.0823500337036037 0.0694738112528378 0.844495988638514 0.135781022207212 0.167966787370514 0.161133317558535 0.300759193542
"cg14317609" 0.0518386596741666 0.0623944065356725 0.798523085772424 0.0671475074840713 0.075028835389156 0.0551146002234858 0.0821281048660989
"cg07635227" 0.0321087147180941 0.0390604217831557 0.907663763549278 0.160176344481083 0.105940034579275 0.470860344095239 0.390261266959007
"cg24641737" 0.0878760561470053 0.0724243599548174 0.857530326964826 0.0675155820853403 0.0721501941003025 0.0728188032957655 0.366583053068265
"cg08864105" 0.0608406172213673 0.0705681030374741 0.914822335828896 0.176179886800228 0.207312784133053 0.0910762876812697 0.371601449012385
"cg08560387" 0.0458496145309291 0.0470748121617502 0.870558897070373 0.0863839312095168 0.055346805993072 0.0454367478654812 0.265736097550795
"cg02606840" 0.0629742074541802 0.0929851179674626 0.902303363121157 0.0493336173398311 0.050145752806033 0.0585122145558476 0.34176956474059
"cg03429643" 0.0665749145419732 0.0613184160705217 0.887338523069253 0.0607562481985831 0.0601974009618835 0.0640910841837898 0.234425261594653
"cg01154505" 0.968808413794583 0.952170179442033 0.800157227916635 0.0459543171592467 0.313673518185878 0.966424567391946 0.647035591649926
"cg19001909" 0.965651013454486 0.959540506407529 0.96885053392128 0.077676412939025 0.161915145447303 0.942952404145328 0.768963959437129
"cg16452866" 0.955373208272455 0.949112022040583 0.95576213886 0.0716144334617839 0.123309025183319 0.957169081088935 0.645241808982034
"cg07679948" 0.955089922059653 0.952392280022754 0.956651453090319 0.104457346369583 0.257752593713913 0.957951578073783 0.705618262992798
"cg07110949" 0.956072094560793 0.946413351225128 0.95716727835251 0.0845331287308223 0.101121339284188 0.919493830369464 0.7542613521371
"cg00366435" 0.910148114888411 0.901119127967296 0.919508700120588 0.0555097074692826 0.233337545235482 0.888093080168429 0.542266057570713
"cg11848483" 0.909947959784369 0.906531102209833 0.913281203985938 0.053323724319571 0.101198699688849 0.91305869991487 0.556589735507816
"cg07970799" 0.938657948921805 0.937501838665556 0.938024903590508 0.12779090480934 0.569846503430317 0.734976564300328 0.69593315052245
"cg07133479" 0.836674681005844 0.86185310790502 0.891959834666093 0.128579177575671 0.642144808945913 0.842250411032464 0.671731615758487
"cg07015803" 0.940589422426864 0.926340885648083 0.953159317390209 0.116540630647095 0.168371557509705 0.95225114763086 0.617959773393577
"cg05705140" 0.904977592966994 0.888224358938381 0.775896504756633 0.0767785890559557 0.297151380433705 0.848847706709424 0.517173610634708
"cg10240150" 0.863515107937155 0.855084396457442 0.90208957624662 0.0676734550830024 0.217575843532016 0.814305786944778 0.532540557138536
"cg24662823" 0.901979870908058 0.894391424778119 0.915388566301555 0.0914259671246703 0.285837775445249 0.732132837556494 0.582220307307723
"cg06915826" 0.878230856191197 0.862676367764373 0.877799365258237 0.0759114612661934 0.131810235698281 0.859317141488091 0.613035038260306
"cg01490728" 0.840912861760812 0.84575805393816 0.862407030852076 0.0628510138399954 0.214443986622984 0.861160355226009 0.455959287515912
"cg23357533" 0.891646644314312 0.878071761475694 0.904098056831031 0.136566742719762 0.370309931442835 0.88604848173757 0.664067785782128
"cg16775598" 0.883249016440362 0.872654457185932 0.893791907031995 0.0924986234956356 0.183315440088787 0.869363880097072 0.551553005310768
"cg10558740" 0.886572754711949 0.874778679408696 0.908683478483186 0.0939520572038997 0.137249627907011 0.87431369477654 0.580914751844388
"cg11157440" 0.860022713817109 0.862121195216001 0.903912443370024 0.148021767890359 0.76981476508026 0.850182566483702 0.355965072995846
"cg26166854" 0.883121404402806 0.860841405633986 0.889029311603384 0.11455812410627 0.58572051341222 0.627578247058941 0.539151867568275
"cg17458693" 0.867593938522271 0.87213793674199 0.879735179219025 0.0616039810714008 0.116438056717463 0.668050671943829 0.594984673724039
"cg09695307" 0.871616088571638 0.874378692143298 0.841659554701784 0.0720625106235619 0.164691297741866 0.818278561189853 0.484668145536834
"cg17991206" 0.865064523820257 0.870725108373716 0.846319725646856 0.0871919782137878 0.270228447170412 0.787439422158721 0.524718397314446
"cg14136214" 0.866222627739049 0.862716384279325 0.815054809439784 0.105329865218836 0.217850181815427 0.859977716812787 0.669602269617992
"cg22978477" 0.847132681919188 0.837841216985011 0.878640667353982 0.0732704895090376 0.120327820204614 0.812462878732862 0.559822067213202
"cg05074138" 0.858077552563262 0.854400710743694 0.858335732875262 0.125839552537819 0.393631615908658 0.846727865307428 0.612121744076227
"cg08639389" 0.895746466012024 0.892961997453054 0.877179966611553 0.11439927896647 0.174231803938824 0.831348610645374 0.622887792853006
"cg22668906" 0.870097690656971 0.866892532135865 0.828808858849185 0.0968877260599664 0.232356007230924 0.797383465768467 0.589773272667266
"cg17220933" 0.879459224935628 0.88782708304562 0.910338228037603 0.133517400561985 0.266882440193648 0.858588631779961 0.607708789799248
"cg11710595" 0.889673146297107 0.875494938397176 0.914501507445934 0.190509623960703 0.683564430333337 0.868243529819192 0.591111023774081
"cg09526469" 0.87639927736927 0.867250365761327 0.742702631796606 0.0789175217980642 0.388808401613447 0.841800285889824 0.293163610109808
"cg21254135" 0.838321862446978 0.833643045003121 0.854109439350454 0.0842898128221404 0.232113750056513 0.811722279402215 0.53565163873464
"cg00017826" 0.949244864233362 0.933111107114607 0.935378670787227 0.180133946215352 0.308401864072455 0.839837185586381 0.726482750906534
"cg12353788" 0.862451290485735 0.8604931821204 0.890088069557966 0.118291456282594 0.345781928820223 0.874401575572141 0.463611636354558
"cg16458838" 0.893485816607502 0.896091436073676 0.908031757470353 0.155137126576392 0.259073583746166 0.893808686190461 0.67787782914279
"cg13651908" 0.841019988288002 0.81394581939618 0.87686200601212 0.088763922358686 0.284967956916708 0.792425696626017 0.493863334555144
"cg18758433" 0.889886807283396 0.803503449491528 0.901262838747507 0.0710847597859363 0.121820965985781 0.688597960940155 0.580777074068846
"cg27519392" 0.866484766527388 0.844213089675481 0.87961201683873 0.109994344770345 0.231903435192352 0.875531544867934 0.51590449673568
"cg00620024" 0.903937906947445 0.891799522265013 0.900541493473343 0.209530015646051 0.587010163636724 0.885642748354722 0.724805683438022
"cg00103299" 0.84948140439303 0.839352367169216 0.789852719104477 0.0927286350870991 0.279663584492612 0.77697552940646 0.576191085381167
"cg11840035" 0.884647974396683 0.877724000779232 0.889129583991506 0.183784050577128 0.514296439130971 0.863274934783418 0.687470046364889
"cg02072492" 0.899268779090633 0.902167088527875 0.896481169761343 0.209922790605375 0.623363668284629 0.894328462371011 0.649052110298191
"cg17223520" 0.876512507848296 0.866685370151996 0.865993573165442 0.108198602042825 0.154048844601986 0.843953374454686 0.537480133573087
"cg14671926" 0.865432978504548 0.845395657315359 0.883059718881442 0.102056776358437 0.222444693673244 0.684488733898479 0.617197617145802
"cg16675872" 0.906312259412369 0.899168995810875 0.868436824390291 0.14087103827068 0.169196939153382 0.865904307301275 0.624590105257718
"cg25599673" 0.867300936031317 0.855060221232704 0.864503024025384 0.136916122499976 0.265559505956098 0.870774708688733 0.614188812284411
"cg23468927" 0.872280050810046 0.879221789959438 0.890636904005183 0.103181366549692 0.193325563619525 0.576770495739199 0.660852570922365
"cg21747310" 0.84548233689135 0.836615763161805 0.861600836349348 0.139072962392052 0.445981729593564 0.798927884177748 0.554192244332597
"cg17551891" 0.90306166891334 0.883405120085573 0.940220614180652 0.261480076633111 0.867049958475687 0.938073119064405 0.629545338837501
"cg07930752" 0.853795155030841 0.836280129488905 0.871220533079787 0.150260289633273 0.433499844215787 0.864467390736354 0.546109683894832
"cg11525052" 0.0697476489797422 0.0831776748678032 0.242809550412737 0.527247245165506 0.249712387392262 0.0929091784965296 0.297670300003627
"cg19276111" 0.123953789007142 0.144183418183147 0.178571483935434 0.575458059727696 0.517763882115785 0.050236985945854 0.293134415117561
"cg24002003" 0.456497553823183 0.115022257302463 0.101797821506156 0.589325971475482 0.208515535134424 0.131837154759779 0.396724171783465
"cg04264075" 0.121484091311391 0.104514394895872 0.201143268304176 0.579469267594612 0.461299540207629 0.143764786382396 0.347614487292407
"cg27165456" 0.177465157962508 0.176433036852468 0.376328523004962 0.677717711237334 0.593841904086001 0.301838449969749 0.339044015007731
"cg15812586" 0.0723988955566506 0.0692146275564464 0.235912320212595 0.57595350570763 0.518232653438361 0.167114204582101 0.303315510227494
"cg07196571" 0.0884936367966812 0.096711405330469 0.360368928196189 0.623476441213765 0.366004506307996 0.410906224915986 0.33287190056084
"cg19473529" 0.0508280467700806 0.0475676318831525 0.0484145893067053 0.443402202972422 0.0748055968858273 0.051744765364681 0.160136301139191
"cg10204320" 0.0662431079577468 0.0667989613255997 0.151978055263754 0.56441079392492 0.470917326998949 0.261684761842804 0.236289288690925
"cg10761804" 0.060707453149367 0.0757893546050193 0.089862360454585 0.534071024199365 0.446843692982162 0.089056824791481 0.279486072755476
"cg24702826" 0.181560222693618 0.122342791664375 0.0963803725377837 0.610345822762756 0.403824481039579 0.344329810602107 0.353857409253431
"cg16022904" 0.218054166643182 0.112210790488648 0.1890670392327 0.631921115902328 0.500337988174789 0.193241816335606 0.385765362018388
"cg01888869" 0.0582772994962924 0.069316094735885 0.414835346188881 0.56019180458487 0.24943724465987 0.0561981712560677 0.238067063406403
"cg03116182" 0.0572113260862782 0.146049218295388 0.117439002724512 0.599542052150981 0.573360950080869 0.125378315011783 0.296743577298527
"cg21268578" 0.0610886017786739 0.0518595599843788 0.136594150576584 0.539847194940881 0.343909590313521 0.059659909483303 0.311329744521242
"cg18865257" 0.0918314274229754 0.109060969528632 0.167064498591649 0.616858293087263 0.535273668080832 0.286009288055901 0.234420919819883
"cg01271455" 0.238951469269655 0.258006990407857 0.241642613497881 0.713888568409956 0.505267814770817 0.303889605791344 0.394894755269834
"cg22678754" 0.211487080526728 0.170596011041398 0.170280244167299 0.707771939405383 0.624221364789829 0.400141893925967 0.411508462886866
"cg04384810" 0.261058593407938 0.215239315818261 0.295145461260069 0.691655407927978 0.59155801828078 0.0628370830358415 0.347899818054784
"cg27166581" 0.121532649279538 0.10271427901206 0.159166931424337 0.637584895440937 0.59666111347797 0.256713689951246 0.292288183855179
"cg26579986" 0.0261756090240116 0.0269869825042694 0.0378881854331812 0.527384427092093 0.473853809461732 0.0582531207563571 0.19693008194516
"cg05650238" 0.130375331548994 0.0824242847174162 0.131800481043774 0.635011885532685 0.577999719293371 0.246973829315114 0.357277607051297
"cg19766471" 0.0792324938016002 0.0793005012624073 0.280507403401002 0.571857388907787 0.270427641829147 0.0884920960127608 0.237370356384627
"cg10785537" 0.325362933655127 0.333361405171025 0.270611369333552 0.775819260443414 0.646304138616633 0.205300609589649 0.450386593986798
"cg14086692" 0.182504019323469 0.13884366043337 0.0600790285731718 0.668552064129874 0.519791901111276 0.432559608405784 0.356849753399972
"cg16837973" 0.121636734187294 0.0956106569196519 0.124563300230166 0.647610043862749 0.505056634359357 0.246581346799409 0.488456148853557
"cg00026290" 0.0386769921264681 0.0387856585927145 0.0380034674251359 0.555581399589449 0.511795824326341 0.038664703511145 0.259386411883157
"cg24904788" 0.0456566487579896 0.0566463270381522 0.0444413441292172 0.54810741817556 0.369772325807016 0.0435461261796426 0.28417230072654
"cg09895920" 0.222845692764597 0.252207370710725 0.252959463944574 0.753281799069984 0.620157512904992 0.328107510132721 0.377783174196327
"cg00818106" 0.0849441844434073 0.0884638463104424 0.198987820766566 0.630927784392978 0.523050498300474 0.123541162378274 0.345138634502402
"cg03766174" 0.100572840628049 0.0881114563581521 0.0983253379693617 0.625297302983659 0.588927435327961 0.126822051997246 0.295055006185556
"cg23019886" 0.0905550475291599 0.0665487299302492 0.0995740506513342 0.640800507142582 0.541470604968013 0.26379376735833 0.312088309297104
"cg00004667" 0.0636501387101086 0.0653320806491651 0.0543390373621362 0.640062072731638 0.553358821144653 0.280058134752848 0.359539320205755
"cg11859584" 0.0810763996435317 0.129099256302757 0.135671197322884 0.649115510519383 0.476718886391344 0.23251667452269 0.27934796636237
"cg13506288" 0.0788662244662406 0.0907072761871428 0.234994131300491 0.641064147135728 0.460296447038556 0.0897870766059669 0.354042710075648
"cg25306006" 0.121450457822262 0.112329996052075 0.102792424783799 0.67278333198765 0.541723727403403 0.229462613848689 0.381133263696963
"cg09763644" 0.0982541472167329 0.0726672419276073 0.0574273418542427 0.628729503885483 0.446733608064437 0.102101267203159 0.406240585087392
"cg04416898" 0.272321622130938 0.206727256727517 0.302651777272522 0.768361989267934 0.571654578228339 0.174301557947489 0.434503230405406
"cg16144883" 0.30019014124465 0.274971976550717 0.342684578227919 0.899666142716944 0.803286329932931 0.484061839497959 0.605136922724046
"cg10099758" 0.196325991937278 0.0896344035293394 0.138168742512686 0.708229550574053 0.676644200190461 0.0933571370727824 0.329703511376345
"cg27058988" 0.046604927890423 0.0454298401339107 0.041691666282339 0.705099412981994 0.564981220410325 0.225336407676699 0.299978135821353
"cg27027151" 0.191595959328778 0.183844910773577 0.0620470323744332 0.754064826805187 0.475149061745486 0.141176203574843 0.362616139553244
"cg19628988" 0.100388415341939 0.0648384831977662 0.321963354521612 0.766188030683859 0.695825865486954 0.0813168762540491 0.289969013214464
"cg14181576" 0.0416345223783704 0.053181507272375 0.0521174152062954 0.745654595963032 0.684300706046583 0.0898973304912973 0.347830694032818
"cg07785552" 0.0647537729794165 0.079266871963928 0.0561835783187989 0.783077617419728 0.652265720558399 0.0906956699626465 0.460354284056257
"cg20455854" 0.0352924019968824 0.0752421371438189 0.116308054096083 0.791330686223674 0.660820681288131 0.0373766333281464 0.54505768005326
"cg13448978" 0.0330856284409335 0.0497858382192654 0.106299597721864 0.798276787725994 0.721484498666755 0.160345606593223 0.442240260195193
"cg25729350" 0.0861636339667992 0.0793110103318263 0.0764005034493576 0.801419744497726 0.697383382523076 0.159485891121825 0.385017697579178
"cg07598385" 0.0231975863712574 0.0401754779188749 0.112036715563575 0.748991530035824 0.60245778866438 0.0218996876189075 0.341108673624463
"cg04742550" 0.033190614042074 0.0384171707783396 0.579698335250391 0.851841426813561 0.409513690783262 0.035468628518207 0.342870156362648
"cg00219921" 0.87477381602868 0.885699668499878 0.893943620091668 0.748519455555431 0.117503660894436 0.836195862707142 0.754136640206433
"cg25939861" 0.872118667887054 0.844490873139282 0.874149835060294 0.648170533913066 0.0609844185288557 0.651742862442677 0.62777544290553
"cg11531557" 0.878520378622297 0.868685943092579 0.891780920670057 0.74867148508364 0.134968000264988 0.820412334194983 0.708205389356792
"cg02324835" 0.87310404599043 0.849509690815557 0.892132341324848 0.510064076286121 0.104096276922662 0.752135368327486 0.729892853330145
"cg04394724" 0.900009573424262 0.894906336756535 0.900117295907466 0.781799199891181 0.172698108222896 0.638987450239803 0.788345803475508
"cg06419846" 0.951704525025889 0.947285670393485 0.960456669204964 0.886328068509713 0.268528433448508 0.951842215786541 0.802348050583741
"cg18483549" 0.872935895755077 0.87474168348522 0.819168316482663 0.544535016969055 0.131954436955776 0.880392968488862 0.641294988086401
"cg02598071" 0.872745100524873 0.861214256572719 0.89240453816109 0.395727534913755 0.125181216141233 0.865424651696682 0.672174777830806
"cg01002223" 0.919021650260682 0.913277057557627 0.921227134763455 0.817440223621647 0.241780883997351 0.92281006019422 0.807617217740715
"cg25535316" 0.856396763037444 0.856498643699852 0.873655070947681 0.603167113540363 0.139884315060038 0.784978236025025 0.644366657462962
"cg12655059" 0.864151929331093 0.86124140875578 0.843665500261577 0.268421569634132 0.0863105566548109 0.860736594143303 0.566434562053543
"cg01949403" 0.869741935434519 0.86214332018817 0.87305450404692 0.833492286528994 0.205856216505354 0.850518749391868 0.742852446812275
"cg18174654" 0.859696509038145 0.841029037021275 0.873942407281326 0.798015477241928 0.199100949721365 0.862749681918151 0.650357211034521
"cg24405716" 0.849801747739377 0.847391608196737 0.866130365635016 0.283762459953136 0.071385240285802 0.503184930745011 0.603626484940658
"cg17804342" 0.953891652405896 0.955866817123346 0.930864994310983 0.671345248820898 0.28342457183259 0.945255072191678 0.887934784621358
"cg18149207" 0.867108838944986 0.85934501484507 0.897516783567458 0.478438755502559 0.152118119517873 0.778083870661895 0.59646752989316
"cg25235205" 0.84110814810823 0.824785896321612 0.849724420287838 0.465685897477486 0.136694418843867 0.805430861662563 0.581312591886412
"cg05496363" 0.87105813473042 0.873418653648251 0.881261520870136 0.755741177797765 0.236438692494352 0.856070540931247 0.744895344053939
"cg07016730" 0.85815023130191 0.86318459318746 0.849709989649245 0.748028366139008 0.220357440951714 0.803881634632201 0.746895159976211
"cg07236781" 0.964220406557696 0.9571922936056 0.964481394646244 0.84996419244654 0.257796649661434 0.443377313886522 0.829618802683601
"cg03318654" 0.705823232509629 0.719849473457095 0.699030026158347 0.675046600965978 0.101874212510715 0.701407055582397 0.657697121092657
"cg03984502" 0.894992734771385 0.872984387145503 0.899414998915782 0.643020378627186 0.226376285442211 0.857250832239537 0.687219843349601
"cg03030267" 0.880254525074576 0.872180036361265 0.899235533505003 0.597302097723128 0.177092431814196 0.63689213432049 0.598086564008116
"cg05559643" 0.835275951350709 0.841086485566152 0.835603638629123 0.417486934614089 0.113787440072979 0.581201559421885 0.549373324631385
"cg04759756" 0.891819965112555 0.880000693302571 0.899079747623211 0.396735958366783 0.166705694992378 0.696436975525816 0.637643370443004
"cg11067179" 0.862535198887396 0.866743528548502 0.843740693256175 0.794644695262029 0.24795678345039 0.879302909237237 0.710111773403332
"cg14255337" 0.860939432489476 0.846793683317855 0.625533746590766 0.720695506415985 0.125741662763718 0.381770321721217 0.660927667326843
"cg10555744" 0.878908143912836 0.883904579014173 0.897890075395543 0.327894889046465 0.188148410183623 0.894354909235925 0.624173662187346
"cg07756788" 0.881226617865375 0.852210752786133 0.887673977599793 0.385329697342242 0.169895855822301 0.812539786693253 0.561956412165561
"cg24885723" 0.895726581924479 0.894578613826671 0.912379907212037 0.354882340544632 0.205632193165377 0.903998149676741 0.624849415521244
"cg23752651" 0.827364968731488 0.867472100953196 0.921614882894206 0.560578740612168 0.150033210137119 0.278503676692503 0.724037538573028
"cg20997320" 0.868414564768291 0.849904600037623 0.88311869073998 0.476228872009496 0.128351478393256 0.308087885730442 0.637348003843085
"cg16596052" 0.927989197274001 0.929778357476774 0.892654187233044 0.590837032133911 0.285703245394045 0.935636237283803 0.819584371829925
"cg07235774" 0.865349716223528 0.880029958180117 0.900076092865423 0.430816693063825 0.204899292455877 0.845665713441188 0.628736117074235
"cg22400291" 0.948424856750146 0.945519307584799 0.943788420907222 0.798513472145053 0.344806306622185 0.935840520962882 0.864489016452318
"cg23001918" 0.827420187555058 0.826811457399106 0.848038813453623 0.668851711910162 0.231397510180797 0.812224848732899 0.753858007226701
"cg14392283" 0.957628352992004 0.956216886695283 0.929252876137068 0.520748909494326 0.283554716644456 0.843374331820098 0.750142551575211
"cg18653534" 0.812186462840932 0.754964707635998 0.850361149933751 0.300137281575685 0.121044596572218 0.74426801780465 0.521615681510997
"cg24765783" 0.829433358375081 0.786698630810803 0.750429263225904 0.642184529847756 0.190108190298977 0.679395511073615 0.760485948846717
"cg20156237" 0.908238715799561 0.903578532640983 0.918668572760799 0.576522097173093 0.276031440491819 0.911419997403199 0.702996606004183
"cg16681873" 0.772362905897328 0.797292220368693 0.856470331095335 0.535800943922685 0.179656907917884 0.769189573854728 0.595030961292143
"cg07707056" 0.896434811404007 0.889403674486062 0.900056296277049 0.894304453105564 0.335761230619416 0.900640446570813 0.800394417718813
"cg18682028" 0.828469803339341 0.84523015416795 0.865899450686403 0.284413776896448 0.153108260612509 0.592692232005437 0.658724754491281
"cg17351376" 0.722754084608115 0.740973612806512 0.768771293315001 0.508816536720096 0.155787110110092 0.803925049439943 0.613646242434433
"cg26354221" 0.946830185729709 0.932981413617054 0.888668404594433 0.453362987695043 0.281088683242307 0.939145557744217 0.671934796742766
"cg09236382" 0.808828359916355 0.789450379378239 0.826731069370665 0.464355723341742 0.15430534908407 0.599645473719283 0.56545928943656
"cg01771871" 0.857435024374123 0.856036963215405 0.884796085343149 0.336830284843828 0.171889360265046 0.593108616065482 0.559501640951503
"cg02061660" 0.845435163491554 0.824151258505715 0.789559907712514 0.474951364359177 0.143475186527645 0.371088067942988 0.605968150429461
"cg11218434" 0.871655570259817 0.871521594016616 0.885540834073496 0.432575158350592 0.219304325298005 0.657061888972462 0.696931909016345
"cg02909446" 0.652429445104756 0.64186370961806 0.751263087487035 0.468275882740071 0.0831935131162794 0.603820441628509 0.547387768301614
"cg06647068" 0.395203664029249 0.364822832853064 0.520939933004441 0.662989484546536 0.829887228404438 0.39156837439351 0.448585893755548
"cg17332306" 0.0446437906403229 0.0417271881906487 0.141640561561535 0.200872932852648 0.485487976190248 0.130027233045292 0.166164022049783
"cg04678315" 0.0346195463250447 0.0376463210020217 0.0481606229530223 0.384020170504232 0.496012453129322 0.118830647452163 0.159390615364727
"cg18696027" 0.0565139482790257 0.0544909595315559 0.0644694199575103 0.3807835345252 0.553382220411001 0.329562913556352 0.311806273002183
"cg12831034" 0.052491587587611 0.0607549001883936 0.0493294548908415 0.404884437375261 0.539544022402741 0.276219985691886 0.221975160704201
"cg20739013" 0.147489122275249 0.154684824715921 0.146018689941699 0.338637383855064 0.564331598882696 0.0644034533896709 0.288831575500607
"cg14992144" 0.0267617689768787 0.0318998762254879 0.02640859249307 0.381905426764272 0.502880117370591 0.170903878762143 0.161788905074327
"cg08553327" 0.14073483050836 0.128412013065727 0.121826061892017 0.330537634336231 0.622895201828611 0.481544929208771 0.381243913187183
"ch.6.33611621F" 0.03710533084812 0.0375534094031429 0.0397214648962704 0.340320623678642 0.492965381049441 0.100239907907498 0.159324896631139
"cg18866281" 0.102078492036802 0.0903705093048174 0.106930440942755 0.444214897083922 0.583596450213926 0.296362393871943 0.249211375497896
"cg06689816" 0.0646145090507172 0.0643959896830274 0.222644943055496 0.420576180450236 0.592177851011671 0.330435072367086 0.240578627504529
"cg04425617" 0.0575403832680206 0.0596233071172148 0.0522202421413649 0.371233349566957 0.543102039712956 0.20933166751008 0.240382507581376
"cg05768044" 0.0992747412437917 0.0927437807874189 0.126218700109007 0.364018644061712 0.557615350919565 0.138844295958969 0.215878620317743
"cg26775866" 0.180854316416258 0.180297244481679 0.203014734728308 0.496386245672619 0.671565602629749 0.336374677998479 0.348557173265229
"cg04862556" 0.0940600865667324 0.0965935673153846 0.102846115837849 0.438342981898005 0.571435000975451 0.088486895841029 0.296206430175472
"cg14913610" 0.0849246293813291 0.0774419751916738 0.104456490928986 0.473357549625639 0.590785108525998 0.288525943920949 0.228471955667789
"cg20941855" 0.14555144983459 0.154133121026345 0.153930991672331 0.559951706680782 0.641939921522658 0.179880961670011 0.332586963189537
"cg25365958" 0.133181759464665 0.136322453760205 0.15680345937657 0.458861359962181 0.616260139990449 0.213087972449555 0.262275742523752
"cg20192997" 0.0936209129126408 0.0671308597382881 0.237803893154832 0.48611855842789 0.618759878028588 0.29009851385036 0.234966587373362
"cg01129847" 0.1261287517758 0.11952962064103 0.197582201627862 0.488665197772 0.624214591901346 0.140736442298082 0.29865156539095
"cg26966828" 0.0341316759335745 0.0373804267373709 0.108438800206868 0.419181387701692 0.541427601708225 0.097039919136283 0.165673096751514
"cg16618104" 0.12572887197638 0.0856828117530658 0.0946603573319297 0.349771371222419 0.564039603389911 0.0923785333545822 0.212747472022096
"cg19482025" 0.0786848317607529 0.0701521572877393 0.0957003054576024 0.355071777415873 0.589934308538012 0.370817992244986 0.198263579206239
"cg15687600" 0.0779251813257151 0.0762095443964546 0.147981064625668 0.486113586288103 0.587177544712066 0.0868717546097629 0.242288305126352
"cg26545245" 0.108411962273977 0.0961459783623154 0.205626372833429 0.515880491177265 0.660713921383184 0.383303118186108 0.267755828543839
"cg00673344" 0.224712662756241 0.215086072618385 0.419154897375123 0.624141234212775 0.798047453736654 0.532948129965687 0.384639541337616
"cg05576959" 0.0226454751977917 0.0331197584122772 0.178611751305973 0.394379533728643 0.568323141571025 0.0613381548103458 0.301129032243631
"cg13247398" 0.0547383071701484 0.062812051845328 0.101053026529984 0.315959153029502 0.55802852901704 0.0742846458585649 0.257835637650884
"cg24124443" 0.071677340708509 0.114461779991817 0.184718252184154 0.539101839538925 0.63642004159385 0.150255869018335 0.278560836709502
"cg23098068" 0.190666722691795 0.109872384903868 0.507871082095582 0.379960955670788 0.715174527458955 0.404248959561645 0.275532651126411
"cg04354393" 0.0609971414357529 0.0631613401163798 0.0662865156575618 0.287109206810078 0.539324835220866 0.0622474551068299 0.179472344104422
"cg21024495" 0.103085404916051 0.0626887896490205 0.0703227594035654 0.368547721203161 0.578445063438937 0.175470727832463 0.184963490034505
"cg20945853" 0.128859334294437 0.102094639773571 0.160982291737734 0.285073076888431 0.618310701083876 0.329826105687849 0.176598728073414
"cg08979352" 0.2091178114255 0.231888175753969 0.268396555536833 0.639311041976636 0.777286687782785 0.459713928588197 0.325908814105047
"cg19563510" 0.0203013374731098 0.0246210735883964 0.0289434213653208 0.301556915985538 0.524457850056991 0.0505024102400838 0.149748434519059
"cg09739398" 0.0662188198250837 0.0852652418166247 0.0598478642011519 0.524250023241042 0.618818310323941 0.125801937117729 0.277102471085965
"cg00539347" 0.0423697499009807 0.0441765301631646 0.0693918770291199 0.468909248390773 0.617094446191897 0.127426003492795 0.30788984178555
"cg10536999" 0.145507805069409 0.186783444018915 0.231091471073933 0.446338079442729 0.700188255246943 0.203340959969614 0.265721950863663
"cg17779658" 0.276808835371123 0.194323281706115 0.0771909220074619 0.534777329591 0.769421074220489 0.517614226814793 0.363893150115274
"cg13443575" 0.0416041671745085 0.0567659219432506 0.0576207692630972 0.462401841112944 0.629950848151091 0.0449590899105433 0.313642917644858
"cg24690709" 0.0929346307009894 0.0634285286282405 0.0650032054321156 0.292694506898663 0.691896671003382 0.528264814338273 0.403048909341255
"cg11230435" 0.0713306627294557 0.0887734225632831 0.26490850163124 0.529021051253958 0.680517933104576 0.0550192860115804 0.220413382963451
"cg19440734" 0.0561800139328965 0.0613228029875989 0.0561984814775606 0.3767958359357 0.622672031337865 0.120934057961541 0.211173284131048
"cg23018755" 0.144785612331357 0.164783347538788 0.18308674775419 0.664358434791622 0.784019608763861 0.235765209775806 0.418946993954571
"cg21340621" 0.0961546981280788 0.0794992433945459 0.259096688551728 0.600504581915968 0.780626784326692 0.350885813186145 0.373350522400185
"cg16207263" 0.0669799213516058 0.0750457093162628 0.0800926204166675 0.5868217601759 0.700531152687089 0.100569773006128 0.273181587026503
"cg22948808" 0.238707586148288 0.105538832293696 0.231687030787991 0.553493938697132 0.826967944509949 0.516042440149795 0.342385026557355
"cg09349128" 0.178918500627913 0.0801186988446887 0.0933232422683537 0.563574865522808 0.772895048857584 0.163283418969636 0.34195634269991
"cg16563370" 0.0822811346797271 0.114141110274953 0.152895203338845 0.697924919144703 0.816886304465079 0.0987447934651449 0.388157718718357
"cg22193912" 0.032825989358891 0.0486488395650674 0.071798639986246 0.703117116163766 0.821509527993581 0.120297202849894 0.327559788528294
"cg12811871" 0.970844294261691 0.960282802122596 0.901361109436473 0.964483885297662 0.919529738896513 0.141065477721052 0.869057550129605
"cg25383568" 0.942325111780736 0.941640021552832 0.944755994539311 0.947229112894294 0.94277771418046 0.168155931595182 0.885523273686647
"cg13917614" 0.924295140225419 0.909352228749996 0.92367349983922 0.927647126272109 0.922291215221469 0.149584305598279 0.83835997135754
"cg00805874" 0.931226359796071 0.941681393933781 0.961419545950223 0.96564052991596 0.891881339525789 0.181822000209746 0.86475181511937
"cg24408769" 0.807178881374881 0.77592329832397 0.945588216354517 0.934128266518012 0.925050591064683 0.1193458201439 0.870032068354708
"cg27274718" 0.886432400191688 0.877112532566834 0.894624091468717 0.904948468225328 0.891983835775278 0.137755656303265 0.800452206101548
"cg27582527" 0.850042887211683 0.841027198987049 0.863054866129408 0.864829922274629 0.863414606315696 0.0973067691116848 0.70043658186355
"cg21333217" 0.961553474945219 0.954844608870795 0.960922947457201 0.958708555928547 0.942287063867293 0.218780295003049 0.937363931711516
"cg05656688" 0.8460813776867 0.896714338848749 0.91270045049058 0.863242540010603 0.72564175937356 0.120857619169315 0.828840714874485
"cg15956469" 0.932696548487252 0.930434508808655 0.94587926968795 0.936832611084914 0.934926085475243 0.195978096263599 0.882602977516824
"cg23015664" 0.92358828146303 0.919468094020307 0.907589265135862 0.922808241174798 0.920672843678806 0.189371709150159 0.899068549086302
"cg02384859" 0.907607485211739 0.897221535979908 0.909267182975193 0.907873738690805 0.883795585403161 0.162169670396811 0.765154198550545
"cg24430034" 0.971359092748743 0.968091656022823 0.968155326510164 0.970176777489159 0.940094518917231 0.243886011306681 0.945083942326815
"cg27309871" 0.893911970232379 0.888830549828501 0.901294762582497 0.902997731214329 0.885988331419155 0.165784170312063 0.804615111032563
"cg21821643" 0.872505246870645 0.853262691460078 0.898803992462479 0.893308097802198 0.873979541900281 0.133723780460508 0.667424140857173
"cg06040872" 0.823151125931309 0.890463361748917 0.913034950190447 0.911665173278894 0.878838895534453 0.162088207929218 0.830731933561039
"cg13613174" 0.853892856799093 0.872924214358298 0.909910926573054 0.90874933897517 0.904052590160994 0.163135503446392 0.816988472214091
"cg06202778" 0.86828913883221 0.835114369768126 0.899686413101168 0.893833657711072 0.881143063885904 0.144523304997541 0.766018212851825
"cg07307830" 0.893933149121999 0.875894187769645 0.901955721990698 0.88642663571931 0.837493592448629 0.153746587461434 0.744917746316604
"cg16340422" 0.927120945770767 0.934728306683149 0.934049395423298 0.926231157768015 0.909601667216521 0.199369867282788 0.755377346752881
"cg02150910" 0.869448793701479 0.865271548164588 0.894874325799985 0.892790729206005 0.868378638612454 0.153174056372601 0.746702326861879
"cg26209730" 0.916923212402437 0.91870861085047 0.923526232495296 0.921188984255366 0.927147838792855 0.207446268259839 0.87278211440849
"cg19563355" 0.853909911675765 0.846241533317528 0.898877623697988 0.868430350331682 0.851009303265211 0.150226129424747 0.811554174190884
"cg08985282" 0.888552502697609 0.878514247458896 0.879720270331858 0.8922872644736 0.850764834673288 0.166445879215061 0.809587966278457
"cg05653887" 0.880581806341353 0.870771061740033 0.901233670501185 0.884354809758441 0.868854627920392 0.158039143896782 0.722782785015707
"cg26012482" 0.850670524752675 0.860141737538238 0.889728472586183 0.822748519906244 0.81605830628164 0.134248155127023 0.733613618429215
"cg22488278" 0.890610101230521 0.882918448419574 0.868444491650156 0.90003204696502 0.865584757260948 0.174032661879614 0.825156010546947
"cg04736625" 0.8401778205663 0.845600132096053 0.859631904935906 0.856105433225825 0.832898501794021 0.139020541147933 0.789417983352321
"cg24578857" 0.950100967528266 0.948799862102594 0.945248253080118 0.904999781152515 0.865036780735672 0.225864477638264 0.920526861576622
"cg03769939" 0.783949843962365 0.926823263220181 0.940996791921688 0.87071656775719 0.712942713652641 0.157767308111986 0.83320527427649
"cg09115713" 0.964141843141185 0.928144570262636 0.897907469949897 0.931933521267015 0.768084819927063 0.200699019246719 0.841436406854655
"cg23474890" 0.917769489351061 0.92214867165926 0.908432699984559 0.808390619977772 0.666980947179992 0.157341397019038 0.818481797898908
"cg18672716" 0.856338871017395 0.854111001410357 0.892435739914631 0.894785843257953 0.848150402353283 0.16464205707319 0.795868476389689
"cg00594040" 0.852000855239936 0.859554246939478 0.872834923541811 0.847759191827611 0.85822053079527 0.140328459051383 0.652551042790386
"cg21634628" 0.890144708860113 0.882540343939233 0.861602949837754 0.833168632828038 0.847891509855896 0.164365856188395 0.780945781496447
"cg05593759" 0.877865267082313 0.876754141363454 0.900479429652875 0.890653361119913 0.858472922088921 0.173371286570991 0.74180053283686
"cg03538296" 0.8688261236388 0.855336776935488 0.878593577565668 0.870279085401266 0.835576783092191 0.150852803192438 0.689034689381911
"cg20657709" 0.880038416448881 0.870493717998926 0.882678316841692 0.887348375460501 0.876849866973043 0.177144665363123 0.78270418181544
"cg12531611" 0.900131714481272 0.885714749684021 0.906946330656904 0.894607289820639 0.875324985663484 0.188103594643526 0.763843831091947
"cg21828319" 0.886527010308629 0.878836636291165 0.841840525816652 0.900449132378396 0.880660609327377 0.187167916301342 0.866113402924801
"cg14301562" 0.823199561351754 0.860223319108954 0.887320072903364 0.883081694002965 0.86099371954717 0.159259064797499 0.730280920495362
"cg26275360" 0.876902014500392 0.854841871985738 0.87683465695683 0.873710843363811 0.865245850244284 0.165103667952411 0.73839289539507
"cg11978441" 0.878031025088974 0.855419748161093 0.879930063971607 0.832082751905548 0.76107590160797 0.151515089046703 0.788135673075943
"cg11100450" 0.891931052816293 0.886677481319704 0.906676920560498 0.890309863915052 0.807575141555844 0.183866160699169 0.798323371690129
"cg26227465" 0.867808250462355 0.844548341085169 0.88163840626761 0.862454351793445 0.779366472262857 0.150431556365073 0.739576560892851
"cg15729230" 0.939370150364146 0.931269716646673 0.937753038450448 0.885829003662227 0.925174090784184 0.236804030035169 0.902734386611499
"cg09788778" 0.896961881779955 0.940917625651724 0.970993375711856 0.974952787421724 0.929552710187314 0.253128626174917 0.883564195525356
"cg21474838" 0.886212657194197 0.884025678552227 0.898925902719625 0.884057065042976 0.866472807904438 0.191074127452147 0.79147437164359
"cg02663352" 0.904246217347753 0.889231363251703 0.889968485751248 0.895059639775633 0.879709936169089 0.207730564852281 0.864608996137268
"cg14058851" 0.861240948536295 0.844169073747809 0.900467360834643 0.8936920281588 0.884429504410834 0.187864119365485 0.82934934505421
"cg16013543" 0.0897390255098949 0.0980436739280342 0.0650244341658975 0.0732081640541253 0.0752132343360395 0.548986172218644 0.118827573275287
"cg26475911" 0.259967192239728 0.133945820092031 0.500171859333512 0.176395667194562 0.495031949647746 0.749175399098208 0.270714228601807
"cg06398474" 0.240251641593023 0.245043114707823 0.178511453757755 0.174656398759659 0.360924838925189 0.729184923440311 0.402068323874429
"cg06101180" 0.123333359845668 0.14262233884803 0.147408981149027 0.321793294317569 0.257053934401633 0.66830367736996 0.227994890758319
"cg07675477" 0.185875471503568 0.1948080149045 0.204408493259758 0.241367734672343 0.346754867517285 0.70637284038817 0.270027559709696
"cg03339537" 0.127927067605715 0.132128793495635 0.138850916430491 0.458775414657426 0.333582082276722 0.707166638711508 0.282948728715968
"cg17654050" 0.241170498911472 0.225336635304556 0.224969134018536 0.545666739551181 0.419965918857363 0.792751246520223 0.302036097188733
"cg17176894" 0.0930720579010254 0.0905132140152545 0.0781818909772273 0.121725204843378 0.19041236690061 0.611465527363232 0.309608542846568
"cg27122888" 0.0859047437582305 0.0768444205310803 0.104126478536052 0.0936041262108101 0.145086680389307 0.583573325929045 0.149832654650942
"cg11481582" 0.0630927408747333 0.0639713585575608 0.0511269794046538 0.405898209260565 0.451994464324484 0.67409424957222 0.257506067911996
"cg06875488" 0.25488425332162 0.207961076539509 0.272756933481952 0.414876586533551 0.415805364802935 0.785099449282428 0.327620796622212
"cg04887172" 0.0774640122492562 0.120460708055648 0.141537170225154 0.38272269879782 0.442246402264949 0.71084134778295 0.316654635563631
"cg17801864" 0.0919635587546084 0.0900534393444959 0.110807351670303 0.221432786338352 0.323334764816382 0.644637393505827 0.193007949064889
"cg25887844" 0.150795610745267 0.184534610681543 0.494044030605876 0.263171254832939 0.301769367489044 0.758881355619817 0.31164277542421
"cg02381279" 0.111752708445791 0.0964669824634566 0.12170735727414 0.298484882542397 0.414180735357694 0.68132146421575 0.228430448449838
"cg09747445" 0.551758591045903 0.520947837617981 0.173573350482479 0.203841305286149 0.129531906749578 0.83343336751099 0.275166546423351
"cg19736900" 0.101287947843336 0.103321221994024 0.10113329044263 0.464227095997538 0.574001431251341 0.748579439947315 0.290825970057212
"cg13318771" 0.1057930533376 0.0553751868070812 0.0708388835528626 0.0916786728549108 0.101329564737375 0.588219688634949 0.116184651521206
"cg22589728" 0.223710390029261 0.195288015000481 0.149716090152902 0.19804653889101 0.194437518004126 0.702122360649312 0.204741670818082
"cg03548857" 0.0652499565288619 0.0602387709465217 0.151774678687034 0.154109154876095 0.189885516353225 0.622147483350905 0.106867097780952
"cg26823762" 0.0661926609647012 0.0671367019806273 0.0636441128660581 0.168090555823587 0.356273631475315 0.637607695255843 0.128394030766731
"cg15356966" 0.0770373310594237 0.0809567434830267 0.105189476845509 0.293540748183555 0.18641671496325 0.654861041526546 0.191732172292236
"cg09958402" 0.0639605461374202 0.0519213376580892 0.0460119749629872 0.339737357109984 0.502861530561198 0.693887049327725 0.246199017673334
"cg26348226" 0.111158301132748 0.0858715683678621 0.0756626556208439 0.29785228884734 0.455703396901037 0.700340942852792 0.217490384188483
"cg22442430" 0.337183618078597 0.152204773677904 0.0873435783092275 0.0631390218078198 0.0612986298124934 0.691633219842632 0.415499790642227
"cg14649507" 0.092737811779256 0.0859871853224999 0.0566128016684656 0.433761069085604 0.407517832285724 0.737536658845286 0.425623786622662
"cg00084338" 0.133201194176288 0.156813940624917 0.171064667667691 0.116770060633333 0.361661935838608 0.695656540676696 0.166632813517711
"cg09101151" 0.22016540926216 0.153789500598149 0.0768389240012557 0.233723112385213 0.283640482797322 0.722570093088394 0.342331981507521
"cg07687131" 0.0662745073337905 0.0805556057985861 0.0644936705622012 0.457566156599725 0.527392176255535 0.73711215398628 0.265570109935271
"cg01447281" 0.0713614457018886 0.0664141971329035 0.128278949647833 0.0766435433753982 0.119602526424642 0.612205514663898 0.0921825077722351
"cg10491452" 0.0676136504056133 0.0689547196372429 0.0648587863929247 0.161675791614954 0.262655918084704 0.640373628422989 0.136688242211252
"cg11822932" 0.0590803354623064 0.0664230964870958 0.147801425327094 0.46052683594843 0.310405074219476 0.72014935266595 0.241177658149404
"cg03780927" 0.115470683104605 0.139810714074416 0.214810661827238 0.141699695511693 0.104301959231665 0.675562563145849 0.166511865764563
"cg26971042" 0.160291031063972 0.146059941244263 0.0789896489325048 0.0786561348464898 0.0692784259362354 0.644502858664548 0.107383058312216
"cg04790874" 0.14190270457108 0.143367860652563 0.0551858241171769 0.412200899233944 0.204636229170957 0.731344466084127 0.275722627660441
"cg09001226" 0.0883314243858447 0.0924685669995583 0.201232250408295 0.283496287522007 0.199880726943035 0.747395450292042 0.550884342667073
"cg21232161" 0.09732897620946 0.218703131046533 0.0916152020600145 0.262422995602807 0.338518412964323 0.768038031877292 0.419186776579652
"cg03837680" 0.0519452472423499 0.0577128490350483 0.0667333435055445 0.112745294412684 0.186888350220359 0.658451098251597 0.275978807721183
"cg00423035" 0.069388353633052 0.0801578274029036 0.0881988428924465 0.321238635659951 0.629428586069074 0.766549528724814 0.290086195001828
"cg27218978" 0.0955110436154562 0.233092014582554 0.170020638021209 0.3566893904723 0.469446532214616 0.833648596554083 0.443168161437977
"cg25817701" 0.514201001798417 0.409724971196687 0.0273198572998138 0.149846606409809 0.102062636551776 0.855838470906126 0.513069326710112
"cg22897715" 0.045823262632536 0.0507001086155099 0.0839785922677792 0.246841138834731 0.248901352319055 0.684942786859816 0.127729309179208
"cg13404688" 0.106648201925676 0.082110531458961 0.142423645957503 0.369433859297319 0.578051478251347 0.804520287678467 0.356021466577516
"cg06117093" 0.116327172721522 0.077040034675243 0.187150014636629 0.16726641174549 0.351082920195544 0.775280620417821 0.489093923085811
"cg11173131" 0.0551854683815014 0.0572208966644986 0.0660696901500354 0.225843713151026 0.320580844681513 0.719955908403584 0.215672185724324
"cg01700462" 0.0566533557352724 0.0672992413169351 0.0836417059977477 0.288474770785256 0.406254476434388 0.754230705462908 0.262843526086318
"cg12273325" 0.152202257451247 0.0633519805139461 0.0780942648166879 0.098511986807933 0.190150175812921 0.708453312354381 0.18735804047643
"cg18881723" 0.100383178793747 0.0738654643382771 0.0609725684857792 0.0585116169958748 0.162859502093816 0.698085200541477 0.149074066399658
"cg11358405" 0.0352526916107321 0.0485089860486425 0.0383836159113164 0.192840530055916 0.321442633451546 0.729503083926335 0.194192005767548
"cg17766305" 0.0992218248359008 0.0607465166736747 0.0523677165828652 0.0884626603392668 0.197949009262672 0.838989792740851 0.145988353280142
"cg02349468" 0.956518034834681 0.96848109439487 0.967467459459449 0.969123437022826 0.91334019605593 0.966557544788302 0.441007369042457
"cg25105522" 0.827473643185732 0.897593817318971 0.916258249992232 0.851471828978705 0.868961666672243 0.874521305165855 0.37299274921826
"cg15974642" 0.892468451080833 0.900728349622763 0.90408920727787 0.91091493594131 0.909631136158296 0.903673246397522 0.423368608476769
"cg17463698" 0.801105121135109 0.795590728859972 0.844236147578646 0.839550509566242 0.850522285633903 0.827099156679636 0.343801803178052
"cg04315923" 0.898830431415409 0.939019087882697 0.955851166544576 0.966474244369298 0.968540206937533 0.957953144138618 0.47235279445213
"cg18554116" 0.898284234960071 0.909667396149839 0.904291831501588 0.909891849731373 0.908787743319802 0.900722806162281 0.445374188662064
"cg14438221" 0.877530886685214 0.870447942527084 0.885181082706801 0.865680615712978 0.863509266152448 0.875365071737543 0.428382383424804
"cg20151221" 0.908397335517856 0.912941302864407 0.926332703774544 0.888364459931845 0.908382487357605 0.903267868490093 0.472876932822043
"cg20555305" 0.909097027746307 0.913534778132724 0.922392367480843 0.924814316307169 0.927923908229148 0.917409725888096 0.484289524900836
"cg10018933" 0.884042807651466 0.872586728422901 0.903412350383979 0.891673330030118 0.882621647205632 0.891042780856098 0.457419426858912
"cg14160419" 0.854263251241621 0.708743417408108 0.919251807020378 0.925542711513768 0.932188132875694 0.895256675496173 0.431664441573772
"cg22029856" 0.89647548076658 0.886956201382803 0.911303643696997 0.911719384643873 0.909269152453522 0.899084324462945 0.481093811427665
"cg04012618" 0.954591310834212 0.970863698367305 0.973247625936744 0.984080041696896 0.981038202863876 0.977492627469493 0.557022056049182
"cg19771469" 0.841260249087918 0.834898719648722 0.867654343669368 0.861386204533569 0.866192583766488 0.859781272259157 0.438976573254857
"cg17315964" 0.817793286422866 0.850725605844337 0.89480680320781 0.904053009197948 0.900338028261193 0.876945880262724 0.458714937067709
"cg06768361" 0.88054654344672 0.885985204701634 0.955447942177724 0.953744348148386 0.956718625308415 0.934059682667929 0.510950643805646
"cg04984556" 0.869292978391293 0.854294375293971 0.893358556833648 0.848581072273298 0.875111479145677 0.886771343797667 0.457938189190417
"cg02820413" 0.845098974390237 0.835064708451975 0.86257291574136 0.870065838704593 0.87297483553192 0.859861310699678 0.445717922021865
"cg23369234" 0.862889569292558 0.883152626162848 0.930131481964886 0.94019029842844 0.939636556986774 0.906978517083841 0.500204113897236
"cg17927096" 0.855492148280126 0.859603102443006 0.901432263032784 0.894077112536885 0.888301850548427 0.888167375385552 0.474052655284371
"cg26159832" 0.810337774929404 0.817472272679106 0.887770628302264 0.891948146637525 0.887481424674417 0.863953859645216 0.453502782655477
"cg11251215" 0.867654306735053 0.852799288741207 0.872906618020405 0.868049059720091 0.874426561828122 0.871412803017029 0.465366842706252
"cg13928485" 0.773003475962586 0.819116974081471 0.871935120022451 0.849895785692264 0.853344026108884 0.82143425513081 0.430431245791543
"cg22353369" 0.892210307467137 0.894632692849114 0.904038504240499 0.882149856797373 0.897562634987046 0.90341126484733 0.49603949410756
"cg09862509" 0.77346605542567 0.786290325133569 0.873077082727277 0.677443847966638 0.844932335010637 0.841113046418576 0.397296476428134
"cg12643917" 0.89875416503131 0.928964951180157 0.947105762384713 0.950600948333811 0.95053958014047 0.941485206234075 0.536570436197017
"cg09899564" 0.851841437185682 0.868888173772896 0.888617015943991 0.880135963260444 0.891507057678189 0.878822850475512 0.478617205854417
"cg12099546" 0.886326898872163 0.88158897841173 0.890651348919384 0.904452942248932 0.897076438397913 0.893125631126958 0.494301430836199
"cg11792281" 0.671155899984929 0.585816568290805 0.707237874765452 0.678201073124428 0.687607907632768 0.722771067335519 0.267981816480793
"cg04026747" 0.900502675358867 0.895094027019755 0.910437226374226 0.91038844477247 0.909763845892733 0.898594883410039 0.507027261888814
"cg14267862" 0.824709225330802 0.844612672772502 0.882790751971912 0.889023889109472 0.877991442263732 0.849780248581769 0.465192387116966
"cg10594510" 0.939439342038913 0.949037352741072 0.960311000507413 0.956064125394773 0.954384334807005 0.916100925337647 0.553215590239997
"cg22708087" 0.893283952039104 0.887633367846202 0.904820330855563 0.913234877359545 0.900264848342383 0.900099468919831 0.506996583381723
"cg14166189" 0.8904653310136 0.876715069155216 0.891153326263193 0.886856072201918 0.887750102966889 0.859710670430569 0.491088108509505
"cg12077754" 0.764389746204196 0.872062186711377 0.901371230891346 0.896713532790235 0.899230799372669 0.888019877771251 0.47899420621235
"cg22801217" 0.855283050761225 0.851206324349481 0.876188564588168 0.882062311773008 0.877223608154622 0.869044646731502 0.47742365083271
"cg07149267" 0.905921460537668 0.900471296859046 0.913405870588758 0.909902121958165 0.911580839123101 0.899631889597943 0.517488337303562
"cg10200391" 0.901274027427496 0.887971362042746 0.836409965855395 0.90277268867333 0.90329701293865 0.866377799613834 0.495843085732573
"cg26078436" 0.81581039490833 0.815389709895486 0.857919071969965 0.854441378657517 0.850197963682279 0.85063767940109 0.453017108129961
"cg21126020" 0.867703327932697 0.858665104603028 0.882834384513932 0.87969373921791 0.884521618028489 0.862208980628355 0.486666167354926
"cg20885063" 0.785311786722036 0.873963165495614 0.903832210304943 0.903772949088365 0.906270482498566 0.889896082935152 0.49268722491135
"cg20343063" 0.838955992233219 0.851150467256745 0.867115039811714 0.85741518903414 0.872446135620409 0.865799721291297 0.474444665223321
"cg08890627" 0.869978154085358 0.875052427178856 0.904256041371838 0.888017254166721 0.899029799176611 0.889147038198357 0.502982487722765
"cg08770358" 0.888667869700251 0.90784244725784 0.91925494982774 0.922395276784194 0.922095313591539 0.907776758039723 0.529550109990713
"cg09846625" 0.890732461378179 0.894143073929561 0.905045528340761 0.902129735150768 0.899041377614364 0.894046574922486 0.517337396952808
"cg18354905" 0.864642821037141 0.862495211088575 0.905130593867512 0.903498273248016 0.911015594872583 0.890548494882329 0.506763450478432
"cg00177875" 0.809960765548461 0.827481930191331 0.864320091270891 0.865306388300085 0.871013187261674 0.857800931474084 0.467489343821877
"cg07369606" 0.936463719267441 0.912124434315043 0.946840145174727 0.948271029488393 0.94823225727944 0.947427030425178 0.557916260299551
"cg02989940" 0.877717124711623 0.858510265593884 0.875588559081607 0.793385244351344 0.866449371716702 0.825494198252058 0.474259927289775
"cg01589587" 0.848271753209893 0.853009666110955 0.892267631081482 0.89187244708998 0.898045313974604 0.873117193325021 0.4966931809564
"cg01133215" 0.164220733889269 0.16135095247544 0.0639040432280481 0.128383190426651 0.104488487397439 0.100369100413088 0.327168671791469
"cg12123019" 0.139884481774328 0.0759526393921909 0.0802908588694392 0.0795806304297452 0.0798590884594282 0.0835491093766616 0.295407097514979
"cg20955688" 0.0480243991329261 0.0438088444912823 0.0581584358178933 0.0482093178728354 0.0498159534259465 0.0504909472126298 0.256279174936922
"cg13604445" 0.0523162373196544 0.0500913631084385 0.0493506222876321 0.0811296376491382 0.0980224831589482 0.0958143800301338 0.274980260974413
"cg05234326" 0.0693433561267464 0.0623689314741468 0.0709852438622561 0.132095587764366 0.0813671159115975 0.115577856357265 0.293892158346402
"cg06342416" 0.0376300303717892 0.0342216253426517 0.0400477038109533 0.0580010852445857 0.0433848199426619 0.0539204722588788 0.252311746237515
"cg21470947" 0.237661320266471 0.208375821989596 0.06327111602219 0.123104074205701 0.118968553354286 0.089837805321586 0.359248603712225
"cg02558026" 0.0902569698786414 0.172471470292289 0.173874196267433 0.0600274067355767 0.0458773752761987 0.0344827740987734 0.318172807160245
"cg15414028" 0.085467323091044 0.0868054851544336 0.083290444217017 0.251496172311092 0.14239450425984 0.117077180889127 0.3345668490512
"cg25922751" 0.058918163206858 0.0662753712398036 0.0615035322673376 0.100064630346511 0.0740115480709532 0.0598454613372056 0.282615068405479
"cg08715187" 0.0832272620516852 0.0797666736618349 0.085876109134746 0.0827646350566395 0.0818981112352305 0.0832616280452867 0.295604281171669
"cg26684776" 0.0742054204283473 0.0780273083155574 0.101070627668469 0.0954391077447954 0.0765973541753391 0.0680302804405009 0.296373144200725
"cg03638781" 0.129453507719527 0.108844569568543 0.109296151898812 0.0948307996091237 0.0852817356513894 0.0842919279670198 0.319011347239127
"cg15698795" 0.0861859163484381 0.0790480804167021 0.049576102802317 0.0819153854796749 0.0475529957194251 0.0480832960777777 0.288860341896655
"cg07474957" 0.0396740579277424 0.0347236862343762 0.0439088730793698 0.0405846609175604 0.0400523341887694 0.0414849256541501 0.262423527513372
"cg08080195" 0.0592560049035228 0.0539543705310623 0.103195084858464 0.184764272328474 0.0942318365163932 0.0618445379347956 0.317941249175258
"cg04839131" 0.225930264027668 0.239599407697224 0.238302802007611 0.251603258583317 0.255672612674471 0.195097692617196 0.467856656748798
"cg09187007" 0.221419862046627 0.192782919913159 0.0978499852704931 0.183224737583452 0.149755936973979 0.11042193960345 0.398031841417026
"cg22995176" 0.182291554444557 0.255263565473785 0.182848285267371 0.200603015062778 0.19857039606123 0.190700774966652 0.442282634612871
"cg09729012" 0.166217408716754 0.199134657319239 0.17840947553199 0.152620813536724 0.172007774953055 0.171613225393065 0.410780058154509
"cg23013029" 0.0567785314817964 0.0524062147653684 0.0547607365708807 0.0688887141282328 0.0674430827968728 0.102708147760076 0.304571120979647
"cg19537719" 0.202228729353248 0.20428576588166 0.206121617508481 0.225876207516618 0.215460626142444 0.168927038551271 0.444823662080565
"cg13639901" 0.154374678331428 0.110736647992033 0.164582481979341 0.119410065632284 0.105092933728834 0.112496807595843 0.372864780582421
"cg20556803" 0.316976008658032 0.312205510478134 0.129140047002899 0.278463172072995 0.265812740373304 0.139152260911913 0.499328153921962
"cg13962347" 0.137570676158184 0.0667346076605543 0.0520219640569316 0.0535318784466611 0.0459862056967078 0.0573473608134799 0.318854190619173
"cg02003183" 0.0902650565512022 0.0596817867224312 0.0409127559880265 0.0418812039269982 0.0437360421704574 0.0818805169513201 0.312691804408041
"cg05596756" 0.127929010008048 0.0524159352160525 0.116293386288946 0.04368055513915 0.0451167395750807 0.0769026956604103 0.331583304921137
"cg01749347" 0.0943581958982575 0.0648516062435661 0.0724039249409241 0.0844789134543027 0.0741963169917155 0.0788835890796859 0.334669513021182
"cg20251225" 0.198190400928323 0.194634471165821 0.0582464814486041 0.0653042456643068 0.0598081353311804 0.0612571443589627 0.376814267979059
"cg00092400" 0.0855242534353692 0.0552501266944305 0.290505814975932 0.0640025797288967 0.0590985110785746 0.0996614365530678 0.367770206848528
"cg04466898" 0.0630284752183925 0.0600249652553699 0.0623651134389989 0.0684064639430763 0.0656063675474554 0.061449611993332 0.327026652596125
"cg20472746" 0.225524884366919 0.0924156608231668 0.220165558034519 0.0760294868739826 0.0708546697415369 0.100100251871826 0.399864008012071
"cg02237342" 0.0423041750350678 0.116124174232172 0.0397397781161445 0.0377362283529373 0.0361743924145015 0.0530137786535407 0.33321491716143
"cg09742465" 0.0710439754798529 0.0590030263376199 0.0625551629621787 0.288404592826162 0.218386714413284 0.0605455543781428 0.395222943359958
"cg06637812" 0.09576221935169 0.0946394898657382 0.101913662622318 0.0598128539764384 0.0595004953992754 0.260302716894682 0.386161242000479
"cg22168796" 0.025905031396328 0.0269540453257048 0.0289365672462598 0.0251439876345753 0.0284144735630109 0.0296111756753988 0.305738494236183
"cg11958644" 0.0535679245422009 0.0454227004096368 0.0470286208469292 0.107711823611866 0.131631036470235 0.225501341840171 0.371391265408142
"cg23966363" 0.0727145641935325 0.0859214331432345 0.134672147314245 0.113905379018822 0.0663958413423334 0.0663235283992344 0.370815666488606
"cg03636488" 0.208611617351982 0.136821412593668 0.0811754377608494 0.0942088637210901 0.102958721547693 0.147027664122688 0.413935153738909
"cg07884764" 0.177089759782124 0.21226522855377 0.0870193193092368 0.129621906580458 0.0849018311845897 0.0770355526056097 0.42663019531011
"cg08574423" 0.153160659334633 0.0625135295081548 0.0344297554567033 0.0330429232056349 0.0389087985903195 0.144766585815054 0.366548757015956
"cg20660269" 0.0460444828804878 0.175692131695635 0.0312124165749544 0.028294268585858 0.0338575419744119 0.0533942288765593 0.366699192322901
"cg08317738" 0.111409134126852 0.104816940519536 0.115089736855782 0.188134758771248 0.242960609429965 0.124965725570277 0.44400959513004
"cg08098128" 0.0491108000539696 0.0657756829185315 0.0946933395654591 0.0533723277207317 0.0513716887572608 0.100022168714674 0.373143323699594
"cg00360761" 0.213657611214468 0.201349514665991 0.216823763548044 0.316202345934925 0.304545645328903 0.0674548966230768 0.524562501703226
"cg04987734" 0.222900892491881 0.15416781285029 0.048754757980941 0.0600861738385511 0.0698714995257286 0.211276442743558 0.442518803951395
"cg25598890" 0.0537650854478697 0.050212822398024 0.0716974016627618 0.216638420897687 0.0715234461722697 0.0532443315644721 0.404379942691187
"cg26789453" 0.0885894534679648 0.0868141626409296 0.0862863245520099 0.227728548431458 0.334838616696352 0.275880506066879 0.490513081412142
"cg05614346" 0.0603799477723089 0.0594833236340675 0.092631337202146 0.0609046775498085 0.0590721361787244 0.0659631618214567 0.389842502474467
"cg15752436" 0.159214061736352 0.0689381769829191 0.0539766817258448 0.0558561200386491 0.0530951513709604 0.0600767058198358 0.403641561515298
