"CD4" "NK" "MO" "CD8" "GR" "B"
"cg00366435" 0.0696664061709604 0.880197690321169 0.907232062296979 0.429427183234131 0.920557057489247 0.918973480293871
"cg07679948" 0.101774187577948 0.956177890813629 0.961046109048293 0.351934536172723 0.968596974215182 0.970012224905826
"cg07970799" 0.137293551919797 0.785670561381735 0.936882503750687 0.503757933553969 0.947017881407518 0.940198016943132
"cg11848483" 0.0805468735252518 0.902755090259544 0.918447024557001 0.268753557875981 0.924329504498522 0.904918669748077
"cg03388043" 0.0496917235671196 0.719512059538593 0.928941192954226 0.0621051390186041 0.947247834430871 0.947434203976954
"cg16452866" 0.111481196736222 0.946307095506698 0.933762220498436 0.211449867576615 0.95350704416639 0.954896465513953
"cg24841244" 0.0410082596169679 0.777758949581767 0.902806458561193 0.0568279300770242 0.909872751421192 0.918985762129901
"cg14477767" 0.159058814724113 0.819331842204831 0.847896040632267 0.707101612229278 0.874533226744333 0.853772694595131
"cg04340595" 0.0673497792865916 0.600833882637699 0.932604146017315 0.14255504122682 0.938995078880666 0.929066340926828
"cg26166854" 0.0921915729851048 0.640401893321828 0.845022059314947 0.437963692463322 0.880101576250665 0.866233450767413
"cg19001909" 0.130812164079798 0.907156287755951 0.950450521139196 0.226590441007618 0.955564437849575 0.958446862717233
"cg25226014" 0.064562325386234 0.577238727201516 0.920587670911025 0.137222407915452 0.925826374711168 0.907027848159296
"cg05074138" 0.110484957164763 0.854166833525251 0.877994043232541 0.368645627914295 0.874830310671423 0.87725100580284
"cg07786657" 0.047184246588521 0.186594077544055 0.953041517924426 0.059289711924645 0.961055251495008 0.967333480491109
"cg11236515" 0.197062354337504 0.932606152830666 0.972655370183081 0.430391118759529 0.978691634373076 0.95119439223818
"cg09032544" 0.0447578976383673 0.18613633947275 0.941761583522484 0.0576022872113397 0.958662722668485 0.960287965575141
"cg10837404" 0.210785260792273 0.89862625208691 0.898281849029149 0.68344181410411 0.913136584739291 0.909542479912147
"cg05705140" 0.0873946881737613 0.860023090376096 0.895987252762535 0.266975830113025 0.901729122370666 0.806250868249206
"cg10240150" 0.0823853512480898 0.765065908607702 0.863345995007856 0.277581093811928 0.857243255563749 0.882623643522817
"cg01154505" 0.20741592135782 0.944610424332846 0.957588461997674 0.60859531592045 0.96846435678748 0.82245909434775
"cg13619891" 0.0936937913944315 0.830713815908499 0.918350720569668 0.120285408060462 0.923316392139033 0.924572807839933
"cg14522718" 0.113248447210566 0.719109153910845 0.931094118033022 0.200447424732129 0.922583148879797 0.932121700983961
"cg11162888" 0.122250482519582 0.873150635179254 0.889866759890259 0.28709579352257 0.892904570294682 0.903463195628472
"cg24662823" 0.132109180985823 0.729973224319751 0.886767325430457 0.376264152223179 0.89418395025792 0.895511492036519
"cg11710595" 0.180647530378907 0.855781971248964 0.86771053323646 0.590312270344548 0.890513583597272 0.86882636580519
"cg07545925" 0.046959826646645 0.674010243994859 0.88057331911194 0.0524197550233885 0.889816038159268 0.871063718755501
"cg09016797" 0.138194257508763 0.884545341529686 0.86563594376094 0.417918115588632 0.861574498740692 0.87202536946508
"cg04180114" 0.089784673285189 0.849185650875066 0.857158519468517 0.222540669122028 0.874518705103357 0.855404669718927
"cg08884752" 0.128850147215198 0.853619666434215 0.792972663106172 0.484703630740494 0.840380639083507 0.860713148724022
"cg02661764" 0.127848246472866 0.876330898906527 0.767754314087877 0.539137696791563 0.813116271294614 0.843640952944921
"cg18735089" 0.123983673979503 0.838433766104965 0.908423941288454 0.224902144567967 0.922072822781086 0.896922803979091
"cg27519392" 0.123457032438901 0.867976142434584 0.868344902513629 0.332706518357522 0.875902331919537 0.864392771455525
"cg06164961" 0.054308217053377 0.632078118465273 0.874926954284367 0.0641755126135093 0.890506505079338 0.886030909368421
"cg00620024" 0.159782957441886 0.86653974193948 0.886482359870304 0.433779532186081 0.893527551688396 0.880112235051431
"cg27583604" 0.168502786536383 0.886354289366188 0.8844333432741 0.588561015239289 0.842310930206704 0.806995375625503
"cg06915826" 0.0911633264157767 0.822646732335821 0.842068572174071 0.258818366552524 0.860926566425335 0.844842956013845
"cg11465943" 0.231762288800841 0.918982155632493 0.916702512523663 0.638118467517748 0.920065505895369 0.905304173946996
"cg07728874" 0.0514948362269459 0.705093983477182 0.863510309474462 0.0632480178319048 0.862461470198817 0.87150128196223
"cg07748255" 0.0862368734966545 0.126407161037376 0.936823763178592 0.167442597710041 0.950948642204714 0.946861953525279
"cg26852712" 0.167945332938621 0.885521637597986 0.890275246171203 0.46929288384753 0.91796563762588 0.809656283345908
"cg13651908" 0.110276619529291 0.774302824933635 0.847273268101669 0.344242724019766 0.833496221109795 0.851601900395615
"cg00440980" 0.124810369593915 0.726608546426596 0.794209558748428 0.407421136949279 0.881041791597639 0.87373489951514
"cg18758433" 0.0984311651254022 0.702072584091635 0.856174342502139 0.215311088242857 0.899097361762724 0.875346155061566
"cg16775598" 0.117796269990635 0.851187074247845 0.86907633569849 0.231663989363937 0.886453587108946 0.886420565635726
"cg15564619" 0.0923568054199405 0.90270401343576 0.678175657249343 0.374457655270756 0.770727976221816 0.925481586509696
"cg24612198" 0.101410268353392 0.745611167258894 0.897155442547094 0.121876921967858 0.902238034033528 0.905359312970651
"cg16871561" 0.141000515061038 0.849933371568583 0.823658785501426 0.76019346157388 0.491897667086404 0.899843062456842
"cg17991206" 0.0984223951791808 0.769922472975288 0.849850335642885 0.343277256401217 0.832608552542699 0.778326856337837
"cg05103064" 0.145551514356354 0.165717559023893 0.90693947929525 0.480908726298935 0.914531399089581 0.90747589168114
"cg05070273" 0.172416743260597 0.862013761296766 0.856771711400534 0.498100197015252 0.869018382743207 0.871012000125223
"cg26402417" 0.884592127451117 0.53545899455171 0.125377993533171 0.876512847100399 0.150205969573109 0.252442900900986
"cg07598385" 0.745297015983261 0.0477494673789742 0.0574837439144232 0.592436907448437 0.0407577335395289 0.269917398850701
"cg24401262" 0.801201257276104 0.557307307134758 0.0452011647798761 0.831677332297367 0.0321092192728122 0.113147700317332
"cg03574571" 0.784606718445907 0.590690298457653 0.0837469155138131 0.738672364704577 0.0658510158835481 0.0468265139402175
"cg21400549" 0.80671993419065 0.0537914543437903 0.0773610826361959 0.525000044666556 0.102628458727545 0.514912098336049
"cg02386311" 0.78920429399042 0.577579317897305 0.0857359443336148 0.74001793048109 0.0823772712294766 0.0473523450066843
"cg18997983" 0.844271149448211 0.661116229288598 0.0616343483220284 0.785948238876299 0.0476014498355068 0.276190003839096
"cg16563370" 0.812252312272689 0.107123850322227 0.112522203158942 0.83275636867122 0.0848089771333275 0.177620699995445
"cg20090290" 0.853909318887041 0.786799571364435 0.12642360587087 0.839628049259361 0.0648381642267946 0.128342928432577
"cg27097542" 0.861403969353483 0.365597886806064 0.0678093178520296 0.868625807107746 0.0555064479344362 0.344222723619156
"cg20049422" 0.890055658907818 0.864583401903837 0.0639850287702695 0.896047462376211 0.146201801263967 0.180670565119206
"cg09169413" 0.808649195436537 0.381854826736175 0.0830578912837166 0.813794015910891 0.124649477775295 0.0686857978771942
"cg22539431" 0.848707575126336 0.673902050188231 0.0703769827343013 0.826337195458226 0.0480539515957414 0.226744045714752
"cg06422467" 0.85781685435788 0.646970653935349 0.0571954629939474 0.855610884535901 0.0627903640393569 0.242039480750902
"cg00409104" 0.834239107654684 0.827701757667347 0.0737038368371994 0.83931089977426 0.058655900243586 0.0637412063571632
"cg21593001" 0.782591382980135 0.106830713069504 0.0615346140731649 0.815855458352797 0.0498164686333117 0.119251974059711
"cg23671196" 0.836595134017334 0.748672492707287 0.0588045182814938 0.862924704608409 0.0484732265298859 0.0895271967036459
"cg05389236" 0.95481840032378 0.940519321635904 0.117966908536829 0.954357277518952 0.282292709936459 0.150493581793445
"cg10453850" 0.896629854153104 0.736705505735049 0.0590141403004353 0.89206296471963 0.0435281573110541 0.331237667376998
"cg08545593" 0.862958301223275 0.839143070674223 0.0697575899085338 0.870126509408018 0.0621507661887156 0.137340210256966
"cg11787160" 0.907778881872458 0.261235316278493 0.199523390098259 0.898461204629231 0.186331727829306 0.226715554507784
"cg18907610" 0.864384648272125 0.792121181333995 0.0640950938172324 0.867896774383142 0.0832988782203986 0.124636103292547
"cg16824282" 0.866078298847395 0.650087489291794 0.107029837718257 0.861291980573611 0.0561172760147864 0.163816884877636
"cg26923863" 0.908924135105462 0.0879610617350396 0.0540765779170821 0.815032241019893 0.0436170756591491 0.64791076873371
"cg23379806" 0.800806830522056 0.352531655622684 0.070318048064862 0.793672017119858 0.0594669547404767 0.0627071525911551
"cg07834069" 0.883908792467739 0.697600336533679 0.0740142398475997 0.875528118960214 0.0580596837137007 0.225362620495601
"cg16922167" 0.831081645240911 0.235875458079399 0.0877365935720699 0.805538418180214 0.0777320931988155 0.180581666952568
"cg01231183" 0.866565094218847 0.391655607920357 0.157141278472662 0.833078284439952 0.141784719075166 0.103243326663426
"cg09885622" 0.836677430629133 0.115856373348272 0.114339766518037 0.704035971485442 0.186799078469191 0.189330793921081
"cg01925950" 0.851573497706425 0.680690319444163 0.0646405442673338 0.852876126612581 0.0829875505874151 0.067536729843355
"cg08772789" 0.857276120582264 0.73875501847026 0.0968730174221926 0.836220789911781 0.0737442409938354 0.0623227292330168
"cg12465678" 0.870948929573516 0.127613417454532 0.0737360916480399 0.706340884331985 0.0623468664336088 0.500728183698659
"cg18150584" 0.866870932409863 0.712037684767298 0.0668761911143745 0.84889076487955 0.0537830080246671 0.152336024203383
"cg03746834" 0.88993098531626 0.862246336197347 0.123714893006939 0.88266080896773 0.071157796006102 0.083437704194305
"cg20455854" 0.77299007737266 0.0619721671978388 0.0594809498453995 0.688187906615414 0.0464188850838217 0.107980595087586
"cg09287328" 0.951212240717386 0.803870754787069 0.133094208869238 0.944800939214471 0.240738095915895 0.100219144626934
"cg22742001" 0.869125052942116 0.698339974349114 0.0733872469628103 0.853839877385883 0.0511462824890826 0.0887886729304601
"cg13468685" 0.818803155832281 0.102668863840606 0.0872395271287281 0.681988702158794 0.0631766618931196 0.211796586712315
"cg11377213" 0.862481246699035 0.707538684244311 0.060982183787786 0.804463449076671 0.0548143678544014 0.105757034758056
"cg15935770" 0.892894347821813 0.802261213527162 0.0734323948818845 0.895178762564648 0.0681635758313531 0.0860255972172429
"cg15982099" 0.904625325843622 0.848434252786745 0.097535543468404 0.901136052654556 0.0779260673935556 0.0780897829649763
"cg23582982" 0.885791873650068 0.3514242803423 0.0581934189827941 0.875759122183009 0.039650942883978 0.270788170604208
"cg22152931" 0.893084077277609 0.815378036820079 0.0751401591179091 0.901338937239554 0.0602910159921535 0.0734531403473149
"cg10376161" 0.872549852810199 0.787885254926898 0.0578339489732579 0.852553231781538 0.0613536414564616 0.0536764305922191
"cg19628988" 0.8332188268882 0.0652419239445517 0.065594091682856 0.751122165344563 0.0706252773007219 0.210075564371113
"cg24448340" 0.896600414064036 0.797330325834754 0.058859568549065 0.891043759098251 0.0435224649517686 0.0929677115836485
"cg07785552" 0.806344488490716 0.115132886616109 0.06944647803682 0.672987460931083 0.0583431146207546 0.0550270497566981
"cg23249922" 0.969396750287808 0.908861762915135 0.0589813608530432 0.965936440000025 0.201249325059503 0.0470614711396443
"cg13448978" 0.910301426593232 0.236645620213504 0.0619411587703678 0.881565060620862 0.0518790380330618 0.124670965619825
"cg02380585" 0.858344294296403 0.0408357746256378 0.0392420425119659 0.836891015613251 0.0277845013209492 0.0284256973317143
"cg27274718" 0.89603654502045 0.113306687299589 0.886063715000778 0.870667935492596 0.895008152790941 0.897118228176038
"cg15757195" 0.838916700557038 0.10688561495467 0.885443575111483 0.806290151928918 0.890775300720673 0.883836970079081
"cg00805874" 0.942699179793513 0.146304516630571 0.953781782089356 0.647685421862201 0.954935564494632 0.968181212926644
"cg11335172" 0.902245689149511 0.139409988388708 0.913369825591258 0.76375316268739 0.904080325078309 0.926713196187489
"cg03538296" 0.857491049180714 0.085909997421866 0.843508768164442 0.723379702599125 0.862866113526462 0.850044796954491
"cg01806427" 0.8702825669594 0.0864572461128409 0.730544879576725 0.790302691694692 0.849339478854446 0.888391083838516
"cg06202778" 0.853061914638484 0.0985509699427016 0.839425295952803 0.688040819919297 0.877943101492407 0.9032758389293
"cg11650164" 0.860354880053437 0.13310056894336 0.901148359530507 0.76416046830072 0.889327961778629 0.912292472473806
"cg12811871" 0.954335899542944 0.145532735649425 0.968385320965008 0.728056848710366 0.975465979045362 0.737696599351629
"cg20657709" 0.875032482410465 0.120393572779569 0.874190164960862 0.728741464191164 0.881492468565369 0.876172944190504
"cg13617280" 0.951040732576184 0.209719241920067 0.934407546013728 0.929605801371992 0.909887282250912 0.951925389457744
"cg25383568" 0.888374050543784 0.168163546151273 0.935501900700079 0.77313699246667 0.93958736176674 0.923622257179984
"cg27582527" 0.77346204086466 0.0551713644088447 0.840611599893604 0.6014465614191 0.862007270179261 0.815575448576829
"cg11978441" 0.765214687816982 0.0795061386854305 0.871198029447283 0.659635895070752 0.879697294496914 0.834784334764494
"cg06588802" 0.791478635127007 0.123554989934595 0.886775349425052 0.752468526469894 0.897441180648942 0.901283456412942
"cg00829063" 0.768021201033113 0.136232295701001 0.89237843358772 0.806063029393671 0.901800481876651 0.904379080155605
"cg21634628" 0.764039255072004 0.0855281097013459 0.890787665102339 0.674884032718949 0.898439088808524 0.784014401390575
"cg05875239" 0.88216695537673 0.144377645619228 0.866848388209236 0.812273233054163 0.88306260442184 0.864511706466053
"cg05593759" 0.850893849198946 0.126914492327338 0.884361567490966 0.767995401697433 0.886368460004014 0.82071816365624
"cg26012482" 0.75681916366779 0.0813733649481911 0.839110250478942 0.687672997429407 0.844872140382307 0.845880212261506
"cg02384859" 0.856720687613734 0.131084724594162 0.904743017070098 0.663605031011501 0.906356372934801 0.888949844493142
"cg21828319" 0.872257444804776 0.135927728023032 0.85477073582487 0.844819533624956 0.890325693902678 0.769638050258862
"cg22488278" 0.890855646516587 0.153683094430016 0.896550395718697 0.783865900277351 0.902387358967297 0.847229032685634
"cg14301562" 0.857873476855073 0.123416996923431 0.881671528069069 0.708513148697213 0.838653815486027 0.877458954505136
"cg06040872" 0.85773143838292 0.130184004299757 0.889866819249653 0.664191488613522 0.884717537824471 0.898496991929908
"cg14058851" 0.891730216489455 0.149832914616398 0.841357312473916 0.85241424816324 0.807012061608157 0.902391707074973
"cg13917614" 0.902961774567734 0.181151510520282 0.903424444627128 0.843537935106395 0.908038955009271 0.875081494889252
"cg19915997" 0.872085037265452 0.175073853117292 0.886224455851788 0.85511537307443 0.888337906162572 0.886919727384053
"cg04784635" 0.760606833906431 0.120352632719936 0.891488931533415 0.686988444443334 0.889200583036745 0.884719161120674
"cg25426716" 0.908503184691569 0.191644450796435 0.892191460494571 0.879622699531781 0.883398363827436 0.899898637144905
"cg00719568" 0.826778253890422 0.0969263250237426 0.863976843017363 0.701535195603541 0.868727636424114 0.721379748410897
"cg26275360" 0.844391928625347 0.131747716274025 0.834796049610299 0.780330396197007 0.863512204664768 0.823699298365764
"cg24408769" 0.935422594480968 0.136488841910937 0.74231514999142 0.885579280463486 0.671488269000874 0.942557500291341
"cg05355684" 0.892855347704935 0.195200433044008 0.897807868264787 0.860168790408407 0.902673387792706 0.906371694234257
"cg13209388" 0.885279342005624 0.169099020698702 0.882595167201537 0.801932509015078 0.865738893551891 0.891262728949264
"cg01948850" 0.848976749467973 0.131672150884447 0.861848116117634 0.680753464608778 0.865830790549814 0.879641206533355
"cg13995453" 0.786795969501084 0.106394655173626 0.798630946586018 0.733411671262996 0.849850916046489 0.841945360199131
"cg07307830" 0.718510962384883 0.095916773304555 0.866752490405739 0.614084458106637 0.881636780160735 0.867107347284157
"cg12286890" 0.84564721866295 0.123852188510118 0.853847387328421 0.684755368589795 0.857226229546917 0.835822188650398
"cg26678144" 0.914218543145375 0.15002845630247 0.924758307109713 0.794513078209663 0.926248345959609 0.63855719450997
"cg27309871" 0.861032444638962 0.145333057244135 0.857219768509328 0.726934727914968 0.865166714893639 0.864538025194486
"cg26242064" 0.841502518460002 0.13974639094419 0.865455975023766 0.709509853559562 0.86935761509077 0.858944244244891
"cg18310515" 0.824326383676136 0.140351693208949 0.877023754864608 0.683997163253117 0.884383328495731 0.874204150179517
"cg05653887" 0.850467116984525 0.139547322095275 0.872182444040048 0.660434507756574 0.875028664128316 0.874515292445284
"cg08326410" 0.889309210492688 0.194879250298269 0.895819226569764 0.836799514929337 0.892613641024871 0.895287585873667
"cg22749642" 0.861445302583243 0.150806431299249 0.884084170549547 0.672731374087824 0.894712932183913 0.871911295509005
"cg18352710" 0.846333126660197 0.130269295328426 0.871258409678937 0.642111515343465 0.876353901633824 0.834119016230832
"cg10592926" 0.903056939122887 0.212465916603811 0.881169284460996 0.885735845315673 0.906814263588388 0.897145707279854
"cg15241779" 0.847230844334969 0.154306469015987 0.8679590682346 0.722130372936406 0.874979131558733 0.868406619590087
"cg10796068" 0.83585719103321 0.136084944525616 0.845229291771587 0.720452404424559 0.858229505617314 0.827267454058739
"cg00484711" 0.150170921514036 0.818632658966591 0.815539976599047 0.305953514085618 0.144737223709299 0.429211092498277
"cg26169081" 0.130976738086937 0.75565271402818 0.562646311964451 0.213873176303721 0.451814194324463 0.16092817851524
"cg00629585" 0.167475641258588 0.604886427096986 0.150718667163672 0.198328697212683 0.110353472613357 0.133719634534125
"cg22589728" 0.280672368667633 0.692065409433059 0.154776538043459 0.383094876708446 0.166067473190831 0.20294447747622
"cg01447281" 0.0781549794037936 0.571113695862502 0.0907844873080877 0.204964753844714 0.0716712079146561 0.133553666323965
"cg04887172" 0.496987940814655 0.714151582244786 0.0756843383728923 0.565071661251447 0.0641693968320335 0.0902645269349978
"cg02017450" 0.326349577841364 0.708414415619791 0.15504871118113 0.345943236426872 0.140339729302208 0.288874677136885
"cg08913523" 0.536539855628232 0.835312350496661 0.0649437903764541 0.648191379505147 0.0455776515824483 0.586055507672541
"cg15702277" 0.33396531549378 0.833798397924764 0.0824328117272325 0.702068351629062 0.0510876287354929 0.700681213441287
"cg19736900" 0.528533265355083 0.740088787717277 0.11084052469321 0.55377546636308 0.0915953104650364 0.0927501487881508
"cg23374992" 0.684523251497977 0.774912681651702 0.0488568447771463 0.456679933987858 0.088795566817445 0.276643150146581
"cg13404688" 0.584360283563846 0.81575011904513 0.106343875356042 0.706581446193331 0.111034172792339 0.245606943783309
"cg09101151" 0.386180144120644 0.71538418521799 0.155874472010094 0.453508920539539 0.155943048497784 0.0916319276089735
"cg11173131" 0.426390075319001 0.713936860755732 0.0551875462308778 0.540844160982494 0.0405635872774295 0.166600727085621
"cg11147278" 0.463651153495203 0.73881320437898 0.0633935525346759 0.555420711863597 0.0514796612522838 0.218906196563305
"cg27122888" 0.10359749193055 0.579527178484674 0.0768753714877932 0.191973355272854 0.064628950653006 0.107011036570129
"cg16651877" 0.280146948524245 0.759639859935332 0.105894115949408 0.51495813099197 0.255113704882073 0.288930354677729
"cg13836518" 0.0912010757842689 0.718239146766399 0.232244391318065 0.32600836508419 0.0647161495576637 0.523638666122941
"cg25045219" 0.170398101658952 0.791941939160389 0.152202890513749 0.65743187407265 0.140623923266572 0.469807977721647
"cg01774027" 0.643501088088555 0.786295528042213 0.0677206163401604 0.660487282921893 0.119668394692004 0.0614093751675859
"cg22729539" 0.231892634062336 0.741294046894054 0.0583361859675411 0.316779690482461 0.0436699762066933 0.68728998539723
"cg07687131" 0.467159904281337 0.726682155739442 0.0834845293066222 0.543641291977048 0.0725809341451869 0.0815580721105714
"cg05376738" 0.0919207760524463 0.696465264288008 0.081729152933427 0.211590690616295 0.361982618255594 0.329529421140551
"cg11481582" 0.402337802757675 0.69475742673851 0.047552768495988 0.516628664661856 0.0515375658935912 0.037656125844436
"cg24315421" 0.289319618218636 0.756141667901685 0.0693332215566457 0.519528706552974 0.0542497556358835 0.420091951088327
"cg05756780" 0.261667589067285 0.776455577264127 0.0578756288333009 0.629089178446674 0.108125463325011 0.392500711166191
"cg16719404" 0.142312026785064 0.776247789145365 0.0762662670889993 0.231876342054909 0.481618473022291 0.506785505430516
"cg21638533" 0.410693325795432 0.863328880268031 0.0654532876882955 0.476357326464732 0.0542738138627484 0.885006118823666
"cg12983285" 0.105856734978326 0.638031912017148 0.0520499796647201 0.228264652651217 0.117785853290247 0.235187105261681
"cg25719851" 0.181393756296539 0.766773630805461 0.272031878785158 0.413522625547244 0.151603660959155 0.360111437099011
"cg26348226" 0.270021912661032 0.677969581099737 0.0599631181989903 0.472123017304805 0.0683430035833548 0.0447020549085917
"cg25020550" 0.258871750895285 0.804983474864096 0.341938712881813 0.296286173355775 0.33317773806739 0.299878225654503
"cg26971042" 0.0849683994715557 0.608679739388864 0.110807041300979 0.176384278419445 0.111562524230385 0.0579296388812791
"cg07675477" 0.186706385775706 0.719378248816326 0.176780281219624 0.336716926036967 0.170497741031566 0.216820528500089
"cg09001226" 0.28149094022495 0.680938631517717 0.0666323175469995 0.327470706385248 0.0582598647197394 0.159911627496784
"cg21232161" 0.463167266091902 0.775838458341965 0.176154097620677 0.554225720327272 0.079344757101453 0.0882582872995811
"cg12273325" 0.164160790171014 0.665177450788817 0.0595214052906696 0.331016784927504 0.128682707921981 0.0765120316518554
"cg07381806" 0.222909743539495 0.793025907501022 0.157422804754985 0.426701715444034 0.410698726490763 0.115318146128172
"cg00902153" 0.111553609844686 0.744624290309899 0.0640966467899825 0.111838004450887 0.0759829907095699 0.733726315505841
"cg18786123" 0.104028454081467 0.627928973475146 0.0493012490308921 0.213801670359792 0.0376289367417418 0.0854251447004123
"cg22897715" 0.190882664979074 0.6432195803771 0.0424141753379746 0.169035144269343 0.0362850842247085 0.090186932145776
"cg11358405" 0.413560587856092 0.757392142148528 0.0437162294930244 0.485537857606751 0.0404525031365698 0.0686856770611187
"cg27218978" 0.471727834457221 0.838303784622964 0.189334662899538 0.580554494797013 0.075216729868535 0.116614617300171
"cg25887844" 0.1577160803701 0.746579394563087 0.135053562137732 0.254279012980191 0.0739281831451605 0.346576285069057
"cg04179740" 0.0988778400977456 0.689941986045575 0.0826732788968971 0.208775036809115 0.0611849636453541 0.226544414505832
"cg22442430" 0.13274703804297 0.749228683596242 0.175552805943717 0.169902712339843 0.337864434281441 0.137183089261175
"cg15694422" 0.413560958856521 0.756046434431663 0.0855847198602715 0.213289113060071 0.0794899302820687 0.184194483203032
"cg18881723" 0.053317089994242 0.683317193045093 0.0583007707678085 0.17164508114399 0.0682879329310126 0.0564529965053222
"cg17766305" 0.37157640558141 0.826994528861784 0.064795247839025 0.484639359290256 0.0704313333491098 0.13492375780052
"cg06117093" 0.154246944962505 0.816123408697751 0.0626218872750596 0.398654958245252 0.0698088296769475 0.170173862786312
"cg23244761" 0.965149001706205 0.957136423164366 0.10180395638222 0.963134020108016 0.962251537586229 0.961665064645972
"cg26872907" 0.936663508713707 0.928146212833533 0.072396529768363 0.932605382872102 0.926121899262559 0.930370288272149
"cg10480329" 0.90437257643552 0.897553464473385 0.0999817097748895 0.901740427428989 0.843350730934129 0.881869073108439
"cg05923857" 0.843129804980705 0.919589238742566 0.0993441025317737 0.912460127063737 0.842327042507168 0.923211036640263
"cg24788483" 0.900773089321755 0.936339034255735 0.141224129999354 0.949333069468228 0.892245821300975 0.933831905052773
"cg19835973" 0.905816567126527 0.9025426911216 0.146659521053446 0.914452081691708 0.921591787335147 0.937264460419403
"cg12655112" 0.903394296067567 0.935608381207346 0.105231989353211 0.936082920866371 0.727373480965624 0.869999175639284
"cg08908131" 0.85597363985039 0.833454170489717 0.0903215020066655 0.834840949462264 0.84838769678754 0.849860459981336
"cg20610950" 0.906674397142681 0.891446881228496 0.0800731380863103 0.909785129352155 0.616063545177275 0.897207147579984
"cg15816012" 0.842390608180467 0.841035378389966 0.117433090774693 0.845066374956256 0.887138763392199 0.90573086066152
"cg04468741" 0.848056418812933 0.860172922616226 0.106447600918621 0.870037711407285 0.822478167051823 0.880059663091786
"cg10624395" 0.887826312465177 0.892187704505915 0.139605755611076 0.884806540580349 0.893773022139256 0.874236799745586
"cg14109551" 0.891176467500876 0.881098377787547 0.116107575003146 0.893526984892884 0.765023049536223 0.888817557659126
"cg02244028" 0.88902102481056 0.867751594882715 0.128116464802633 0.878316070506985 0.839207713280731 0.882668398643401
"cg18066690" 0.898382677152515 0.89104121949707 0.154029232254308 0.890487573672792 0.887958662384987 0.89256323460598
"cg01476222" 0.873392284779686 0.851546037981768 0.10452208242411 0.825247971601704 0.870698124054574 0.772367441384968
"cg16429499" 0.910965118125954 0.877929497862064 0.0760403314146671 0.914178143206973 0.898802326255015 0.456192921175311
"cg11597902" 0.963784916520244 0.93761592497032 0.0641869212193765 0.961887070182674 0.25543977914645 0.954383876294071
"cg03339817" 0.971936958167034 0.965949341316423 0.203880130196567 0.971631712920416 0.969796417611542 0.785429156526196
"cg11231069" 0.811723792610484 0.604919118175952 0.0755359846906433 0.79245768069225 0.951307016043312 0.700252480032002
"cg22675702" 0.844822370493617 0.828287145664935 0.109335975337059 0.843622914024695 0.806691690903878 0.828412623555323
"cg05445326" 0.917947974349848 0.851319159107213 0.181250531154578 0.897245431156964 0.89091752467004 0.917978923585056
"cg16636767" 0.872681899007895 0.873436231894808 0.141272224781647 0.864259682292122 0.847517502608291 0.846426400989951
"cg24365417" 0.852369796326142 0.798525083833144 0.105625503781922 0.847110274574364 0.739732980828602 0.84817586899721
"cg18770149" 0.847043440590158 0.852058455619146 0.142691789384434 0.843092737334222 0.854509116965055 0.877539559814576
"cg10154880" 0.893695545325349 0.73729976922597 0.0979459598707718 0.896365787984867 0.882810642045257 0.584376326123549
"cg02780988" 0.837123852188965 0.817139034011974 0.107229214482426 0.830295768953836 0.827781064520026 0.778665586942724
"cg10499974" 0.902474661212135 0.885465756066582 0.0620282978599857 0.906431635408579 0.398033690307263 0.854876693885787
"cg07002540" 0.825542933096561 0.809221812446727 0.105150061685046 0.854495265443701 0.707980074429945 0.875068579639535
"cg18835472" 0.857676023297715 0.846595039958486 0.0925272220939801 0.862968748097798 0.653126175240742 0.814326438611175
"cg25856090" 0.906856159720627 0.871354783505856 0.0967464453857307 0.901695669528536 0.458175586584289 0.90463142723239
"cg11186858" 0.973091559771062 0.936401280827717 0.174734876976097 0.9723563394504 0.572762842416873 0.959303725555057
"cg09220326" 0.891040828580825 0.870818423311147 0.0824425927177429 0.880996810594955 0.439654439859534 0.887101725263173
"cg27366072" 0.882014370518008 0.865103041978266 0.134056956080343 0.877432507040826 0.732762352636586 0.822186622460034
"cg26326621" 0.867224899867544 0.844694462967355 0.157604373514537 0.87813475911652 0.827373930019293 0.846878115622638
"cg07213487" 0.900859799734318 0.83965881843798 0.155342433902599 0.90148852569974 0.89638866772171 0.704592032509095
"cg16875057" 0.872785273827774 0.831744156999376 0.113193594523994 0.870355404115095 0.618945084626681 0.869081517246699
"cg20641531" 0.892138621982631 0.884685804316049 0.146718286698624 0.88851984766087 0.689580484904621 0.884875001940767
"cg23791626" 0.879521093621416 0.848901436604603 0.112281125463652 0.878237922185974 0.820120063837831 0.628232767592441
"cg01797381" 0.869800667891577 0.866681471635062 0.136697944920646 0.86288406385848 0.748534877420244 0.825899989437932
"cg10278149" 0.863618202611435 0.855229686262711 0.106023364480597 0.851323268408853 0.661246090552388 0.79770825835093
"cg23391288" 0.854978449645775 0.894915009308964 0.181496964347706 0.869173230422242 0.898548260433534 0.859305129440268
"cg23146741" 0.834083593771246 0.841244775250477 0.103637929099641 0.801267585089795 0.772905769294811 0.753049516712416
"cg04045544" 0.849144337381909 0.832044892316375 0.149339941552347 0.84138189209185 0.820058115572505 0.828208685324569
"cg18599081" 0.89430139020136 0.894494167091137 0.114234042350997 0.895498000963371 0.521394338059751 0.861178844103347
"cg09856274" 0.879313686390627 0.799018498834391 0.122092616566349 0.883058115835272 0.879212113951292 0.580685041351959
"cg26124526" 0.833650327704543 0.827183903708701 0.112470493609618 0.841415716198059 0.652641720733548 0.849811255151621
"cg15872437" 0.870970166861595 0.864808418545538 0.136302877440744 0.862818009089798 0.659681394043423 0.871328585240225
"cg00101629" 0.85982204434659 0.876138948435164 0.135001399274925 0.840011323858295 0.800664729138365 0.744951779459838
"cg13290254" 0.889222704810136 0.872975138546835 0.184613798967554 0.882542051985645 0.832060852941363 0.854476145291246
"cg20171453" 0.119716453762313 0.517776705228946 0.804597950581686 0.135735354416088 0.755819332113459 0.109795496100759
"cg07706695" 0.0424973794719222 0.100476088477168 0.738242937484788 0.0451556963340433 0.759175304853435 0.119511652961568
"cg09621572" 0.132470991150067 0.0997780294289665 0.798288932083359 0.170943955592873 0.804052034370974 0.113954670989453
"cg09736959" 0.108570774025067 0.159568730829826 0.795571222189896 0.174144656201676 0.794014040763715 0.108600679884317
"cg20513976" 0.0260565494993914 0.0699807382630732 0.763607091344619 0.0307257751712555 0.866076846430386 0.147179902005231
"cg20055861" 0.160174715031054 0.385529009144835 0.837599166790988 0.209229751907453 0.854591198650136 0.0565052972218873
"cg20611272" 0.123717294862817 0.156927889663657 0.895728004459899 0.15656138891693 0.891589007009748 0.44424665592007
"cg11316887" 0.195354937947774 0.109960757363208 0.824638292740668 0.125072163928769 0.873621712560625 0.117415840965633
"cg15519096" 0.0604420932141706 0.238771809286055 0.833034393569673 0.0881067978464691 0.86662095198064 0.281268417649736
"cg02879423" 0.0823266725325876 0.106557923230963 0.74402323162941 0.118548318187817 0.070828055577042 0.709827223461992
"cg24010658" 0.0439437683427469 0.227614196830105 0.884771824170323 0.0548355714160457 0.882701560267614 0.544617304087694
"cg01367992" 0.0915208071679511 0.432790830756741 0.894255613090631 0.0774953216861568 0.899476708162759 0.42644859889908
"cg21830221" 0.0856662748179283 0.10840593943113 0.763046890987194 0.0863003039244646 0.787041446736632 0.0679972148384881
"cg17161520" 0.0686265291494697 0.189504003050668 0.767866891635194 0.0672969334959019 0.820159306613869 0.056285144776912
"cg27027055" 0.0572386404725253 0.203130897843885 0.874568407901359 0.0651139424888401 0.861807282479411 0.493622098735451
"cg03728799" 0.102035374777988 0.294954000706988 0.815494851069683 0.131349952086305 0.832061939627697 0.114466560419745
"cg16219283" 0.115557054113268 0.145979443771816 0.815207914281018 0.166750381265386 0.831907910651221 0.10140147246442
"cg02505177" 0.179860010436495 0.135898006725904 0.797414517266352 0.128011563514705 0.787663000783226 0.0459860080242126
"cg08224785" 0.108861145408927 0.706604766358848 0.734865292763464 0.142716811270531 0.222795266990646 0.221547718695435
"cg19097880" 0.0462865373011447 0.0693737674705758 0.730562818120012 0.0494589970700784 0.717193644877835 0.0494968711862818
"cg01170124" 0.0471313623057839 0.379474527330796 0.865232723911452 0.0531090712565487 0.886734510879838 0.357586604035126
"cg06208288" 0.176188871073997 0.092154253038307 0.934095011156509 0.153676425871192 0.933660552173433 0.47604857994791
"cg21577598" 0.0412131699449848 0.170566191069239 0.847940914259244 0.0513938861319193 0.837020973773617 0.402751655866252
"cg02402436" 0.067046567064233 0.0797064041836142 0.763202272922809 0.102893271416757 0.763560802017946 0.0533711070818753
"cg24520862" 0.049923242277407 0.0743364519410793 0.758917638560706 0.0557361604230757 0.752953147315549 0.0994481573516057
"cg13554018" 0.192888401358846 0.0820310856497469 0.81816104093643 0.126626997026423 0.787233501865018 0.0757212021169424
"cg26217402" 0.223259792416153 0.351844797489035 0.879975827643418 0.156705365714277 0.85228288111246 0.122561566386998
"cg12609063" 0.0732811368110395 0.087813507617018 0.810176873843324 0.0738883318719638 0.62396891582324 0.364521277336878
"cg03961551" 0.0773546728881473 0.103724280343034 0.819600211659263 0.0811170595792145 0.803633239669687 0.191970766119711
"cg19510565" 0.0454181571139941 0.0838779041312316 0.80061839798439 0.0482543402852721 0.803062948312247 0.175417748016699
"cg07069934" 0.0745007110819821 0.417056271810346 0.830716848806425 0.0717156689420459 0.839073237225567 0.1026147461793
"cg14597739" 0.146206132110988 0.179797572594319 0.877698153819997 0.201173965909985 0.886345547295608 0.133023815566664
"cg27377289" 0.0796526039883702 0.815140167608296 0.8824582114371 0.134780866843854 0.898093844841218 0.0539555962068983
"cg20805133" 0.0540125757774445 0.337321302170632 0.885389021961154 0.0657524488311531 0.918781436400898 0.301156200462489
"cg18148314" 0.0802998041469571 0.097206086268396 0.841998242283215 0.0751424025845948 0.840203768912034 0.227674600493718
"cg21359303" 0.0840486525894526 0.169801059369771 0.899199925456222 0.100598151746827 0.912894317044615 0.349034948667881
"cg10639435" 0.0851799889019622 0.107351911651643 0.835160377421816 0.113735069592145 0.495118997601147 0.503116839671687
"cg04722215" 0.103362844227085 0.134247363384365 0.86176818146955 0.0993677329602092 0.790175273782524 0.286600811357501
"cg14165142" 0.0543053129595278 0.21466327740849 0.842996816702376 0.0615532008573638 0.839390940079297 0.199379441619479
"cg03795574" 0.0910693353780496 0.318595991708794 0.673425837634377 0.119742225443974 0.0885763153938929 0.091692809905395
"cg21999229" 0.108114566120568 0.124577464690015 0.851144277800084 0.157994307625414 0.852124176867321 0.0873599580088564
"cg14437551" 0.088005834262291 0.0765246217566017 0.836954999357426 0.128626767639368 0.856209136639016 0.0712084247801114
"cg17078393" 0.0873847715708561 0.355920291582318 0.860552767200488 0.0933985493922311 0.866001116344346 0.0931470972111359
"cg08169020" 0.039612006524454 0.108931240243695 0.864557588498479 0.0441989272420217 0.887599901462349 0.262712010418058
"cg17169196" 0.09218923828591 0.132534247448091 0.866089983383321 0.131947533753534 0.879998784150937 0.0816919348491078
"cg23213217" 0.0893923724244005 0.464298836063836 0.789833283110076 0.102144559714262 0.142855112944722 0.431032300751858
"cg14441276" 0.0699225284948906 0.0944473382185997 0.834556190274562 0.0967164231004526 0.836727906798671 0.044751266281782
"cg26348243" 0.0736871716227269 0.527455806055153 0.920299301503582 0.110564385035321 0.932548659398053 0.128510370061854
"cg02737268" 0.0750754625475173 0.583915087926821 0.904590791038088 0.0756148533784675 0.925725557322724 0.0582577255187328
"cg25939861" 0.749622737818115 0.619389806527389 0.851855244753642 0.0800489492259692 0.869157034122602 0.866019610254978
"cg00219921" 0.788360959532845 0.838392529689382 0.884407516421672 0.135752411486475 0.887678647256107 0.893210846575194
"cg14094409" 0.382199767762348 0.173544115978486 0.951816664875566 0.0891666518052377 0.959944896023712 0.91088726155577
"cg11531557" 0.624983106935116 0.843436071313254 0.891163286853673 0.164444934543438 0.896183081192352 0.894565909363612
"cg22512531" 0.423570785458472 0.33209883997218 0.866344338750738 0.0808131533237757 0.873937272241318 0.882100557270177
"cg10977115" 0.347093692620143 0.387705397225842 0.88303722932962 0.0810398783986534 0.894236411190167 0.893908939130482
"cg04042333" 0.512261348475635 0.126033225642848 0.954496081662365 0.160286213649306 0.962547973828037 0.906513918314268
"cg02324835" 0.365179094340985 0.743542761269155 0.847973531260622 0.120378401229908 0.872754536515657 0.866754683825077
"cg14506192" 0.469170981687663 0.137462702447337 0.887601226152289 0.121427308060535 0.893050405216184 0.886350042552192
"cg08418872" 0.642772454451784 0.362782078292186 0.928901816021232 0.209948341503541 0.901030895259893 0.960324113216679
"cg25350872" 0.871945201984176 0.831616745379249 0.914146667676474 0.299403582836181 0.92099269902561 0.912216186703833
"cg08450017" 0.143735317949111 0.561521203002064 0.919125188860708 0.125629884814961 0.940945783485462 0.927726916209027
"cg04759756" 0.384548904616273 0.686893485470939 0.895962951670174 0.168798978840007 0.89630473310304 0.896257415934103
"cg15880738" 0.0583103655092443 0.630776646888195 0.86499126640822 0.0708574391656569 0.866230146896129 0.864563250067371
"cg20894640" 0.166427666237564 0.162926711532106 0.887127976488124 0.0859507531723058 0.898481455691604 0.898470109283406
"cg27470208" 0.0869540349501553 0.393249850205826 0.870328436460317 0.0704489028572337 0.876724512034174 0.867910534373777
"cg09354050" 0.0492556214163335 0.227671329133311 0.87149001014865 0.0527827394213726 0.873030845686253 0.88263970573497
"cg00277591" 0.060720216973632 0.172183017502184 0.895064310868205 0.0614597973484185 0.866671299162543 0.909260507878927
"cg22689323" 0.0725888198438978 0.372518791880974 0.861417038136779 0.0731160121180113 0.879861912859828 0.897961223103308
"cg18857618" 0.785062087905549 0.884395747856548 0.873050100153399 0.268871651956623 0.861368933946122 0.869122499346795
"cg13750061" 0.0738681256021585 0.838075776097738 0.84774198964373 0.0938713566907798 0.864009561303134 0.851438595082246
"cg25535316" 0.625826327421523 0.770956317435448 0.871474397960313 0.212499532310361 0.860682272770479 0.808468781146586
"cg03030267" 0.363981372383475 0.600769956160496 0.861476920058772 0.138304046086255 0.865559340696662 0.807685220588212
"cg16374333" 0.0819112143153345 0.348522846214014 0.861857201198689 0.0724532268741806 0.867579634055153 0.880250585455121
"cg10111816" 0.0661149539485731 0.813562903190926 0.838895603505975 0.0816903123864338 0.832174391716255 0.829640387524332
"cg26137915" 0.0748014581566833 0.528268238868177 0.859560865956996 0.0854710294659969 0.868513904024378 0.866493629401467
"cg09232358" 0.171796001125199 0.839071697756963 0.84091979935807 0.132391334891013 0.870725279032316 0.87708181354633
"cg08622923" 0.399280788560061 0.159394574250479 0.846480303477925 0.108397753807716 0.817665089511694 0.816443344283037
"cg26234900" 0.322018145634798 0.623037063017748 0.889286825000877 0.141354880917991 0.901629108060982 0.749467048706312
"cg03172657" 0.183275953665355 0.726405140266381 0.729195822737044 0.0720516346154279 0.711766421214545 0.912213135931558
"cg08109681" 0.0698448490625967 0.0969227727880281 0.87747831588135 0.0585803971873361 0.872988530842881 0.85602921796318
"cg21330949" 0.139110308929103 0.13223728985701 0.85429498233768 0.0648332827042531 0.857363702254965 0.832741186268412
"cg07573020" 0.0501868573459593 0.280739849288796 0.862808191460249 0.0704581123377622 0.873395316219333 0.866494539888045
"cg15392364" 0.0467365842749333 0.547993942295079 0.86209181092838 0.0569689106125593 0.868231178264346 0.719901975100068
"cg19529732" 0.170316155273673 0.0931523113976478 0.83996729907334 0.0506010594137279 0.822003170801978 0.78140642264308
"cg23752651" 0.632822742156506 0.311220284654667 0.836637955501518 0.190004397386141 0.79427551708471 0.886876632846671
"cg09453312" 0.0477445589455908 0.0788845807655252 0.848643369039121 0.0537088554331098 0.874201811600902 0.860433021018725
"cg11804414" 0.236505976661772 0.0982664292205941 0.837447112028021 0.0594173150274872 0.798129106263724 0.773660558649374
"cg14001486" 0.0870354894254805 0.177323956008799 0.875720704730359 0.0836153626022119 0.878234006025203 0.880887518923416
"cg23950714" 0.892564011883289 0.84355584605058 0.191954828504167 0.919992182870868 0.137214191611145 0.198323687157602
"cg18522931" 0.71034078576383 0.654825543607718 0.0758206589413869 0.790877980937586 0.0586860649434933 0.0664778781511208
"cg12774429" 0.803911576081243 0.597531345540643 0.0814500551798207 0.818025243264899 0.0783848013772465 0.0788503204311412
"cg13443575" 0.624938502653629 0.0747726713066655 0.0647360313214929 0.730792447555781 0.0555769004590185 0.0881584193446324
"cg19118951" 0.770607130931826 0.61268883429909 0.0808708604743097 0.86535437150059 0.0398349833945385 0.343708548418474
"cg13247398" 0.488839155018979 0.108252750140734 0.0773902774258619 0.720019177008706 0.0712814146874729 0.124878676494713
"cg09832245" 0.792758750693863 0.530917263942623 0.0763319726534834 0.805674889923003 0.054250727974714 0.0690238482651699
"cg08215318" 0.744387893185924 0.756811496076791 0.0846239826398819 0.855328114275616 0.0707693647117937 0.228441271088283
"cg22948808" 0.738066170436536 0.527442286111271 0.0760594446011932 0.860717445184173 0.182326047289903 0.227732404164495
"cg12426092" 0.759988587615508 0.258481309667885 0.0805483061880488 0.801454110177195 0.0727849786843456 0.136528294488866
"cg13795831" 0.864896459898213 0.72071983812823 0.136730161191467 0.907128150527005 0.142014077519913 0.191748287130784
"cg15381475" 0.749584309051662 0.347871987451893 0.0372587502587938 0.813271828865124 0.0294209412139534 0.210259420146863
"cg01543184" 0.873466867902514 0.263718149643234 0.0815681757412847 0.910136045961874 0.0717615607708641 0.430985879485663
"cg04354393" 0.582086369478351 0.0521567273360785 0.0433168695297818 0.726395618423862 0.0360226572806325 0.045701098087905
"cg07799277" 0.709054209253453 0.466826028088342 0.0801635329439734 0.815756690137494 0.0639576407005173 0.104790491961773
"cg23018755" 0.784417223157867 0.182709828884826 0.0596289025569983 0.855385996453134 0.0478589307545916 0.338169553892866
"cg09145126" 0.780818544980122 0.621247582393388 0.0729704642867723 0.843879383251832 0.0583196013433748 0.0782298556207765
"cg25711558" 0.742640341325875 0.195177992119751 0.0519882431124577 0.801866627118662 0.0408695033665856 0.053656928940167
"cg22193912" 0.798930219903988 0.15131981288472 0.0425512558696762 0.87690701460777 0.036018144533752 0.329987869153352
"cg16802439" 0.976654333688273 0.967769940214147 0.763988674363028 0.974400452613041 0.0649081801205165 0.976367152089325
"cg05398700" 0.956610584811844 0.949888448638278 0.896167260172259 0.954653238493301 0.0922733138007344 0.946239895918795
"cg25739938" 0.909193913654215 0.894290097332988 0.874625534499877 0.906545003631745 0.0541853096354403 0.911216422522276
"cg06270401" 0.895679590174041 0.877487799295099 0.849153827988621 0.893444313785763 0.0473790394532717 0.912085094425832
"cg22381196" 0.934155713149932 0.913828493790293 0.701413973392553 0.928884818320645 0.040411412531397 0.935292311775706
"cg19037107" 0.906658299586377 0.890369202693915 0.851683499677939 0.903256521312184 0.0611114152612756 0.91079359049728
"cg25600606" 0.918645302973545 0.900017904850778 0.86357910477111 0.914862914906925 0.0761097043012433 0.916627115566496
"cg05936004" 0.909342885886572 0.866100719221068 0.796247848800308 0.905132180547528 0.0516577501278905 0.908457453243252
"cg05627557" 0.890177890381182 0.876565003056218 0.70494144011619 0.883989394759622 0.0290762241281648 0.891926291983374
"cg08253808" 0.906422559895098 0.87926064375429 0.747810318411153 0.91084010489075 0.0542133366829932 0.896631382056095
"cg12483340" 0.891271591636225 0.877381165568157 0.785128803322213 0.88865405910959 0.0576484081680891 0.882990945912411
"cg13468144" 0.848798677742659 0.861876814274584 0.874053819044993 0.889805018473563 0.0719005827688094 0.900481586000386
"cg08154963" 0.881545567162334 0.849869580706534 0.804053864976361 0.883022712633312 0.0591098145164978 0.879493148930641
"cg13595556" 0.902498555427378 0.799217787567218 0.691717869475673 0.896138496234826 0.0457925634194808 0.91193283118647
"cg10487428" 0.89273583659424 0.858793394786598 0.78313143344322 0.891204922444573 0.0672420921225192 0.896770921038785
"cg00705730" 0.870986620383921 0.855470396589351 0.825248000270026 0.853438408901859 0.0603047410094712 0.876035431815012
"cg23819411" 0.932204949056869 0.914483731485018 0.753706085020005 0.93181290755629 0.0944903161278644 0.928360831668055
"cg10611016" 0.909796684544246 0.903143666568334 0.666957372873904 0.903610677954548 0.0563800366651319 0.900094433609232
"cg17852482" 0.877070404579265 0.846627974733786 0.832135039483449 0.872923049969802 0.0698103465774039 0.870305142070132
"cg15878616" 0.974965351347094 0.959806013704044 0.542209233993126 0.971590478749208 0.0776356618335918 0.969055114962198
"cg11014468" 0.905854131450297 0.883103062957736 0.885123865813439 0.903354143006018 0.110102744294282 0.909341104671195
"cg13652008" 0.911333759964327 0.881961056785336 0.822911184000238 0.90910984357922 0.0990385027994378 0.912938530408457
"cg03340036" 0.886792918823415 0.885140921749262 0.741056992050336 0.889411870249245 0.063906593446155 0.880947622516186
"cg13618969" 0.893656566466195 0.883840746916948 0.868872733259097 0.891455381772226 0.0953086330977386 0.877605094632992
"cg01692842" 0.852893468687023 0.847120358608323 0.798329728213431 0.853379453637371 0.0558325487446573 0.862625086213005
"cg01699630" 0.882784594851922 0.864141335937088 0.868203003205207 0.873142912997757 0.0903812207934455 0.885550785613718
"cg24504014" 0.920772567225784 0.903652494297834 0.64998282971707 0.918000346936277 0.0674730455151092 0.912944439600872
"cg25074794" 0.93762042202079 0.9242395480849 0.849961462329094 0.935349920149275 0.130916674821181 0.934231644989488
"cg21685770" 0.88859625123236 0.887492666373924 0.673951118194578 0.886227989824522 0.0485376679803666 0.850435165958186
"cg24737761" 0.885862379153805 0.851102869779815 0.802089125587492 0.872703502449551 0.0789454593744984 0.879649359976125
"cg15658793" 0.919249441359257 0.888415813162235 0.697120691335959 0.901318375710563 0.0730702300964 0.881735091039196
"cg04858164" 0.885718616855891 0.888780816010896 0.798989608847798 0.877737424569531 0.0841243670488942 0.86990587163406
"cg18023065" 0.964470286264215 0.953412903029801 0.410273767546304 0.963831332898593 0.0582415987130922 0.969343092623186
"cg21792134" 0.906907045713523 0.901062412586924 0.846316723799795 0.902864213824432 0.117767267051016 0.912617714954655
"cg00439981" 0.899529366911423 0.899037999633932 0.574871869963265 0.898999775338522 0.0472620620937404 0.896315154544842
"cg21285555" 0.893674101222218 0.826591645022609 0.819520627237277 0.887510305403775 0.0956571112197434 0.895966513287167
"cg07409471" 0.913816219577511 0.895552264868182 0.820028642691389 0.916172024306384 0.120024611829263 0.923720419274061
"cg01923724" 0.875129227970309 0.87227792962936 0.856218647161673 0.874859535581766 0.100024306375343 0.879538849313108
"cg11313468" 0.858333754968919 0.828949295155112 0.732763684943871 0.847918331941918 0.0530978278986028 0.858675224816144
"cg04609694" 0.870351510980729 0.850822832961035 0.789179481912042 0.865631341248139 0.0785729492424636 0.864180303990011
"cg00660167" 0.96321914042149 0.947979394239762 0.811818553691355 0.960859516828334 0.157751391731824 0.964347493710005
"cg12809098" 0.905500467117517 0.894675051307625 0.669221055034685 0.901415473334403 0.0853886405416055 0.907360380795678
"cg17932662" 0.89138055366052 0.880501759013503 0.632253591155068 0.894265371353321 0.0711195146181599 0.897583721490704
"cg09166556" 0.916198622446058 0.893906760911536 0.671533525039007 0.90968203640753 0.0821353710358177 0.855693924755553
"cg23338668" 0.855379222865658 0.876899447693292 0.83357228623526 0.850404646503567 0.0948784623524798 0.8656362687631
"cg04855678" 0.923976878779866 0.810654501503866 0.595301154539791 0.920721666214695 0.0769813796876354 0.909981318833505
"cg07561747" 0.863297701327643 0.850840871398726 0.62970570693985 0.880440286563242 0.0616682477480679 0.886062548070104
"cg09859659" 0.880421954018977 0.788858872435377 0.855470624466212 0.878621296730585 0.110669488890619 0.870158934440117
"cg11070172" 0.956143204749928 0.95185236425385 0.922924334941744 0.933547982432623 0.191349264445249 0.953756993580706
"cg07516556" 0.885861114345545 0.838581775266084 0.643584341472309 0.875852230924937 0.0702630017430604 0.869877904718285
"cg10145533" 0.0746256956083102 0.112607171639022 0.718621159399076 0.0865811395340258 0.765793720791659 0.0841527669200075
"cg17322655" 0.0779227937610961 0.5585076216895 0.813780777679646 0.148505141582496 0.935332024197291 0.489932615229639
"cg00754552" 0.544282317822753 0.231820128952867 0.110377403753612 0.489650277965005 0.838420079029127 0.0806143875337064
"cg15903956" 0.207568049122512 0.756801639245765 0.707742760764595 0.171033891868118 0.868206215783827 0.0701341859220447
"cg18128887" 0.0295604340390244 0.0706021512597978 0.296272217363296 0.0341752282572135 0.645585250350481 0.0388574241674837
"cg21959598" 0.141404114043237 0.0923475752448015 0.824544660213205 0.224590935723505 0.864745937285384 0.13308472579348
"cg09221159" 0.0547120993176168 0.0884853247275537 0.455359058542599 0.060805827977877 0.730944972333462 0.150509607882938
"cg12810837" 0.0490578786376773 0.113643062068685 0.693757248845392 0.0557310970169133 0.771074522567803 0.0590700304670718
"cg26404422" 0.0694436375177383 0.150873671163847 0.728173010709433 0.083564853726819 0.809115149098802 0.123751792346896
"cg14480046" 0.0905019493682615 0.505110302689368 0.864592745841004 0.101144396060932 0.915275114466625 0.28737903705409
"cg26106166" 0.101083668364298 0.0829126204612633 0.630632034256745 0.0951227626563087 0.794598697339231 0.127944784081996
"cg03526142" 0.0459484137218057 0.064950919106971 0.745735851557244 0.0550216986442738 0.844899626848833 0.31972841918442
"cg03889044" 0.0708736166616671 0.455488105455008 0.509754032832738 0.113448628064081 0.861353653293402 0.419966879042431
"cg11354682" 0.38645143455858 0.107516543387416 0.115940618566742 0.447615511032147 0.820302466874871 0.0654326924254228
"cg18920397" 0.052463666132354 0.0971667104977495 0.709179852708641 0.0536742119750227 0.831404951141602 0.147289284255517
"cg02212836" 0.203728600976797 0.244638321633024 0.148618370325833 0.259219131751193 0.781003034546524 0.0653116191178469
"cg00795812" 0.0594821359234808 0.417646574211971 0.231389912683159 0.0951412804884869 0.815724456649585 0.33686874446816
"cg10699171" 0.0731672375773659 0.0898170171751307 0.536475182354071 0.0786487161164271 0.813267789903969 0.104460954905429
"cg27051683" 0.0591042421741461 0.485971332949126 0.49151140825721 0.12444939907061 0.921788713565374 0.44850578000289
"cg23280720" 0.0282356249573917 0.357277917904356 0.588308909939914 0.0403562905613994 0.855781523535526 0.207827169991675
"cg00446123" 0.0444560705619936 0.0620271523255738 0.747463438524109 0.0451714180306383 0.879098308734744 0.134276393383584
"cg26341831" 0.1284205404915 0.0497700886387077 0.156144689908889 0.0499283031020872 0.745871104078673 0.042444630856992
"cg23954655" 0.0615458456614626 0.137673918502536 0.121105016844892 0.075340631062795 0.769697612207455 0.0636205140920464
"cg09993145" 0.0899677619563472 0.0882601822502028 0.111159711260781 0.0795647695913387 0.824002793775788 0.226164089520471
"cg02212339" 0.949208626819043 0.949696893904847 0.955362522923098 0.948639512684231 0.955818648264889 0.077411520830064
"cg15348679" 0.901931598268273 0.947251475343953 0.879660214753866 0.96734874991652 0.893856079458262 0.0478979169828855
"cg15241519" 0.944581715950989 0.840386718465618 0.882055694780181 0.922298681846339 0.954657464781211 0.0604893275172823
"cg26692003" 0.970860491197896 0.963244781778021 0.961647264647455 0.970843918487228 0.9659727332865 0.108834934958305
"cg17768768" 0.951561846638686 0.94367345118448 0.942314016540767 0.953838707974548 0.953163449132169 0.0917549100744227
"cg25131632" 0.930630703242236 0.936735488337607 0.93995642455069 0.922164085989228 0.94453523894152 0.0805947558326728
"cg27106643" 0.911555991579205 0.894040460630244 0.922459401862752 0.922563360221016 0.935364233185866 0.0740405222839329
"cg13738327" 0.94906852264394 0.938567166678432 0.962507222766838 0.938594789159022 0.963219006821664 0.106357829153925
"cg17995557" 0.894886545145819 0.808897561993337 0.894563027553427 0.896369139188651 0.896099758785891 0.0483886850740135
"cg16210395" 0.88270836274986 0.895989591589072 0.901437261869754 0.874041202419018 0.902529641579666 0.0507182487357263
"cg26552743" 0.900324702883558 0.86813367200471 0.873518613703554 0.902975759605733 0.859145239662974 0.0433591944842057
"cg00464927" 0.957758437868872 0.918164084553424 0.949723452367334 0.95797157983178 0.956320112120206 0.114554269311308
"cg14482811" 0.937042916415711 0.871416921909517 0.912684713297188 0.933602913763935 0.90185933359247 0.0809102925844205
"cg14936008" 0.906855066031752 0.891996024266508 0.893556028258871 0.901275137793281 0.904678748169483 0.0679624601918027
"cg11661493" 0.88898606092649 0.88199557627754 0.873802278466525 0.889121546419225 0.876239575129497 0.0493195710353546
"cg11699517" 0.975128287779213 0.96918669544187 0.958326719768728 0.974040377649097 0.943685896313591 0.133440663453031
"cg21248060" 0.938582169663027 0.719277812722815 0.937975488894011 0.919246270494459 0.938907722009102 0.0880200994753045
"cg16148346" 0.897423099395914 0.878432137379117 0.887921522723188 0.894833589351774 0.892208316418123 0.0639673672081901
"cg22212560" 0.918370298223812 0.891322738693406 0.70770628308464 0.919522686574058 0.881922996105066 0.0331343448038876
"cg26438284" 0.910635954834089 0.83712838111152 0.908495147716231 0.873582787555698 0.886531340725621 0.0676186658093999
"cg00760938" 0.879946817378148 0.818681409696145 0.879990268967735 0.876160991286756 0.86951824974208 0.0506354580090662
"cg27304328" 0.903808901884008 0.890813953426028 0.863154791110061 0.903162130870059 0.842837429992052 0.0619582228480481
"cg19260718" 0.891085002874259 0.879632426609997 0.891795133960735 0.8833011521341 0.8894237329023 0.073407546303466
"cg05480110" 0.955012713005278 0.930994185542764 0.953412908055562 0.955668057815655 0.960353220199522 0.140639159713402
"cg20666585" 0.878981157761868 0.829252611311422 0.893033361888965 0.864540900897644 0.891062300280953 0.0664344278654965
"cg01024458" 0.843118477703764 0.847069118212353 0.887847177568131 0.863167721706927 0.899058802394366 0.0602739398957231
"cg21596498" 0.86825292405865 0.840994402093492 0.880528903528316 0.886255987436057 0.886471170218164 0.0667632668965524
"cg26318872" 0.901866366674286 0.890491709056454 0.900543659974199 0.902354472134448 0.899625858843311 0.0941621225245018
"cg18184053" 0.876084716147968 0.760335678275241 0.841388192873223 0.858175313494932 0.839670145513916 0.0410842185633152
"cg17232476" 0.888708940711743 0.853380163410957 0.86076246573069 0.880956054933235 0.889515236868198 0.0728237636324757
"cg13356455" 0.877036455492389 0.802855238116496 0.872732788563678 0.871581608950497 0.870553510377754 0.0632663388237497
"cg15532942" 0.857421366923941 0.835107701547985 0.887436238719815 0.873775465108327 0.880490477707749 0.0680492994777932
"cg04828493" 0.937540280659311 0.664493022445791 0.831554702816332 0.933234274884921 0.952509391039455 0.0957229221008993
"cg08162476" 0.932370644938326 0.824014250588344 0.819640377231777 0.937704236737367 0.905626797686477 0.0946755281206709
"cg07145038" 0.903681127887368 0.878711208951928 0.90649404748764 0.889505888412392 0.882220403888476 0.0967363619141859
"cg05524458" 0.916711755181554 0.890488580642452 0.893824974582624 0.920784789483561 0.77315467896206 0.0801815119233451
"cg05891759" 0.869783950913306 0.708872775142239 0.86099767337962 0.880663485673231 0.893762802464904 0.0671432770943069
"cg11774624" 0.901362054757235 0.857614574716465 0.893915833529285 0.905762698340847 0.898654999730036 0.103349204963605
"cg21743182" 0.86595653367605 0.835558542313734 0.86707596736552 0.866415010727325 0.87502658892908 0.0728410523154517
"cg20452738" 0.901771997069071 0.872836157393776 0.898866811681788 0.899853280048636 0.895629015182823 0.105057384255228
"cg26795340" 0.849864542066465 0.808964728749369 0.834978694868831 0.850231820373417 0.841212996683179 0.0500021880205647
"cg01869288" 0.834723520090174 0.828674054356975 0.86270353906388 0.818762794580546 0.864283783313685 0.0532465100154615
"cg01868869" 0.897977043147574 0.894939719934613 0.889629143764346 0.900974256957372 0.891078986362992 0.104210813553494
"cg25683989" 0.873084869560538 0.830841089530186 0.858473031508153 0.867148819699389 0.864982447908694 0.0739713045604256
"cg14066207" 0.82774990812013 0.902409822869071 0.943184637301192 0.82400864717114 0.942618960113036 0.098313449747161
"cg20602300" 0.874832643297872 0.870756606431645 0.869829319355776 0.872418002661822 0.870408792664952 0.0857767953372839
"cg18590995" 0.863404252748531 0.824825729680818 0.822235691351338 0.866017381797607 0.792519344522336 0.0491822071055987
"cg18664915" 0.882894870796126 0.781972965457231 0.885997180843965 0.875305791718096 0.87941145441617 0.0885063920550893
"cg01598421" 0.943455529691965 0.926154562106562 0.943296372084791 0.94446750368041 0.951622156863645 0.16019037287263
"cg27565966" 0.871437212378553 0.640735812268942 0.857629456799967 0.860021857196994 0.859128707548168 0.0629159058605289
"cg03889263" 0.12209493262974 0.557197497426567 0.0923504743331596 0.250881224502988 0.081486080418644 0.70442654188803
"cg00574379" 0.0916485630133496 0.0858732166058111 0.64951775931407 0.0997150608098058 0.261889255372135 0.800302988383197
"cg07249939" 0.375421017053037 0.0849132335275427 0.2453063273856 0.226219653600562 0.17578424870234 0.779595167869939
"cg27049094" 0.113584864704387 0.314451029447257 0.550504571496362 0.177086935864406 0.375427248726691 0.844111741902451
"cg07285237" 0.14536709188972 0.522989159940366 0.128923473326221 0.223017773606018 0.469257849189605 0.801871520137707
"cg17092523" 0.0691946214587127 0.331950411459888 0.230190349545086 0.108805424070302 0.0652732919320735 0.675859220273484
"cg09076077" 0.566360007452376 0.0832246039013645 0.0750497716606568 0.532373947387876 0.0637634065323363 0.830704221083172
"cg15595502" 0.296568536836801 0.619974678756284 0.22114659422937 0.211952423519467 0.174713311260599 0.802477939384679
"cg27507284" 0.387553142538789 0.144410692940206 0.0739450684353374 0.327566209156645 0.0578032193059546 0.755085282588383
"cg07375256" 0.0857520720437831 0.171379679534144 0.72776655423803 0.0653982382811878 0.32994772980397 0.84522016048145
"cg20541456" 0.0610547029273968 0.439213287625069 0.0751101408924605 0.069221718006519 0.0260990231583879 0.637506614915607
"cg02779913" 0.405463665908805 0.187741827943925 0.0482114055262901 0.380034675633746 0.0341562066190839 0.764945240719866
"cg25336765" 0.419368560745753 0.164536370981786 0.116110576588918 0.338695793214841 0.08769293529047 0.78593615862151
"cg14284211" 0.232575831933169 0.589186741958143 0.0529988878510492 0.203763160428473 0.0425096339211279 0.719747432232476
"cg24834394" 0.291102083477245 0.426065334353506 0.410616649366046 0.389146800825721 0.0619660428217116 0.853816448079052
"cg00874051" 0.567502296528691 0.374464334689393 0.103115751678626 0.514142549702746 0.053694837097186 0.87065668978081
"cg17950348" 0.613648933253219 0.0545894596103712 0.067377435303113 0.519329336891407 0.046076105667764 0.85258845923807
"cg24536818" 0.0715225095684386 0.212630896109825 0.136140754868672 0.234154274085339 0.104383037887168 0.707334006597786
"cg08698943" 0.273470429356203 0.379568046228058 0.103727729218085 0.37392960767471 0.384915542989081 0.856377370788999
"cg25518868" 0.0691800896115373 0.219692292595773 0.0572511243654058 0.0907266269831252 0.0472596170910576 0.643941353493689
"cg21278103" 0.397165775681573 0.413732146626044 0.109326215624305 0.477360652941347 0.0562442611595702 0.8407374047988
"cg03798942" 0.0806591545138172 0.0554313941478827 0.556395504038528 0.11697563984573 0.0817417976107972 0.780500844769401
"cg22677556" 0.055204610326602 0.505430733615696 0.155050233758163 0.0644549297802271 0.610359858035537 0.829524419637191
"cg15354065" 0.0744399641316777 0.691872932039498 0.0812146982191287 0.20917604566145 0.339189994946982 0.810771250923774
"cg20450123" 0.267489074293309 0.117498238568539 0.163837749426135 0.239356309063803 0.0630350283740312 0.774383957103186
"cg08682625" 0.196293204253576 0.372161812864308 0.118688752814374 0.213587385350649 0.0878293685322523 0.768724167049782
"cg19268695" 0.0758873700484911 0.120777369438108 0.147428352316115 0.0849380068402803 0.642692101997539 0.831309870925761
"cg21291385" 0.123693204269087 0.160544862522571 0.365762038277464 0.113108552426415 0.0773574218470001 0.774624868729551
"cg15906007" 0.0801552342616777 0.0601783785787952 0.258003063083477 0.0827806124490742 0.0883430846088555 0.735580893884003
"cg22437221" 0.0944386538083283 0.423450689825023 0.561667373811822 0.0962103126103784 0.143664764250442 0.8564258318538
"cg00970435" 0.185158351538589 0.0894512422013274 0.266286201450516 0.0885088452093053 0.0791298912430367 0.767250858843516
"cg01054402" 0.0901632062155887 0.584720468801834 0.283730857542372 0.138423877100464 0.0561916821121418 0.799161921145752
"cg20317872" 0.0442053978756178 0.130123463513183 0.330678110651262 0.054125181138489 0.675026212233246 0.892214621251564
"cg00058449" 0.520513964929104 0.0709480540711594 0.330187929126279 0.253919315807595 0.21706509943784 0.943215126897394
"cg20380468" 0.0554314009169405 0.419402767384874 0.450203203334399 0.0760244841441012 0.160196266372259 0.837992074492282
"cg09300089" 0.404225430900652 0.109510939423606 0.0762847894631541 0.19588740830094 0.0575239426523014 0.812089467847702
"cg25616055" 0.0563468390901085 0.0830359245381881 0.0829578857802761 0.0820764164005562 0.0386948245976859 0.734543258812731
"cg00619207" 0.0551301813714181 0.102323867231305 0.0973033523620274 0.0594045952224264 0.49076265651485 0.840361596230743
"cg23357708" 0.196725512483163 0.15542879413781 0.0579206763104309 0.192968294484254 0.0563236912398372 0.807828416886365
"cg07635227" 0.146025913222771 0.530690576746145 0.0477180417559421 0.137186942229228 0.0371369504764688 0.816721597530269
"cg01156249" 0.262970563830628 0.657397921983136 0.0788909846154595 0.212723592694585 0.0666678592844477 0.89955579155704
"cg14317609" 0.120502814881075 0.0684922795107805 0.0969364401077057 0.138109596900181 0.08717333013079 0.815224722423568
"cg19269039" 0.0409691449721484 0.114817849490722 0.110788086123906 0.050049053527554 0.381850653990546 0.862707523634898
"cg17266282" 0.129810484257273 0.178607046091972 0.164081220327529 0.179793937048173 0.12652509409078 0.872098646664248
"cg08560387" 0.0580236352302471 0.0442043823890747 0.0419752092890335 0.038829475608394 0.0337378461248041 0.776356454903156
"cg03429643" 0.0516547729776431 0.0676978241732721 0.0574676932174402 0.0495768375227294 0.042732405543227 0.787239900300463
"cg02606840" 0.0397518900232931 0.0665875596339522 0.154247697744994 0.0390496336051946 0.0352746174340108 0.821380021990085
"cg08864105" 0.135591830517537 0.203807226188809 0.0864582929450277 0.139596414517059 0.0884387365683176 0.888349192079079
