"CD4" "NK" "MO" "CD8" "GR" "B"
"cg07679948" 0.132228523872567 0.954097968357924 0.953832283702671 0.341010075399299 0.958949807644604 0.96091907265488
"cg00366435" 0.0947746465165916 0.88176110026102 0.904142645467523 0.349928759560629 0.90999696057822 0.915365230242928
"cg16452866" 0.132237489913755 0.943715900461168 0.944879536026972 0.196231136254095 0.948648069966781 0.953846709181639
"cg01154505" 0.162773566649857 0.947265671028744 0.941086498904322 0.491687070732204 0.953508649019382 0.796158720059256
"cg11848483" 0.0991120342911298 0.899394505440248 0.904427335391785 0.197274367055676 0.911022791547439 0.894722675120848
"cg01874152" 0.111194015270512 0.810501394913835 0.874603910751276 0.435708126323086 0.875475482063355 0.840832347086452
"cg03388043" 0.07048930057495 0.744846859517417 0.924868936803271 0.0836802889782224 0.933582992581671 0.943883518554882
"cg19001909" 0.147589242682321 0.910544469143299 0.942625309092917 0.217980455942853 0.950085358425799 0.955393728760115
"cg26852712" 0.178454028425401 0.886038100168474 0.915450086984415 0.530524689379196 0.919786887713283 0.857337809404874
"cg05705140" 0.123921995489075 0.858031761807688 0.89919084620101 0.344397259169293 0.898328015655578 0.806322468965257
"cg24841244" 0.0793214544330569 0.809020016647405 0.886598828447385 0.0976970738014954 0.881524914591852 0.903942049838917
"cg07970799" 0.185623841442153 0.791937911600745 0.926252270596623 0.512391932963546 0.927014595216161 0.926821507283575
"cg14477767" 0.223521421337537 0.84440278825855 0.892412705970476 0.741752430839176 0.895906214454245 0.895537338484623
"cg26166854" 0.131922226901243 0.677538421368381 0.871298693544935 0.478721336953328 0.891939301512846 0.887611497000712
"cg24441810" 0.0842076635535951 0.856956376015079 0.886043476034418 0.0937923757969217 0.883759657746242 0.825950307296255
"cg07015803" 0.163918307031574 0.930715815253053 0.923876343830412 0.221028865516782 0.926160603707477 0.938929283285659
"cg06915826" 0.112311166961286 0.840400746274297 0.862097309579339 0.228516018497613 0.860899559679087 0.867902253011589
"cg04340595" 0.0898120405017791 0.594581191069916 0.919168104399937 0.155881880578623 0.92336051867755 0.939160799536665
"cg13750061" 0.0987619365423321 0.849114960227413 0.850072217964797 0.109186606651026 0.873693582380769 0.874717211626555
"cg14522718" 0.116974902693315 0.721039003772352 0.917090082032843 0.167327753127013 0.910798020932151 0.930147436271954
"cg09526469" 0.125354048282943 0.816006538976341 0.865760518292646 0.395518091582993 0.873305141639262 0.72499493743992
"cg07545925" 0.0726312288259592 0.732470304931353 0.87437139944939 0.084905481382222 0.875438517524582 0.851010893654996
"cg10837404" 0.254169129446403 0.905241002264033 0.907734495214483 0.662817563777213 0.914984654318415 0.918833888656016
"cg08338281" 0.110595507401678 0.853061253844725 0.888676520447842 0.128875505012985 0.900052316420814 0.822735340265781
"cg11710595" 0.225196212855767 0.861001021519227 0.878664787673494 0.627231295392011 0.890402196986395 0.893031825712013
"cg18735089" 0.138727414230662 0.819556007927717 0.901771437077969 0.191437183240123 0.909658872197332 0.896256814974796
"cg10240150" 0.110453684253256 0.777950241387752 0.841262879146549 0.262222726112302 0.828511201720639 0.863866170522705
"cg13619891" 0.13689602070023 0.837146935493793 0.886061603098621 0.165684533167113 0.897235576500965 0.910140604865485
"cg16775598" 0.145121133515331 0.857404625676976 0.867565746433816 0.237541517127359 0.88074801405729 0.885820830990289
"cg04180114" 0.121772066275464 0.856562226772297 0.849505531197494 0.179529773411573 0.871252636053288 0.851857269415838
"cg23357533" 0.193269642551461 0.882624884560236 0.876768680673084 0.426211843196722 0.878521531227611 0.89230296430685
"cg10111816" 0.093568148415805 0.811974116091905 0.844898088045982 0.117421266837684 0.825594489352211 0.859416536605925
"cg16871561" 0.170583573840956 0.861286175472175 0.81876380576694 0.745489403848149 0.511813478652881 0.905218669601488
"cg05074138" 0.165885107838452 0.852796898129903 0.85691757331086 0.38923528993496 0.852698518315055 0.860613687801883
"cg09016797" 0.196196238419876 0.876780148501051 0.869242942637078 0.462598889755756 0.864375186196532 0.888556335575272
"cg27519392" 0.158536990680132 0.855076735360067 0.864601469119285 0.308967382698028 0.869557194925625 0.873312321805663
"cg11162888" 0.157265819594542 0.873164923522526 0.876612041325484 0.231437448869098 0.881151792416196 0.895950177005615
"cg18758433" 0.109477384484968 0.701404256338665 0.839565695080927 0.215253059016847 0.885027948033668 0.87794645355266
"cg25226014" 0.0892771182794106 0.581830162748876 0.906373128919638 0.128720696409136 0.909304606364528 0.89284522374292
"cg26400113" 0.130036690639436 0.808232637405578 0.880504625024628 0.186315902935272 0.877855266399956 0.865352801627385
"cg25325005" 0.135562148330179 0.791385196602116 0.921692670442673 0.276631051228246 0.900604282549159 0.74904296705843
"cg24662823" 0.161247289827021 0.724043140294813 0.888569776554629 0.368245431915962 0.887589223551454 0.901391276518179
"cg06164961" 0.0898817811756541 0.662335604318878 0.877529801223619 0.0997754843385886 0.886430627665237 0.889888414493654
"cg01490728" 0.147654164293671 0.841136238046526 0.841026609457052 0.329706808465051 0.834101854213636 0.839514596052126
"cg22230912" 0.122336264728301 0.831712457265619 0.841737895289672 0.195704576554793 0.800851279610162 0.890643983319071
"cg13651908" 0.136727688162392 0.78016306271331 0.834903051805906 0.329768789241965 0.82631458659429 0.852958430871674
"cg15564619" 0.114754891503161 0.905221337176891 0.627576267378089 0.306380215171252 0.753453910411487 0.923330451994224
"cg05357209" 0.159476294635213 0.760593691551747 0.840407774152213 0.455173399815326 0.831657829511447 0.84334802707183
"cg07728874" 0.0892063245284331 0.740071228637817 0.839643986603837 0.102663544603662 0.840094196497339 0.857533279139364
"cg22765299" 0.0957528582099801 0.736516674436043 0.873402028084237 0.174461961567525 0.871284542178696 0.749640722199473
"cg04682193" 0.863422981884431 0.115639334730806 0.105509051171997 0.810739858330869 0.0709647401313238 0.872716078716097
"cg04742550" 0.679216796250622 0.0354494697490462 0.042621248877235 0.372602978309279 0.0390339961495387 0.558206050075966
"cg15935770" 0.886120827444952 0.809275583643806 0.100544840399904 0.891241794096024 0.109206363386945 0.139504667938634
"cg23379806" 0.760614772433716 0.393385783198807 0.0891906183382915 0.770620437301486 0.0838899715786902 0.0801812685492054
"cg18739675" 0.82164253750942 0.0991372507440414 0.0883129262128163 0.752072966958056 0.0955783060107969 0.708477401676701
"cg16097858" 0.755082634997996 0.237170240591209 0.137622129435128 0.748683667785147 0.133940201819343 0.125876665719943
"cg24448340" 0.878716917694721 0.817437523652859 0.0839385312319175 0.886002886777323 0.0715588074104369 0.134320726557286
"cg25025181" 0.790681995540008 0.280920034987958 0.0851092123844813 0.811000754412205 0.0914750296830439 0.294779996745642
"cg05228359" 0.723790968377584 0.334530326110123 0.0610509215422762 0.707641048029896 0.0559105367120025 0.0585581999693475
"cg21252105" 0.84547072576676 0.102331037098948 0.0991305437039538 0.782176564207905 0.0697962742307303 0.803769714748283
"cg27097542" 0.822705758632378 0.384791894008134 0.097177135913045 0.832931635192455 0.0814458110359959 0.317715690022283
"cg07837085" 0.764872685083341 0.135839371754845 0.100325483436297 0.627740339926934 0.0848415839711423 0.486134395998634
"cg09037630" 0.689673642759641 0.0841327903835668 0.0883690790248659 0.688041116026322 0.101462063369949 0.074346089502969
"cg22152931" 0.89121940837706 0.821013310591625 0.106316483207212 0.892474811062124 0.100343846006028 0.114154311474093
"cg26501007" 0.790025272480766 0.144840585877006 0.140522071267009 0.697261971752292 0.416638476568128 0.132436079186718
"cg09370867" 0.894807494739755 0.435686326117579 0.207260236665567 0.893919520935581 0.205862771276444 0.31680071878525
"cg06760238" 0.805518113179271 0.111970495961626 0.0971658983232765 0.769012888804657 0.103563198786312 0.545627154960873
"cg25978218" 0.736496300146413 0.0796223408241878 0.104870792287253 0.711587004507177 0.0822784021093786 0.288785881364276
"cg24904788" 0.638140798570202 0.0619280511683053 0.069039165466571 0.438219883598094 0.0654406685511942 0.134936970798541
"cg09662852" 0.699489467584371 0.0905462897156952 0.0876693920408698 0.656596222856942 0.0803321789323151 0.155485435533988
"cg22742001" 0.871925636968374 0.730549135316746 0.0913564748116116 0.8715849368699 0.0856675479408462 0.130828967929745
"cg06650256" 0.867567311709253 0.324001001065112 0.0926168108559485 0.819106321145048 0.100239560293138 0.571043526171424
"cg01543184" 0.820263645721852 0.295578538266326 0.0886472991819402 0.872787011733827 0.0826056264461054 0.320405989680359
"cg26402417" 0.851584155763261 0.586370674209236 0.0832961347768999 0.855981711935545 0.110284283754364 0.168140812074854
"cg01022219" 0.913873997946125 0.27333913468213 0.102461611877627 0.900112506104334 0.0893843924081781 0.766659623014493
"cg09287328" 0.94368431465542 0.803972658088902 0.133946993954063 0.940300694834179 0.260566326442402 0.0980893556209069
"cg11377213" 0.853945808984059 0.714459091047343 0.0810952219724754 0.786535390347268 0.0877443156742191 0.122955891974024
"cg09169413" 0.81554663538762 0.404549349104402 0.0929660446142059 0.832833558634442 0.179219014959686 0.0827681182766861
"cg27027151" 0.701904994534061 0.151636283002835 0.190883303425249 0.414470827086297 0.199204673913404 0.0710441638361203
"cg01231183" 0.824271880446699 0.459841826394058 0.144224395163898 0.787800111083399 0.13620087547426 0.0957058238671727
"cg06837308" 0.850490323808315 0.11874468520297 0.257461708280392 0.832391078751819 0.230436343656696 0.322809342225125
"cg25031824" 0.828248294626088 0.434000048050776 0.107835358081406 0.821548001378864 0.0986989498044141 0.180652954282333
"cg16922167" 0.806407095383264 0.261633150666888 0.12765526897154 0.770430651779709 0.119550323300404 0.258915167945122
"cg18150584" 0.863796666718844 0.645944230309229 0.0819095096038309 0.870785058136624 0.0780244507051578 0.126384107406422
"cg23249922" 0.956833570884447 0.914880996500246 0.0766624022738998 0.95482557145555 0.237858871895407 0.0598216403442438
"cg25729350" 0.704427582672694 0.135510592005649 0.0738514367412183 0.59983217772687 0.0752847446952082 0.0756381204554327
"cg09885622" 0.836489247031193 0.139485808105225 0.152280606114965 0.77408303059333 0.268782970557674 0.281300965737746
"cg11787160" 0.878889156833109 0.326361681619214 0.205976300727761 0.868683914636582 0.194306336253867 0.216642943632784
"cg12465678" 0.879184339144596 0.14557080824897 0.110682474561197 0.803595722158207 0.109337906269967 0.642842817320248
"cg21593001" 0.74574878125372 0.124894353838424 0.0623162429506599 0.7520932867102 0.0573218148914294 0.118976158827532
"cg23582982" 0.855999309951164 0.351583665613713 0.0907343591768066 0.855003753749211 0.0684679063833167 0.281550188294022
"cg21495704" 0.918782238307111 0.114843132809563 0.0918302466494138 0.899940739311738 0.103760708150347 0.753930069804076
"cg07598385" 0.737062968066956 0.0526131232119533 0.0682818359923867 0.620255559478169 0.0565084896065968 0.204321731553404
"cg20455854" 0.750869528220554 0.074236390710597 0.086336799327279 0.68937640461052 0.0683911456987392 0.116113600881962
"cg26923863" 0.872074591057562 0.0997191069017442 0.0618563625817047 0.774604618678103 0.0525493944788821 0.631558751740315
"cg19628988" 0.823586813285989 0.0893469588276107 0.0779525889559907 0.763603499730249 0.09831312481721 0.289721956757148
"cg13468685" 0.836796870621015 0.125259386615159 0.0865862474160401 0.76855872512806 0.0802134396730181 0.296809831165926
"cg07785552" 0.782134958692349 0.135307677428047 0.0926395074023768 0.681833700374803 0.0841188031841487 0.0764087949085638
"cg02380585" 0.780443834853415 0.0606759387769709 0.0530266553749703 0.779700238876847 0.0495319091443032 0.0434514036221881
"cg13448978" 0.861754202546062 0.240510984237433 0.0724773597368709 0.825508154516126 0.0645297507399732 0.173779197415764
"cg00805874" 0.924737576013035 0.129463894121131 0.944438275640104 0.755778142916123 0.947935902537888 0.963323748138488
"cg12811871" 0.942900991011684 0.130825959477206 0.962762409483188 0.813000618403088 0.965986168753473 0.807576073251549
"cg03538296" 0.866608683505818 0.10684044895534 0.885466332578069 0.787027695113752 0.889787743296036 0.888905755611955
"cg05875239" 0.88417439840084 0.128724759779682 0.894540019526758 0.862015744342378 0.894681245492415 0.889900403887751
"cg13617280" 0.944293909754644 0.185486169213203 0.945509138107318 0.932714090839536 0.914095603302548 0.955185903795535
"cg27582527" 0.810242148061622 0.0705782668833659 0.857514972482458 0.708926590491441 0.859043373180534 0.847956875335171
"cg11335172" 0.909889586769649 0.153990220897237 0.919615741994715 0.842895200800802 0.899519471290785 0.927253231366398
"cg22749642" 0.881231888751957 0.130979219993623 0.911805046902735 0.771446427020529 0.901916536687406 0.909954846355147
"cg27274718" 0.879815960751879 0.138083763349644 0.874354269890797 0.860222763222824 0.87877241822118 0.891271678907427
"cg15757195" 0.843775014377481 0.126366560720546 0.87848986294946 0.83024624312757 0.878930075918833 0.885198688806161
"cg06202778" 0.864706798371572 0.112944129109653 0.8256931217933 0.768552826235799 0.860982267954117 0.892316708929805
"cg20657709" 0.877292346309577 0.140806062266244 0.887085386451695 0.806395887205568 0.879424515910583 0.883691223102909
"cg13995453" 0.832252748900959 0.134950999927837 0.881650117084416 0.80436896567952 0.883201853589459 0.889141395470144
"cg21634628" 0.781560743734002 0.103790813487208 0.882092293676726 0.753148064703814 0.888551286560204 0.821268924161553
"cg02384859" 0.86578314635998 0.14316862028821 0.899647150967313 0.767323684935386 0.895626456283483 0.891263471608457
"cg25383568" 0.878475329194901 0.17476955718822 0.926107366351465 0.810165327522262 0.92137575476181 0.926673641065765
"cg24408769" 0.915298508691385 0.122488586120897 0.728164800820831 0.882341193720949 0.734318511310166 0.93910800236561
"cg00719568" 0.848407677384099 0.114331160477914 0.860221129858495 0.787677600037941 0.865962735132085 0.784340369144314
"cg06588802" 0.788158940488108 0.118688787430677 0.866536997305504 0.772883399051265 0.869828147193155 0.877553231399915
"cg26012482" 0.766442062000859 0.102217035149668 0.857803916463971 0.730084078514555 0.855170608817449 0.872319386649032
"cg07307830" 0.781791772620449 0.113145006381242 0.875568185144758 0.713857367721043 0.882008160424415 0.879038249493475
"cg06040872" 0.868185575258715 0.146701693429747 0.887370528037568 0.75894052791588 0.865253367223406 0.900769352199211
"cg19066520" 0.631735759433721 0.137575338586322 0.940647357614008 0.811512073145968 0.927336742254604 0.935831947079875
"cg01806427" 0.853123551257478 0.109492357283604 0.703283133132763 0.807092259026239 0.834036781819653 0.895161485893683
"cg11978441" 0.769388363019967 0.0965573751844505 0.856004277823347 0.695673941997726 0.864168268575541 0.842725987668103
"cg27309871" 0.88230319826599 0.162834347810545 0.895210517961915 0.796760614387802 0.888985617199503 0.89243934616615
"cg11650164" 0.852925994836825 0.144994886610305 0.874985730911097 0.798329559778877 0.84628068479555 0.892398326620733
"cg21828319" 0.882914417157725 0.16255531223975 0.886825940766182 0.866525888911109 0.895871546791876 0.812848580154725
"cg26275360" 0.86361304681818 0.15512296356526 0.866608156124958 0.827523466430122 0.876153388915162 0.865266515768275
"cg13917614" 0.886919312949122 0.180616995732371 0.901959066905539 0.841434816866899 0.900321947060967 0.893764700672386
"cg06022561" 0.766123112568242 0.104269910704223 0.873829497067246 0.707701270337433 0.815703457695231 0.875188668514446
"cg26573274" 0.941684290167825 0.240425336669015 0.958397654277685 0.899756008242113 0.956781309055632 0.95800411992884
"cg00829063" 0.786389212887096 0.159792959596757 0.889846773156055 0.839713975512063 0.89449167923198 0.902300704256663
"cg18310515" 0.845631708052867 0.151657767514489 0.877350093284071 0.778921882995173 0.881605582179234 0.879304297502493
"cg22488278" 0.880395359349969 0.165149677705701 0.891654923546717 0.812680727623617 0.892894672838031 0.846608581033541
"cg14058851" 0.877774514497266 0.161659579861396 0.83798981545404 0.860380824717486 0.834399357871434 0.895729956613228
"cg05593759" 0.847681445675394 0.150496488202469 0.875065758101562 0.796507330531567 0.878659873955025 0.847342650586312
"cg10796068" 0.858770362068263 0.156759569718181 0.874430481954423 0.793268148270377 0.869481229968715 0.872794939658155
"cg14301562" 0.849637384323674 0.138307374289859 0.863954735488024 0.768904313919172 0.818179695990776 0.875526378175648
"cg18352710" 0.86344794632537 0.151395168845828 0.875100585181392 0.754068176025031 0.879528026517438 0.864035884179705
"cg21474838" 0.823769101696379 0.160889803257168 0.889138660215705 0.777209669460731 0.893792657320004 0.900652575517072
"cg01940139" 0.832426492342979 0.163179562343056 0.899387646398353 0.779552417651826 0.883931460610675 0.895313391874097
"cg20987610" 0.872144172553886 0.159924926959695 0.791159110768942 0.824872315272592 0.898982316013247 0.877268296578771
"cg04784635" 0.77540568212258 0.144047241543392 0.886349960851197 0.746668423404945 0.878683304797693 0.890882625931852
"cg13209388" 0.895880115556744 0.189788902812453 0.888783282653453 0.848882679185706 0.872653586061813 0.890228251230534
"cg05653887" 0.842242129864865 0.149931019316308 0.862790747293107 0.752302263781254 0.86246778004128 0.87606854820178
"cg21333217" 0.946540322775456 0.247907496041874 0.95967714374752 0.855581396460896 0.959573753927445 0.961662116606862
"cg02150910" 0.838950870648335 0.138029991603362 0.865221595134232 0.732912555576538 0.846314142645421 0.836651786948559
"cg05656688" 0.797944667169529 0.131279407186564 0.91468703829918 0.658753802974072 0.872308434340299 0.840416873898494
"cg15241779" 0.853212648051582 0.169205181210586 0.873144719709118 0.792396255609117 0.868556517378641 0.882453897133474
"cg05756780" 0.31583807916642 0.765386136483798 0.0871697203151343 0.616594516735697 0.15282994918647 0.439123153093949
"cg09958402" 0.496278983501493 0.717403346934076 0.0757861857723355 0.586634375889936 0.0886872065329416 0.0921208063251961
"cg13318771" 0.197034946736107 0.608801243499927 0.0727059643197312 0.254526331124507 0.146100811515263 0.142837921534887
"cg16651877" 0.28354114279659 0.75861553864943 0.135505309683205 0.462893311208748 0.301900399627099 0.38510263763943
"cg24315421" 0.340965724526057 0.750484722079824 0.0932404173257453 0.547775713097187 0.0839769555269513 0.461571899758753
"cg16719404" 0.185786202529644 0.774463997374658 0.0914695539675676 0.251381024848079 0.556072086015935 0.574156573014833
"cg00629585" 0.193931482915572 0.603982926287442 0.115687070459748 0.221667523943701 0.119308287075148 0.131825461060043
"cg25045219" 0.125146163855131 0.730910725999208 0.111749616902898 0.599306446992468 0.139072668902689 0.443395651356338
"cg08783514" 0.133121728637342 0.826186713798006 0.597632606816858 0.237827076151362 0.779324200265014 0.128118231077251
"cg11481582" 0.408202466329199 0.672170789517133 0.0640206558740302 0.491228930771226 0.0720887707632226 0.0511222690208656
"cg11147278" 0.44857117996158 0.741400536243279 0.0799202811512663 0.552945909055077 0.0839794389372414 0.268104305683043
"cg15702277" 0.310635385764564 0.824480257678709 0.117679436496004 0.66569240551972 0.0746481191580558 0.69856539030871
"cg04840108" 0.334166688975272 0.68162654706346 0.0815294230538814 0.550841761344236 0.0773901463376515 0.0763420260417529
"cg02417427" 0.396026744421923 0.794459295293757 0.492529513108721 0.349158617915555 0.281247323863095 0.156501581661644
"cg06832898" 0.211445862223937 0.644746301641194 0.16052477648879 0.402384384176249 0.0674885637206594 0.0814170833208728
"cg11948905" 0.4873405445104 0.766334731722223 0.0911804871372594 0.563520635404865 0.0620638969637122 0.324014691687471
"cg25719851" 0.216028175122371 0.765410650933398 0.308368052005282 0.400183749828601 0.194376952926463 0.396159081164853
"cg00902153" 0.171552556978321 0.730295369293064 0.0889987109862328 0.166125232551468 0.114084855996093 0.820923174474568
"cg07687131" 0.49489914215577 0.723486431755155 0.0764427656964534 0.547115920698179 0.0732963234157497 0.0778808449728282
"cg09747445" 0.281754802654168 0.824760353325175 0.500729723794769 0.254054882884889 0.525002695909898 0.230360046031748
"cg27122888" 0.119154107814291 0.587653604439652 0.0918710276162304 0.1828224851008 0.0872871603327507 0.116319115281833
"cg01447281" 0.104850026522709 0.59248364912132 0.0951836263197106 0.173941462970256 0.0961015950187764 0.152432607760539
"cg15356966" 0.349695996442234 0.660935144604756 0.0765531247911583 0.286774609864573 0.0776453139266855 0.160222108283996
"cg17087974" 0.556784543288016 0.776700019868497 0.0938057299798136 0.682925623115906 0.0882693238124746 0.0845301818245137
"cg14649507" 0.621708863233695 0.811667987675031 0.107256424339047 0.592806667915576 0.146991608397806 0.192011973968388
"cg22589728" 0.256507372341986 0.702374895021163 0.177181637867783 0.291937460167225 0.215061966979457 0.178909965003975
"cg25817701" 0.443781028024754 0.895328870754232 0.556130767026494 0.366492342873198 0.650976212466328 0.0421703614027748
"cg25887844" 0.230307634637376 0.743974733358329 0.192454879071838 0.305900899995083 0.128260666333331 0.453827932018775
"cg07675477" 0.249130488420425 0.728746064481071 0.192582953743003 0.338260244112602 0.199713506786688 0.227625913606985
"cg26348226" 0.278331441294323 0.681549926821197 0.0757263961403121 0.442155955374017 0.0986082365010112 0.0605225847779545
"cg04887172" 0.429684172095215 0.728428042110398 0.0806429780846351 0.473617447112521 0.0826050480987124 0.095516361570896
"cg22897715" 0.227345078876663 0.627862828941941 0.0565225944371458 0.222871368685692 0.0537276355509986 0.0988118936204798
"cg13404688" 0.502877793634877 0.832212639372968 0.121507816167397 0.658901381335589 0.15510832241384 0.221489611902719
"cg09101151" 0.324645132171833 0.73393245382869 0.162607116512221 0.382618807649451 0.178121012623518 0.101070576916056
"cg15694422" 0.492646764605665 0.744926817634563 0.0988278157817598 0.252570619250838 0.105555096638782 0.243934031928223
"cg11173131" 0.357016584085939 0.716937860153829 0.0667103487819063 0.450353748788615 0.0614917337844483 0.117022340626617
"cg21638533" 0.354551949421136 0.864779707061869 0.102481434943281 0.399616318784066 0.0890415073060261 0.883132985334675
"cg03837680" 0.299021163329025 0.687790028400503 0.0646543662668958 0.327890477917415 0.0598551800964959 0.149649069248468
"cg21232161" 0.396271909999217 0.779328623849907 0.223917407867043 0.472254277223816 0.109694086318768 0.111499025524535
"cg27218978" 0.490155929859972 0.849496322731085 0.261101120345106 0.57539769401395 0.128531395335236 0.179002744513045
"cg26971042" 0.0863286232201312 0.642279108877834 0.115113081012853 0.110184406046343 0.132141151338227 0.0586857345325798
"cg12273325" 0.159159805942663 0.693588936390398 0.071214049161551 0.265218548759631 0.152984075864334 0.0814551989862425
"cg09001226" 0.246576118887282 0.70037403335694 0.0575779197937393 0.226298885475953 0.0599705204773122 0.136236478936722
"cg04179740" 0.107516711104606 0.71331510876564 0.0859120193506165 0.174480800669454 0.0874025234570741 0.236345174179952
"cg22442430" 0.12615662833592 0.750329050533496 0.149245859504729 0.142657805347086 0.304340524764268 0.108374848094384
"cg11358405" 0.334839635463115 0.76260261247779 0.0452895300015144 0.395272879477397 0.0429885997906881 0.0500998455374497
"cg18881723" 0.0743091640892276 0.688361332583742 0.0756645560261 0.193392211500714 0.0961685742011106 0.0687701227630959
"cg07381806" 0.170789408083903 0.798625644577149 0.120160932860099 0.279128471831025 0.334832342759815 0.0917093211281505
"cg06117093" 0.202227264660627 0.823588976213131 0.0977097711643036 0.395014410776129 0.107961861744916 0.206652471678013
"cg17766305" 0.262953795968551 0.835964821774313 0.0701310823424474 0.358006279312937 0.103939328305396 0.102194534004841
"cg26872907" 0.937679578731317 0.931327800146846 0.077875239385414 0.933622946754813 0.920186286670121 0.928019010323041
"cg23244761" 0.960551472348704 0.958672520259251 0.131978812434792 0.964085837237061 0.955538188760154 0.957315058721105
"cg12655112" 0.912869086639692 0.93779712048701 0.114170240759383 0.945710734012127 0.745534455750385 0.885302133772477
"cg10480329" 0.907778107081768 0.905497028691914 0.131725425123667 0.913722835946079 0.839002992510412 0.901273728976251
"cg05923857" 0.854480270862027 0.927058886353994 0.136942474774539 0.914598306168693 0.834072530545425 0.913024157414222
"cg11597902" 0.955115299589588 0.943052202462586 0.0802402197061546 0.957498639570707 0.335170118283832 0.949697163216345
"cg20610950" 0.905651879458709 0.901454285507206 0.118179550805572 0.906663010126004 0.629265241030557 0.903184575744046
"cg16429499" 0.906315643488985 0.885259090589644 0.0989122253051061 0.909534637915652 0.883702330119137 0.531697390665055
"cg24788483" 0.887755031582684 0.94345635048996 0.191173444586452 0.942077909432013 0.877588262859235 0.916922801453545
"cg08908131" 0.851315877780582 0.834782513245195 0.119942690767315 0.846161727830318 0.827795002242826 0.849061195593581
"cg01476222" 0.888448117144303 0.847706469698022 0.140531665734334 0.875357662134114 0.862451224083473 0.811300555495172
"cg16636767" 0.895288958217931 0.888099057507088 0.167503968992124 0.893080305275336 0.863379112577025 0.881394080682353
"cg02244028" 0.878968573950811 0.872620871708611 0.155182373440038 0.882941874069488 0.81679334406531 0.882541930699681
"cg19835973" 0.916547588899444 0.891385228732924 0.197222032252878 0.906592076159024 0.893256640236641 0.920365631485374
"cg14109551" 0.890684106622372 0.887991248621409 0.15740255489141 0.895031119952085 0.741268460604409 0.894143247827623
"cg23146741" 0.848647062888097 0.85137107294016 0.120544399306018 0.834655651799099 0.765571797944574 0.81741066807527
"cg18990407" 0.923463796525179 0.919871221091312 0.182989506493059 0.925772675597802 0.819026763096306 0.836384143396513
"cg10499974" 0.892622232927253 0.886387577112126 0.0984415749655188 0.902996931072826 0.459517735024863 0.854816046524185
"cg10278149" 0.871932509930019 0.863885128028231 0.123402310385151 0.874578349716323 0.692788021315505 0.805182639893026
"cg22675702" 0.845266495976527 0.843767676050691 0.1401384484938 0.8498879627666 0.811731410997029 0.841775081001514
"cg10624395" 0.892049490251015 0.894877910193311 0.197630664303694 0.898749517094651 0.894198828566653 0.895596308744107
"cg24365417" 0.850250754864686 0.808732209240332 0.133776712372571 0.858992628013878 0.767140104052756 0.856513062885238
"cg09322573" 0.873283492148785 0.827081314622138 0.118577471942708 0.879093428245226 0.641790611471589 0.836620120042727
"cg12422199" 0.847450655795096 0.795204779321694 0.117790629160057 0.835742371050988 0.838810579268906 0.731952939534997
"cg18835472" 0.856141434061538 0.85451928618427 0.12421333264012 0.868475515300632 0.673191233319627 0.831841511370405
"cg27366072" 0.887783557042631 0.871881484172472 0.152929156356625 0.883995005559452 0.740559067997468 0.836421885840898
"cg04468741" 0.838704062270892 0.866049947451719 0.155606086558494 0.865115062241597 0.792348982984641 0.871219916984015
"cg26538782" 0.871709030363813 0.867945847566169 0.162192803808319 0.86852512039337 0.830531721995829 0.822610141976707
"cg24954967" 0.867108190004066 0.837567945326442 0.109588102772591 0.846890073233579 0.744863758361988 0.693366237569254
"cg18066690" 0.905029449050145 0.902205524072171 0.211753296010773 0.906359290091573 0.892985789806647 0.900007897440746
"cg02780988" 0.843275215810739 0.826448708667887 0.14184437396813 0.841892390269202 0.826654766478707 0.814536889643477
"cg07110356" 0.933196748539779 0.920956751273588 0.0719896100751356 0.936652803879597 0.060541522953416 0.922448370027785
"cg20559385" 0.740332690094743 0.839115902055364 0.105827153999365 0.758702885872301 0.811744715543747 0.793045577166863
"cg23791626" 0.87438397492344 0.856668300233928 0.143325747537423 0.873679353722626 0.793533510468867 0.718028410803803
"cg18770149" 0.845563683257107 0.847637900086516 0.171060800736582 0.856483930536848 0.835077340925734 0.869764902810978
"cg23144445" 0.870856904353039 0.86179068839941 0.101481919002897 0.867206975440822 0.486435559174161 0.815130382032229
"cg09220326" 0.889439522941219 0.877607009067779 0.14055500647087 0.883927051536397 0.560951485013948 0.885096168977624
"cg12555086" 0.874956245852353 0.820178839859173 0.120388321821187 0.886540520328836 0.640551900118022 0.768682083236414
"cg07002540" 0.831396106637062 0.818600203757146 0.141133132529651 0.865013299241408 0.710982095412869 0.87372012098655
"cg06297318" 0.846767592388444 0.852566660973776 0.163715495600459 0.854334802335809 0.792986774811907 0.85324349184132
"cg15816012" 0.866016886830685 0.832296230809101 0.170603735769835 0.826396905949667 0.82628459934912 0.880370293104892
"cg03339817" 0.968156689634134 0.967037206624298 0.27410047133733 0.970761884716908 0.961456402327765 0.871385213446063
"cg22528270" 0.965925058329895 0.951240308598263 0.107958912453731 0.961652892320103 0.0698851390067625 0.958226716278342
"cg22259797" 0.843226511554135 0.924199281127257 0.107741168513871 0.892815626347499 0.316040670601925 0.928396939845158
"cg11327657" 0.940073252669363 0.893359308494074 0.0825054584017549 0.940488137369538 0.0590176657379882 0.939636843316677
"cg00288598" 0.76873330712755 0.938200796437569 0.182298185389874 0.902499158968109 0.725699733260789 0.944679832272388
"cg00091349" 0.85961661824549 0.869972359302428 0.107065539720352 0.875307897720787 0.431237970525779 0.851468408742085
"cg08538581" 0.886884692632261 0.886968975637534 0.139529470923082 0.88738546347067 0.693057481533994 0.683576209112285
"cg21159128" 0.905581985546124 0.899505383539488 0.0628020073881766 0.91264240193388 0.0636372321291949 0.868474236458129
"cg11186858" 0.963096507559353 0.942398675361301 0.218763073119305 0.965241990089427 0.609800952737638 0.948730376981763
"cg21959598" 0.232754406079553 0.10907129844971 0.84794060504169 0.34563924106593 0.867573802746081 0.232941501050574
"cg26404422" 0.0938959151555899 0.177365850063987 0.767472652190641 0.0961437747558922 0.82132087797955 0.192902655006375
"cg21201401" 0.0658391805692934 0.0807807449107718 0.740031360499952 0.0647713113263767 0.802710758077835 0.227180588256748
"cg08622666" 0.324536332230185 0.150062369981146 0.82738621729729 0.182451284530113 0.838288203115476 0.163574577838489
"cg24520862" 0.0669457612809399 0.0841670342120634 0.692325808902982 0.0703436165939734 0.681235558944594 0.0877788894523647
"cg00010672" 0.110918116295524 0.188024766165732 0.886250370961257 0.103773190018111 0.885340626695125 0.698822388736311
"cg15519096" 0.0848757785398215 0.267328329200242 0.837053179077432 0.0983707161152085 0.857516247177686 0.417436311544742
"cg26217402" 0.233003936908886 0.382466685146335 0.855535664072455 0.195344519452852 0.827318938326741 0.155307392631597
"cg23213217" 0.128245972053754 0.512864483413436 0.805344968333058 0.139772960368323 0.199853494155609 0.583590277351593
"cg20611272" 0.143011221972403 0.18187522529485 0.87140226754004 0.179463938796227 0.873426710874256 0.509641850690082
"cg24957609" 0.184426212910651 0.143457980464703 0.766526597930573 0.135616734227298 0.540618829283701 0.345926576247807
"cg23007665" 0.0896282992741452 0.104697696129771 0.702971783294737 0.0927186900945901 0.646637648317313 0.0884945134033038
"cg24010658" 0.0712486768590602 0.291853915394125 0.872120331210588 0.0752203653162471 0.866837899240737 0.585724158831878
"cg01849093" 0.25087800288453 0.156903418910076 0.838071097163274 0.221286905662127 0.806625861750988 0.247346787515814
"cg17587997" 0.357043795815742 0.124480533541036 0.862055498510041 0.290909478161855 0.874531986036533 0.138412151908493
"cg21577598" 0.0618147387198367 0.214592591973366 0.799445073593866 0.0656584904622878 0.799600112980243 0.349737176700202
"cg14364797" 0.136019168511966 0.0827118313298009 0.746952521280862 0.0747163962814335 0.285909029170587 0.649845951917057
"cg17161520" 0.092792032613049 0.200117017375223 0.762171725722928 0.0905992060959752 0.814586020822531 0.0776434767283952
"cg03916225" 0.100713013391745 0.114283936586916 0.797367822440692 0.0967879965862301 0.784085829585814 0.361070985815656
"cg27027055" 0.0979371758403272 0.207007884170649 0.862027727157849 0.101996795830511 0.856601172091835 0.50786482877989
"cg02879423" 0.129772642041253 0.12216010190925 0.774988692822567 0.156248498583905 0.127264918357755 0.799553683109901
"cg16219283" 0.0978813879066312 0.194223252010352 0.770893948171585 0.102047699990309 0.785912170533154 0.0945568740255595
"cg19097880" 0.0668261521596061 0.0803443975499094 0.717468741794715 0.0763525094072398 0.700862453583618 0.06934639742455
"cg17078393" 0.12502303155149 0.409518859539715 0.847632029685453 0.136138822340275 0.849602120147098 0.111982461452565
"cg10639435" 0.139115265817133 0.118410985270219 0.832723219636789 0.158333723642744 0.544311501201643 0.610360432917871
"cg19510565" 0.0719285708064912 0.0912151479688069 0.771280455312727 0.0657862707801424 0.782685010340015 0.236226722237664
"cg13554018" 0.173976474763567 0.0917602797677353 0.774619578011876 0.126144299797862 0.765454203378581 0.0832696867949877
"cg07706695" 0.0622656032439016 0.105334371941597 0.769495816216408 0.0635375594904275 0.786037467114818 0.205640321171352
"cg11316887" 0.187285016354144 0.123384860713002 0.815826410438789 0.13864126019849 0.867456510982383 0.127277425227274
"cg14437551" 0.0643906130243162 0.10243527627686 0.736478975044953 0.0684596141947804 0.757217773232059 0.0568154964010391
"cg26348243" 0.0875003323973619 0.562034277331188 0.90341205543295 0.11892768791428 0.917294438875796 0.176102925312268
"cg12603453" 0.116292678823002 0.0864597408364372 0.832734488897544 0.0868836140170406 0.366709571101262 0.87738358904307
"cg02737268" 0.0829654577925836 0.5201359214183 0.864923792388789 0.0863879079082521 0.887860827880506 0.0670674856069197
"cg03961551" 0.0925582357614179 0.111817125488681 0.809696675171337 0.0933205443266583 0.797334503516534 0.271451348209886
"cg14165142" 0.0762499545566884 0.205045614991703 0.821924672873833 0.0794949387134172 0.827261162811057 0.236438958934418
"cg12609063" 0.0973236442311151 0.101355591780892 0.812635494264634 0.0982214554327832 0.648944032340164 0.438280097455531
"cg21999229" 0.0873280134069624 0.161314301354036 0.781122690288725 0.0901553085701702 0.770881872093605 0.0722201879730973
"cg21830221" 0.117902706222672 0.128309037592094 0.796598846447699 0.119170888387129 0.808390366594244 0.0834007483889144
"cg20805133" 0.0601258734020971 0.362453149807971 0.88032124840831 0.0664105060966072 0.904712430086654 0.288623142854577
"cg14597739" 0.122555173537514 0.22922538861331 0.838765337981306 0.135563609419181 0.848898036605384 0.113876813147089
"cg18148314" 0.101679430754234 0.107909843608665 0.830277129279231 0.0915407937931284 0.828880689328295 0.285038828537191
"cg21359303" 0.0973923308395962 0.182232881898493 0.889361340584289 0.10679600112289 0.901100098590926 0.415606708597212
"cg04722215" 0.112987402027989 0.122138316251692 0.841452266934267 0.107806468077763 0.766543345145112 0.34924367755801
"cg06208288" 0.147310910516044 0.0882143807276857 0.909518952510793 0.146229032361313 0.90664613104519 0.515745512038846
"cg00446123" 0.0357181377433415 0.0537320729354346 0.801896076424261 0.0380555540345684 0.886633453314572 0.220682073193952
"cg17169196" 0.0762468951725775 0.18193965526352 0.807840746254156 0.0808881967310992 0.82593200973863 0.065808766346486
"cg14441276" 0.0824798753295541 0.13485983903784 0.799937254874002 0.0942733149369087 0.801369861265442 0.0618478510472326
"cg08169020" 0.0384701808340572 0.103980600335029 0.842961018730238 0.0470083909438652 0.862955781837197 0.325104858824584
"cg20513976" 0.0318844325094001 0.0573438510982331 0.824287166771074 0.0356125044140525 0.874998508988201 0.278683621930874
"cg03795574" 0.102463292795069 0.369488195820481 0.754691935793243 0.120885792794751 0.114208039022577 0.096026418973435
"cg00219921" 0.77576871830638 0.852372900192643 0.878860037772346 0.185485124998371 0.878167372737521 0.890660778864998
"cg25939861" 0.693448644066597 0.637431004277063 0.845000245569433 0.112799594301262 0.861552016721427 0.866789075242958
"cg11531557" 0.713081570951462 0.849412520290173 0.889198878456129 0.220419839839468 0.889970340547346 0.891823306888996
"cg02324835" 0.480259977688907 0.753323152584948 0.845623420779298 0.164238422345639 0.859954162315356 0.867966139935436
"cg08450017" 0.204709024189555 0.525370227173398 0.942854827826868 0.131112778392379 0.948278125076295 0.948544251634408
"cg25535316" 0.614367237010514 0.783721156395529 0.864472718278139 0.222372614435606 0.85527610716965 0.841789973662147
"cg10977115" 0.348892740781262 0.417657451251819 0.881878700261322 0.119169457694775 0.887439592063248 0.899958261392473
"cg18174654" 0.77637851639309 0.866133487174782 0.847855941317087 0.28177966312539 0.861673799371582 0.872975899946866
"cg22512531" 0.379430907422387 0.387401408077128 0.874088587966143 0.114525356343734 0.871521271525496 0.880638754003417
"cg09245989" 0.144980773800385 0.775697452716012 0.853956232733524 0.141051095104862 0.866431511859482 0.893161267858378
"cg18857618" 0.777611264895156 0.886443064827994 0.885903277265617 0.303412864062261 0.869893754789238 0.889791952875894
"cg15880738" 0.0895804350443944 0.684403986309955 0.845553925809122 0.101342282488165 0.848016683279459 0.851236948380912
"cg25350872" 0.868307836774242 0.786207534497321 0.902573227443472 0.324355560510481 0.90059895038438 0.908459019295531
"cg12655059" 0.332961448235244 0.839201736335284 0.857030506979248 0.193642771821682 0.853094746396255 0.847281820594087
"cg07930673" 0.127094281504909 0.757771564459632 0.867411737530987 0.145547827720439 0.870328293209055 0.874146296885307
"cg25643644" 0.11012914781467 0.586275053578024 0.869446095852127 0.114303848252349 0.872671369343182 0.889741644564516
"cg02598071" 0.469737145693086 0.824308614583178 0.833914473806107 0.221830252372615 0.839688347440727 0.869684194478652
"cg15392364" 0.0709463956581488 0.568876908300787 0.862343791904565 0.079961489001004 0.858212627087717 0.777394494680984
"cg26033526" 0.169177835205087 0.589201568347793 0.840867385303147 0.0905873287386293 0.858735115465978 0.718688172253921
"cg11067179" 0.792019491528245 0.848347852857193 0.856035999978701 0.290987677005941 0.846438729251972 0.808218201893544
"cg24612198" 0.152308596865908 0.759807837044152 0.894058598223371 0.176474973569123 0.892959185816427 0.907577143723722
"cg03254928" 0.0792883630268051 0.725998524844728 0.77304586938519 0.092105295729022 0.781938463864103 0.819274284243359
"cg04759756" 0.39585847763372 0.69232277782695 0.875850112561832 0.203825849067727 0.876347291769859 0.883477399478783
"cg24961795" 0.202880047437236 0.801372662168596 0.795215304474477 0.151755446591948 0.824565697099257 0.833401969026621
"cg11210357" 0.11350424231284 0.7535204406131 0.851904729208338 0.137541627176688 0.843871827768002 0.825381948220932
"cg04403423" 0.181012486714145 0.718882804242537 0.840843098434188 0.130887091859709 0.848127036505826 0.752104301593064
"cg01002223" 0.817924566639459 0.907386722607638 0.912714709335847 0.361670919288201 0.914251972602304 0.917149087597657
"cg03172657" 0.147604080981338 0.763198087928821 0.600309965737343 0.0710628094220517 0.620502333785199 0.912308929569474
"cg07786657" 0.0704904608777809 0.167776165188143 0.94280080795589 0.0810102622346884 0.951618162302807 0.960667298958859
"cg20156237" 0.483657037390659 0.898721042729221 0.917092263678062 0.295764466777672 0.914098463603067 0.922377552624727
"cg19993258" 0.162976665224001 0.753440929390374 0.838444007242207 0.150105971555436 0.845152636473681 0.816515409482102
"cg09032544" 0.076218336116104 0.176471629198554 0.931867884874869 0.0816069907370777 0.944792363003698 0.952075391786814
"cg18522931" 0.753266630171122 0.678981617447211 0.0919976316865395 0.81472076086934 0.0869090847303478 0.0818866642563441
"cg19369955" 0.728852459582356 0.262245347675493 0.079371443805708 0.734927197108387 0.075593553940279 0.152411942147812
"cg24484138" 0.70869173827439 0.448599556403312 0.0775224794946464 0.785431067636545 0.0718319407293428 0.239339861807551
"cg19440734" 0.401135923513198 0.134595085734569 0.0639890381301215 0.618835370408016 0.0599991194211591 0.0584930724615069
"cg09914404" 0.672733893817611 0.166996550476968 0.102129506001599 0.74639397609463 0.0923685879528897 0.314941476297401
"cg21340621" 0.602709638840798 0.348600207995751 0.088068715664876 0.768082654499747 0.105970818214759 0.30829954224148
"cg23671196" 0.813641721647281 0.752183211710589 0.0837004665760137 0.845411110339821 0.0734524066894565 0.0951371289415363
"cg12426092" 0.696189613253325 0.25965178440634 0.108363140012155 0.754316916281624 0.109559023327729 0.171098780170752
"cg17329534" 0.167818737983801 0.404181767308338 0.118407748153015 0.782566313074897 0.10976815766689 0.727772502073872
"cg09145126" 0.741504913037268 0.629034380987845 0.087469101841837 0.816246121480607 0.0841194510416601 0.09158569832533
"cg20545410" 0.771993697010179 0.349720790854335 0.127009673742548 0.829248044519805 0.339324606006923 0.102529655969415
"cg20048655" 0.669170276570502 0.638615908438821 0.114095334161662 0.81161135435817 0.0853961782464707 0.0865216934569103
"cg13443575" 0.552322554123537 0.0895874544284472 0.0753411949432366 0.668026159067262 0.0703933627914359 0.0934459088685851
"cg07799277" 0.669997513541918 0.496993185226108 0.0937286699625584 0.790697038949232 0.0923301605371234 0.136113435485761
"cg04905719" 0.684701936379561 0.0986698482842281 0.0809094991959899 0.701927851296828 0.0807330219414051 0.0972940299467985
"cg04354393" 0.46125372546138 0.058117049468693 0.0472527827176543 0.629695129404934 0.0468904642958936 0.0549838641435496
"cg13247398" 0.415865858342732 0.110837347575263 0.0755671313483198 0.657298170371949 0.0800340652614968 0.128841704204102
"cg24401262" 0.782529332043562 0.595570141081712 0.0682079097779314 0.819292743797871 0.0546807268286084 0.0902244994179328
"cg15381475" 0.695633284905305 0.367049474031992 0.0501585363134368 0.766484995019853 0.0388908313787125 0.139588935990519
"cg26681770" 0.67953151892012 0.0870725273258976 0.0629423331434407 0.723326034431226 0.0632344165396107 0.142286899970206
"cg24902461" 0.720585066538391 0.446594432207226 0.0892335282623396 0.822624509422316 0.0822609456021728 0.0969560644596767
"cg25711558" 0.693966431562554 0.226540286789372 0.0644471655220225 0.7639502592464 0.0626381615755257 0.0651021060634061
"cg16563370" 0.738509414803268 0.137287181025005 0.130057876685867 0.799618785289427 0.112404972664725 0.174868784081991
"cg23018755" 0.698452489329493 0.212638839197935 0.0661537112347103 0.796053361082161 0.0533838796914283 0.226502270183341
"cg22193912" 0.714806510107712 0.187315425076623 0.0539832056461255 0.815290906526196 0.0468285361970132 0.221953410254986
"cg05398700" 0.953823792481876 0.953310233017126 0.899588711846672 0.956451233385431 0.111977936435448 0.950583223038987
"cg16802439" 0.97334303663817 0.965830777085046 0.774220874373555 0.974136629423206 0.115001101701766 0.970325929325149
"cg22381196" 0.924258314964656 0.9149869148481 0.675285280206005 0.922535569238994 0.0634504384884912 0.921702442563891
"cg25739938" 0.90225334182999 0.893141217556544 0.869389224532149 0.900743798515196 0.0997603996691175 0.902956814979511
"cg06270401" 0.887330316808651 0.871149825249754 0.823829210775528 0.888010802754154 0.087406385256583 0.900613806635094
"cg15878616" 0.970947146618891 0.962326787764789 0.531609365864483 0.967986406465919 0.0966253781093801 0.967145837062113
"cg19037107" 0.901958491379592 0.892571631845615 0.849008650376756 0.899241764221083 0.108385772790968 0.908953819118453
"cg05627557" 0.873189071940513 0.874226564073368 0.686534851271052 0.881059770500155 0.058996311233606 0.878206696533813
"cg23819411" 0.922832792164614 0.913811170905239 0.736308629589691 0.931464225796634 0.111201990010142 0.913795649913134
"cg00439981" 0.912789037444256 0.905180193561264 0.643704229812241 0.910905989439558 0.0848791216983124 0.913679893532894
"cg05936004" 0.895677069427255 0.86769589181096 0.800985238776622 0.8995264777133 0.104675365712857 0.905534074843471
"cg00705730" 0.874579307259849 0.874041689465193 0.841021897261686 0.866863286025086 0.103537429629176 0.884672197928202
"cg12483340" 0.888748380276645 0.863025512980136 0.770238922131119 0.889282874779239 0.0955626210601073 0.884791080949763
"cg13468144" 0.856184804654264 0.871348089665389 0.897863729361487 0.890668442268018 0.120743206696536 0.90536217396959
"cg08253808" 0.897997838358085 0.888815971966265 0.742116263719135 0.900671423030146 0.100159333214558 0.88431656493738
"cg10611016" 0.914604343329099 0.909600210500761 0.697445842897508 0.911665160638819 0.10692065916576 0.913137597554858
"cg25600606" 0.908602396182109 0.903820921825024 0.867411679680476 0.910373933810245 0.138126885504878 0.909789170879222
"cg21685770" 0.889497833808584 0.890720981484469 0.682245547739985 0.892768993853747 0.0872275414193305 0.880214017825876
"cg04858164" 0.904542989084147 0.898510191252306 0.85360550912021 0.908296338511356 0.135512736010491 0.909849076946723
"cg01692842" 0.863707476659478 0.85215528433141 0.811373307519943 0.869260917546589 0.0970287089038006 0.881911294416919
"cg13595556" 0.898008399718185 0.818338990083818 0.672381453314313 0.896190297572241 0.0814563140346471 0.905795573557565
"cg08154963" 0.866680694638508 0.851410589658829 0.788458184869771 0.869174849275906 0.0951575813131018 0.869375154492663
"cg03340036" 0.890084354752134 0.891164196450725 0.764939325018771 0.894112517650456 0.113892411558993 0.893433574283141
"cg18023065" 0.954605715600191 0.954816113057843 0.454513141900612 0.957789605647627 0.105868206568126 0.95809745819525
"cg04855678" 0.920298431258299 0.817799773198647 0.582243508411453 0.918782760303975 0.0805307942932308 0.90755166049868
"cg15658793" 0.919032003578314 0.898620013990224 0.694242981610193 0.910593010331305 0.119998284389536 0.913581078712701
"cg17852482" 0.868798021404403 0.845459282773786 0.812966170046768 0.869711461184803 0.107539804326116 0.868107601233244
"cg25605731" 0.94477156673989 0.948551794128713 0.481149384782664 0.946918608711804 0.105788141812104 0.93143171101498
"cg24504014" 0.920020517838394 0.90737149102512 0.644182825801596 0.92120995047363 0.119055186346203 0.918115481023779
"cg07790752" 0.861789810119542 0.852945925522639 0.753533225433629 0.844885741403822 0.0970486960929056 0.869983887145943
"cg09342997" 0.87102675889052 0.87038655024668 0.769035454299854 0.878359707863799 0.1163373860742 0.884538197490521
"cg07409471" 0.907402901248726 0.895359956610961 0.781130305690095 0.911712701823341 0.146521763702096 0.917934947806468
"cg13396713" 0.885841526142006 0.869046317080137 0.59051606367693 0.891184303547081 0.089757836773366 0.89255798420595
"cg11313468" 0.846521911971742 0.83118098566656 0.722856790844993 0.84820878175979 0.0857472402483875 0.858688636686913
"cg04609694" 0.871988372286023 0.865995512099348 0.794057940334447 0.869841666114119 0.122044902469248 0.871316904233243
"cg19055828" 0.88938865415666 0.884089869654671 0.584324893134524 0.885184196581978 0.0927575826201585 0.88265601260846
"cg00660167" 0.955841747066354 0.949250393063956 0.796992230514677 0.954551078316664 0.190475182162876 0.957320464495271
"cg10487428" 0.874549667137706 0.848426501232435 0.746860805730463 0.871731655055655 0.112790781649405 0.883282273354853
"cg24737761" 0.886361056626054 0.851798638579503 0.812702605676816 0.888583417638185 0.135221305651358 0.886085660215556
"cg23338668" 0.875140360907602 0.885288975022393 0.854895939152415 0.876586511222538 0.147794186544797 0.893698062711226
"cg01699630" 0.874934308543606 0.871315423818416 0.874885473515407 0.882062700507511 0.147779460138144 0.881706052848741
"cg24827600" 0.884664371296591 0.879932567198741 0.510359282147535 0.888285886578703 0.0813800180431207 0.866490038262556
"cg13633625" 0.895253933375173 0.888956168514087 0.645273071564154 0.894676482216977 0.118583837676017 0.883456007585354
"cg13785123" 0.957671306039168 0.95799960726469 0.813926633095696 0.958192484069487 0.206395453350364 0.95862013798182
"cg25074794" 0.929228216567425 0.921958232941208 0.853578923376974 0.932327789562676 0.194018162916412 0.93208044390742
"cg01040749" 0.888910959455689 0.878869865794149 0.758810914657504 0.880907584625037 0.137844637703031 0.877835709291677
"cg03637218" 0.844698344570307 0.821409037436046 0.841249772247546 0.841020276520684 0.119647539253668 0.845163522020104
"cg01923724" 0.871654374108741 0.865070223439198 0.853922139137196 0.870258943301681 0.150583321758296 0.878708337734459
"cg09535475" 0.860878111035294 0.863759274057435 0.664823618052079 0.877025167007265 0.110781923465371 0.871860456653965
"cg24893378" 0.202350678019038 0.343987216741536 0.717623056935764 0.114584138778934 0.80720835061521 0.077482097792763
"cg09221159" 0.0722806612073398 0.108410265667268 0.453789994603963 0.0747467065147618 0.699104199783708 0.20646560792065
"cg03889044" 0.0997483941027367 0.479776772796678 0.50577865928826 0.12463450740643 0.839973211640738 0.401258706654992
"cg07613391" 0.103493163179987 0.155856031652473 0.680210372703237 0.11486124148086 0.79542034842511 0.32991583254737
"cg14480046" 0.116181532127479 0.546280520753801 0.848411597057129 0.124723670455517 0.899134296569709 0.250598751770447
"cg01735277" 0.0629121219008801 0.108281251543677 0.667905902596675 0.0683756384561092 0.756357111793031 0.266808264828782
"cg17479280" 0.64002448775188 0.116579957544509 0.565511722518291 0.509090320981478 0.911205633338635 0.0607790889559409
"cg12810837" 0.0753855541211086 0.129264087624268 0.66115169511118 0.0791806238989762 0.73279342673688 0.0705608665359482
"cg25140783" 0.129019410647472 0.146532819035974 0.837666244254063 0.123413010773443 0.879506250691463 0.527038978758366
"cg15535471" 0.251092005132753 0.0944538322059219 0.451701777505703 0.286991815096332 0.829909741284027 0.41855197739391
"cg24310395" 0.0856526329148024 0.077853921665836 0.674085124481466 0.075342741803177 0.807077622436147 0.439279684516251
"cg00754552" 0.484178511341079 0.277355481907903 0.108486856554363 0.452911077767435 0.826536398670958 0.0800613259826336
"cg23280720" 0.0499077497217959 0.35687278166104 0.590201511755104 0.0621223671083124 0.81408207628637 0.256737523025783
"cg27051683" 0.0886449220273414 0.502579708282646 0.494252030743285 0.127252385775454 0.882060255961041 0.438302884617484
"cg00795812" 0.094056673265687 0.453103633241524 0.251975923250876 0.117801282366634 0.801027754230979 0.305733825339746
"cg26106166" 0.146972796211619 0.105723243312787 0.685220639854688 0.129759946866178 0.813528755099866 0.189391878457766
"cg11354682" 0.442276502862758 0.133448868688084 0.131678097082927 0.513951009777714 0.826719441307322 0.0769572289072883
"cg02212836" 0.165494869621009 0.318973470805677 0.186119654194934 0.198862414039461 0.761207487014281 0.0908921534856367
"cg18920397" 0.0715047920852771 0.112820151535739 0.673839018129245 0.0723102528862586 0.800423093739574 0.204223287699071
"cg03526142" 0.0664565915286575 0.0774816425677702 0.724761563056804 0.0688340051513003 0.845479481701924 0.371705809848861
"cg10699171" 0.0892115480969226 0.106108105350103 0.569599830747815 0.0920752221099675 0.829855483529174 0.144720455756703
"cg23954655" 0.0735429145825526 0.153551350586908 0.144278337025066 0.0851651602697292 0.761675901408665 0.0726385243578416
"cg09993145" 0.0739728790451288 0.0771414774634711 0.0917191208659638 0.0622800212127659 0.789392990027366 0.202231879375871
"cg17768768" 0.94686169676781 0.948814886256501 0.9402834666248 0.951300486143755 0.941048448076668 0.0830320593513016
"cg25131632" 0.931233034133971 0.934772313842485 0.939020539423073 0.931849979714741 0.938935564054468 0.0837032351908463
"cg19276014" 0.950418925734322 0.951859832708868 0.945087952844775 0.955022404935728 0.950696772588906 0.100133228052057
"cg02212339" 0.93152801546225 0.948544502126252 0.945872712030712 0.935196184045762 0.94421622730959 0.0954142843595559
"cg13738327" 0.950550492886966 0.938212526604357 0.95430677232161 0.952857598299363 0.956650549177604 0.110928191636972
"cg15348679" 0.900153200351176 0.941668335921857 0.865511908712688 0.963744856314319 0.882504795973651 0.0742195631230063
"cg27106643" 0.892728014860761 0.906996329050515 0.916443110600826 0.907424054653873 0.915922752882711 0.0818414773945264
"cg15241519" 0.931823496184326 0.869606721636856 0.872536140912993 0.925718747660811 0.93891524839304 0.0833501176985156
"cg16210395" 0.884034212141345 0.890233047665195 0.899977280400844 0.886763066306179 0.892891316498527 0.0729822418588054
"cg01598421" 0.942458206774033 0.933472406253667 0.940674426142846 0.94050738743275 0.943906954818399 0.130615028853769
"cg14482811" 0.932419203588467 0.798671846960595 0.911339726819451 0.936061522167695 0.905628405738536 0.0878018994737052
"cg26692003" 0.962996724560842 0.962790190818147 0.948793146303491 0.963780395701519 0.952741474180514 0.149692790733668
"cg11661493" 0.883403224219197 0.884229389369228 0.872767889919452 0.890145198516332 0.873756615658739 0.0731053995455029
"cg01024458" 0.846162247509551 0.864593639910959 0.901206677545889 0.878252686059532 0.905736527932831 0.0753364015617734
"cg26552743" 0.892879065704129 0.863322320040435 0.867219526297909 0.89927118050624 0.858476424281529 0.0762274319366428
"cg21248060" 0.923900464243505 0.778322595888578 0.922868715030417 0.900469786472709 0.926983997261402 0.0909738654610599
"cg26438284" 0.907522162604557 0.852934629102851 0.904188595781145 0.890947774068989 0.883484452461878 0.0969306335158888
"cg22212560" 0.906668534302849 0.895503605178054 0.67987267685469 0.910062566039918 0.857910090364966 0.0599135508076823
"cg04828493" 0.939901525751373 0.724275157969624 0.846468453056451 0.939301210986954 0.945547246825962 0.090816692888093
"cg05524458" 0.901578615966455 0.895519158562971 0.87678726412766 0.905837925804325 0.759264427253514 0.0805276337494761
"cg26318872" 0.894995971032922 0.890564669451665 0.890164505304372 0.896092510532213 0.880776340738295 0.103250129741786
"cg11774624" 0.899638953383814 0.869882790671005 0.900046138746062 0.9035992849481 0.896247349680623 0.106726203345089
"cg07145038" 0.888758488484313 0.872841510394692 0.886339192103929 0.890406044316089 0.864297629731901 0.0950776255713556
"cg00760938" 0.865974983712598 0.826631309677114 0.863159799098441 0.872878275564278 0.854002215582848 0.072188874632415
"cg14936008" 0.906082077196478 0.901288305899164 0.89493381386982 0.909349779991155 0.897211647105859 0.120277814365155
"cg11699517" 0.973507464397185 0.970543396115683 0.955379335522833 0.974190736150944 0.942341737149436 0.182787877876907
"cg27304328" 0.890051998899539 0.884611473105908 0.842296941804573 0.888557835418604 0.827726336168241 0.087315050616127
"cg05480110" 0.943630955879782 0.936180522063733 0.942737725799157 0.948456954040277 0.944613389700241 0.164237154306313
"cg07768103" 0.948977080818654 0.94337958124204 0.963403618915886 0.744482392865629 0.965345654182982 0.135085952089624
"cg25683989" 0.878292085625433 0.848572707619744 0.87174790025351 0.881025405784946 0.866056143482926 0.0912384390782549
"cg14066207" 0.829549520578049 0.899430592782603 0.930459436030585 0.830907501056747 0.927370812637516 0.105158415078048
"cg16148346" 0.875988321804212 0.874598440709339 0.866461989081292 0.878785110086385 0.867284860009334 0.0957513231130089
"cg17995557" 0.86212874229752 0.788826878761197 0.865940785199547 0.867435413292237 0.859076699094998 0.0733962368309728
"cg21596498" 0.833355903287643 0.86220201115648 0.879530715246848 0.867118151976112 0.867434256384805 0.0867197986624976
"cg20602300" 0.882598541430948 0.880582967087178 0.882551037638004 0.882978356656018 0.877830491192137 0.107786520281481
"cg15235922" 0.848973969542271 0.884355542186906 0.853179579817628 0.859028098818961 0.825270942551655 0.0808059141024816
"cg03860768" 0.855036846223871 0.859576280278556 0.87071309323637 0.842798715546436 0.856811043876788 0.0847350398105752
"cg17679619" 0.871497431882575 0.87232194043303 0.87609261356608 0.872441605194825 0.864575775997851 0.101170493037606
"cg20666585" 0.868478641871567 0.821481952708673 0.875844253553152 0.867478403226611 0.87701441603816 0.0941551888595455
"cg05484949" 0.965562514110608 0.964529181316149 0.955882891346001 0.961171339992521 0.953030200048129 0.192354654365731
"cg15532942" 0.861825845903376 0.842012705156247 0.876746652798896 0.871474043519037 0.867199937921634 0.0966156569334865
"cg01868869" 0.893014830301726 0.892432027851805 0.889616213672493 0.90154784969593 0.884346055318985 0.125116447850063
"cg09469986" 0.859667085751419 0.835645899854374 0.861890748331908 0.861279270631005 0.872927990882637 0.0934277155061562
"cg00464927" 0.949959518287459 0.92798512503382 0.939184358674382 0.951896983789591 0.947280579820781 0.178560854768269
"cg13823257" 0.869291103022704 0.864535333759817 0.870959554501517 0.876989139472314 0.866053309907986 0.105736873939579
"cg15035590" 0.902419520301024 0.894053630464316 0.89438909990169 0.902216015247084 0.889841147616349 0.133985966360964
"cg13356455" 0.875514165589746 0.82360392266062 0.868151625301143 0.876009545211427 0.860544135340148 0.0989046189890086
"cg13482010" 0.827651581593834 0.82146675987489 0.857376553193064 0.82473063602805 0.86039254677087 0.0771214252007582
"cg18184053" 0.86442120355998 0.772819122540217 0.820060201036604 0.862163529944047 0.820250555248857 0.0676876406517022
"cg22826986" 0.824204050724376 0.81186196733919 0.866959460900659 0.815673039606522 0.833649753240225 0.071883393334081
"cg24834394" 0.339801995325697 0.46267188218075 0.414230432311809 0.406285759187787 0.0989112450217327 0.872438416610492
"cg00134539" 0.0975783845988283 0.129099870871582 0.666350961714063 0.0978154816840305 0.562337272963801 0.836691562374583
"cg20979153" 0.0833083735378905 0.129560798168613 0.0594986059611344 0.0792037618332142 0.0749761308164215 0.613599456410804
"cg22677556" 0.090916109691862 0.473334345500447 0.225917749289271 0.103687899310065 0.609796400168113 0.828026944363009
"cg15354065" 0.101280633561103 0.701369166690621 0.104159917004862 0.188263226260625 0.398373074038247 0.826693783434709
"cg07093324" 0.223004751350182 0.501442711910668 0.156604291255244 0.280495251629172 0.102198925047947 0.784119163660244
"cg02734358" 0.407486287245216 0.105321516838621 0.0752763452179748 0.433224439849727 0.530495009524027 0.84708887507668
"cg05517541" 0.118264441174258 0.07423631590396 0.272098508517412 0.0759391751915201 0.255388960159551 0.695278145358864
"cg00874051" 0.56313656347233 0.408176941248746 0.13059877421668 0.507403595756553 0.0754295218456192 0.879878650369867
"cg22286382" 0.130307137308014 0.145625130993906 0.31120145985399 0.121969399947885 0.107566262753666 0.706179174856412
"cg07091500" 0.214845094075982 0.559087181901591 0.124420716314488 0.305859043788005 0.133021640334294 0.812020338935713
"cg07375256" 0.113561870576855 0.214327120827326 0.72196552810364 0.0854978121402204 0.376633895916865 0.845826540682217
"cg21278103" 0.420824651270644 0.444766457714845 0.123039648272569 0.477061287220888 0.0844783649670118 0.858267202494317
"cg27492103" 0.126597760961451 0.491808075000015 0.451691206322233 0.112005635492434 0.10580765869153 0.807411386494434
"cg09849688" 0.286266685788554 0.232462167945303 0.0872853557800117 0.22922432374487 0.0884044861607854 0.737221063547606
"cg08698943" 0.25680812724532 0.36571705512723 0.120536209728426 0.386740592687575 0.36985873036765 0.852324597069099
"cg07249939" 0.351972032540867 0.100351988243604 0.266266616516945 0.264226225415576 0.235425791392242 0.798467395589438
"cg22437221" 0.161800717138169 0.489717639164092 0.56308501809728 0.138518496474517 0.18306964751626 0.859742244406875
"cg00574379" 0.146950654650012 0.0995856679426268 0.620805379921072 0.149021837845332 0.281366900803893 0.815337999725721
"cg09076077" 0.528286686824187 0.10202969102035 0.105897059584707 0.522304702018167 0.107175617411913 0.833425399046184
"cg00970435" 0.181892208622523 0.0988771132804785 0.274611687217902 0.103669283183969 0.110467854410925 0.71628033305933
"cg17950348" 0.612019709967954 0.0751804085184556 0.097384883371508 0.556861435763196 0.0733676711413564 0.853013477314025
"cg01054402" 0.130160915884676 0.582893569952616 0.278081515564906 0.175214075638044 0.0826024934365378 0.825173058717509
"cg25616055" 0.0660610776049144 0.106239242080074 0.113018567816518 0.0776445509597595 0.0581869989263867 0.667398566506845
"cg03798942" 0.106218947857224 0.0691392096866359 0.571831068088744 0.170370814106314 0.128100079571107 0.792499454186118
"cg20450123" 0.259162830951502 0.12548275188462 0.212839349576744 0.248108512205086 0.0852787423736125 0.77265400960846
"cg08682625" 0.198425006665399 0.464192628627445 0.124679392442742 0.214639757374996 0.114593822304988 0.810420175148278
"cg25518868" 0.115822161760663 0.218621290543298 0.0831606526602611 0.160427169081293 0.0733436691035086 0.719370825950443
"cg20380468" 0.0842805232240315 0.520883583071848 0.474228471775146 0.0973753207560974 0.216420200825106 0.877006673915991
"cg21291385" 0.129006201809241 0.157558037609279 0.402467191650619 0.126636840595114 0.114193918217335 0.799075871525779
"cg19268695" 0.102125568038562 0.128869038378321 0.194964941937038 0.111334573220378 0.643131344673163 0.849582629596632
"cg20317872" 0.071986654135662 0.135115790071825 0.416104401938953 0.0906375371659992 0.671456732276207 0.891021640646173
"cg25336765" 0.415455450636082 0.183882310955913 0.113119394090172 0.363187204678951 0.110829506964359 0.863705482052156
"cg15906007" 0.0950138617949229 0.0777108895893421 0.297463131969875 0.106439421038645 0.127741886107026 0.765980078319721
"cg09300089" 0.403631557313799 0.121791226094442 0.0957521759210486 0.241441103838574 0.0830319847509957 0.820452655982355
"cg00619207" 0.0865311632837884 0.109824674198408 0.161690387718332 0.0906925244400765 0.507205872598237 0.840433498601007
"cg00058449" 0.464818771750838 0.0639572880144205 0.334033212579169 0.300002590820229 0.259538533527339 0.946701176087189
"cg01156249" 0.279918361642681 0.638088859055064 0.0723580267336078 0.207265369544699 0.057533862047996 0.914620737876958
"cg07635227" 0.163155379938254 0.495391417566148 0.0522676597051271 0.129928048533063 0.0400885098748178 0.85238458680255
"cg23357708" 0.183244998957124 0.161126278409102 0.0848741106761752 0.21792189666801 0.077047258815356 0.82262890044299
"cg19269039" 0.0699427142488311 0.116799418308946 0.187031415769973 0.083825611990015 0.410187387795329 0.853862687092357
"cg14317609" 0.090069828373565 0.0705971046638755 0.0698271834358384 0.103505170079944 0.0700908244571396 0.801319976540175
"cg08864105" 0.188930892961169 0.186356692240931 0.109249931902306 0.203303072835663 0.102969952569411 0.886146506252178
"cg08560387" 0.102291990828853 0.054661382717165 0.059784290815 0.0635358635830655 0.0513105295516915 0.79746381629403
"cg03429643" 0.0766854478689367 0.0817290286694972 0.0882165327050283 0.074681334535856 0.0726062792310281 0.836753615125405
"cg02606840" 0.0613000162149705 0.0755933404062843 0.175721302808775 0.0602613672699016 0.0642174006979071 0.85401581145646
"cg17266282" 0.0952298069752026 0.171892163489208 0.100554270336391 0.125832368654129 0.100364881385709 0.9208969857849
