"CD4" "NK" "MO" "CD8" "GR" "B"
"cg00366435" 0.0962961397094207 0.878543479663521 0.906924871808263 0.330059829210299 0.912548676168283 0.920942230590937
"cg07679948" 0.152290706930901 0.940382446716428 0.950486522138753 0.365369428809065 0.952198703763223 0.959267533143931
"cg01154505" 0.148510447365541 0.9376864027566 0.93696163350486 0.466390170110452 0.946021027027211 0.774808390227369
"cg11848483" 0.103109313349143 0.893936139777307 0.903399998711078 0.21197055023539 0.911259526233138 0.896927993776645
"cg16452866" 0.147660848246144 0.921734295765361 0.945754612810921 0.222126123255724 0.944048648438495 0.953587732388234
"cg07970799" 0.180226190028146 0.7886525753785 0.92977900950296 0.548517897715252 0.932770593908102 0.931986292034937
"cg01874152" 0.124327586318709 0.799244704029882 0.872032640580584 0.455908225666715 0.872559940735441 0.842547137364842
"cg19001909" 0.162178155029275 0.8982186355717 0.94278216491874 0.259437748599106 0.950221301599374 0.957900552778769
"cg03388043" 0.0817046119916307 0.69396205374288 0.923930459304724 0.0914120325617617 0.93076265914797 0.94662329697816
"cg26166854" 0.128973040154012 0.657517593801712 0.869287741729538 0.515475939391608 0.886116427990593 0.887327563831804
"cg05705140" 0.130510657477033 0.840779162867482 0.897257260357215 0.368851552725829 0.895192599114346 0.803471536983216
"cg26852712" 0.184446894681191 0.851867795757864 0.914656854556738 0.518546949320932 0.913732507845197 0.871655386816986
"cg10837404" 0.235373706535655 0.897656797593647 0.910778417104163 0.667855075313578 0.91249658786771 0.920159098597704
"cg14522718" 0.109035767157024 0.722914129846273 0.916696098665569 0.156350247773038 0.910324162767044 0.936103564892077
"cg24841244" 0.0929724191526332 0.762731364163133 0.887113061915956 0.116059796453855 0.88350917967074 0.903321389859954
"cg04340595" 0.0829335249207349 0.580919792054185 0.912250399887997 0.1309182791658 0.911035753857217 0.938175320356928
"cg11710595" 0.219524523887371 0.844953207343122 0.881377490250254 0.644848935745609 0.893593053318337 0.900963419222931
"cg18735089" 0.132050383687333 0.823738879243767 0.901537642922463 0.181728743427366 0.909108703750213 0.903955755155196
"cg24441810" 0.088849755309989 0.809271400731845 0.873901874935997 0.105955692031299 0.877178539291793 0.819287993938878
"cg14477767" 0.236103999702408 0.821195825366251 0.888288006751797 0.740924125519901 0.888442922799083 0.883088134757835
"cg13750061" 0.104000729402509 0.822691710008675 0.868112896550228 0.120633745500715 0.871024531665688 0.879905737776304
"cg06915826" 0.123113495095542 0.826415561104634 0.857828881557587 0.242292983392834 0.860107157541035 0.870029318933167
"cg07015803" 0.18122302839406 0.902981990838568 0.924798594655979 0.251204375496408 0.921078639330525 0.940647679266792
"cg09526469" 0.131526880342273 0.800148505742608 0.86351525149317 0.409352682526654 0.873571378203222 0.733185438744848
"cg25325005" 0.137733629045223 0.777730045596936 0.927203442179186 0.275335433998457 0.939816317466756 0.782078450172972
"cg23357533" 0.189875164954718 0.881454099455867 0.878774131120721 0.436541334814503 0.878450902493939 0.898541446513453
"cg16775598" 0.1401320910823 0.837728220304043 0.870253518921233 0.236050327385396 0.880547102694007 0.892034969434994
"cg01490728" 0.1307919655388 0.832121473838121 0.84124492186397 0.310594849962135 0.833968833393009 0.848054187864431
"cg07545925" 0.0795136163700968 0.688408985638293 0.879760821150812 0.095407721693009 0.877988217094967 0.854618927475051
"cg24662823" 0.155697661892926 0.730523745324162 0.889039853512578 0.365487380631508 0.889658515019198 0.903314371606546
"cg22230912" 0.115934560201271 0.823605327666779 0.844799367983116 0.197938849267198 0.807247778197995 0.891868924520906
"cg10240150" 0.120560965687598 0.76224709571709 0.841557372918477 0.272139284448675 0.836696479219865 0.868713530532827
"cg25486399" 0.151621747004092 0.813249245753051 0.827295339119126 0.407371634965181 0.813246349371293 0.872677721036015
"cg18650518" 0.118059929768452 0.687279184191929 0.896616553177234 0.17565681634138 0.894022159788152 0.897374949737752
"cg05074138" 0.172432641449954 0.842243016803214 0.857468562760801 0.406870259999561 0.855988386500034 0.868774954744059
"cg16193207" 0.132915012281652 0.810976348995662 0.861403741886582 0.211939689820308 0.862443986275711 0.873902880593481
"cg26400113" 0.129120071858411 0.807017507790615 0.877912990586623 0.166944486011505 0.868139470454915 0.880405779984832
"cg11162888" 0.150009747264224 0.859274135777113 0.865679989978846 0.221573068923033 0.870542898548975 0.887282684012162
"cg04180114" 0.126638818483338 0.83568432764186 0.841908543128875 0.192514911354414 0.865632665150707 0.847205688276887
"cg07133479" 0.221460777659062 0.832351782360249 0.853477552735163 0.651508506134873 0.839991341955938 0.882194903262786
"cg23896695" 0.131840124107121 0.828342706831107 0.870614749300897 0.200919498452738 0.84964836488723 0.854879326468007
"cg20661080" 0.104920860711443 0.70938014969082 0.854204044270748 0.152649302137302 0.868605441265231 0.875528076825643
"cg08338281" 0.12276568016872 0.81110210656227 0.879580928868124 0.143494301042404 0.892927084997031 0.81881351004363
"cg25226014" 0.102316684685806 0.58267405934002 0.905456684163769 0.142697914671862 0.909328049820858 0.890525217308861
"cg18758433" 0.115537655193221 0.688323969824585 0.834780502418706 0.207156056711479 0.890288950211644 0.885059153131483
"cg13651908" 0.143383507214671 0.770386425796397 0.840506593602309 0.336575431912204 0.8381735808163 0.865143749290555
"cg21254135" 0.161455325696903 0.836098318045555 0.856871846252044 0.325287906236697 0.853638997289027 0.868991018341887
"cg06164961" 0.0988438036895735 0.649041685665685 0.879214128972201 0.10438338738034 0.887823237490386 0.894655987729832
"cg10111816" 0.1033539370068 0.783100207132628 0.844008111060503 0.129366928438888 0.825015762329734 0.863960475573169
"cg01040649" 0.183826232118913 0.845881214160073 0.884598368830066 0.384188945511824 0.874010616955406 0.856357579420138
"cg01233897" 0.723200230263121 0.280048426617661 0.0948324462427527 0.71143236327503 0.102509440687536 0.0749548064718138
"cg20806175" 0.836398738037391 0.162957017560982 0.102054993929985 0.660500050905448 0.0873601960686806 0.852760573361708
"cg08772789" 0.85242003633147 0.733088754101714 0.139842708391834 0.845487976060305 0.122771266442912 0.089501421646475
"cg21360910" 0.741515183109449 0.24529046559689 0.178506715203346 0.620409950964989 0.17462572360349 0.113518679487518
"cg19369955" 0.738761053969941 0.290710982123517 0.0826307411662637 0.736451789177062 0.0830043259724842 0.139881262736979
"cg04244970" 0.768487288699227 0.144732051264246 0.0908377709239754 0.62140010479406 0.080101502367844 0.55665261349288
"cg12836863" 0.882392811505325 0.236927837148055 0.124688367223738 0.770821078066852 0.100748386284098 0.841203557376313
"cg10376161" 0.843826214367033 0.785082727156706 0.088066110413671 0.819369118911845 0.103694476241631 0.0713049646707177
"cg24904788" 0.624765164206327 0.0601014441095636 0.0703452382425669 0.424748279029771 0.0670476995530432 0.110923867908807
"cg06760238" 0.803310284900119 0.149550686369272 0.0976264788706305 0.747433743359138 0.103800121303577 0.55070056974138
"cg22539431" 0.857972979338131 0.679963741596228 0.0903491199438506 0.857946396388122 0.078779626839248 0.225605775858168
"cg21252105" 0.850052895637738 0.121478100024949 0.0993593161372894 0.769037364811429 0.0731496032059239 0.819353420524433
"cg09662852" 0.688272319406014 0.0932224443522074 0.0854009841267505 0.637107038044184 0.0799777891411512 0.136551044396233
"cg16922167" 0.795730923601059 0.305842145588479 0.132582452016076 0.753650254889068 0.131522655082033 0.25511265580879
"cg16602097" 0.795221208894866 0.470422767239903 0.0988934457870627 0.757541374502721 0.114812785544285 0.138107372697817
"cg22742001" 0.854290675308046 0.722989098820927 0.0860339953290553 0.863326326719558 0.085424393684388 0.121044014281582
"cg26501007" 0.799251110797333 0.150308667770576 0.142806499028464 0.71564057714486 0.413356957573979 0.128137236458409
"cg25031824" 0.819852280492349 0.475334165345071 0.111518003776655 0.809903493771136 0.114559495803833 0.175210079385142
"cg18739675" 0.838860885431501 0.114157591689186 0.0854107769300394 0.760707684811066 0.0969825944840419 0.733799673722897
"cg26402417" 0.836988477526411 0.575655534216696 0.0846390247426627 0.847137148595547 0.111994997875216 0.140766072629645
"cg07834069" 0.888376640373751 0.717657584199096 0.0936006030223958 0.886729994114066 0.0900921752181433 0.238657796756251
"cg09169413" 0.812414322489522 0.43057372818281 0.093727055327581 0.819772543810496 0.180314208837803 0.0856331886295019
"cg01231183" 0.803204455941976 0.430267538996225 0.141117357052366 0.762422648080113 0.133939646879381 0.0875840355313094
"cg27058988" 0.675271766553596 0.243005963183236 0.0513896704783667 0.523877319888709 0.048674305814383 0.0453093539961896
"cg16097858" 0.765678914720417 0.250132898643045 0.125988043841096 0.738026758919677 0.123088119040507 0.119355763441291
"cg06650256" 0.876898482942796 0.354571743043902 0.0963168566055949 0.818222820141124 0.106742368835002 0.564499699659258
"cg05228359" 0.738165557575166 0.345437031778804 0.0599297191029802 0.703359842188569 0.0559227897834871 0.0573629978121297
"cg07837085" 0.790563381960512 0.146771299173074 0.101507809414002 0.662591245625039 0.0859081313422831 0.495387028535749
"cg11377213" 0.85103856277477 0.707699823841792 0.0783057084100076 0.780467812373403 0.092121229037041 0.117310399770252
"cg18150584" 0.862004825642794 0.69164668636667 0.0788308793862397 0.860628849888743 0.0772377794298392 0.118628216481393
"cg09287328" 0.943709822796079 0.805846506391863 0.129587920997663 0.941600898571177 0.258898291487285 0.0875454163756194
"cg23582982" 0.841025696785274 0.380018713530807 0.103534858062765 0.838068928372446 0.0935834066934543 0.289875021640035
"cg27027151" 0.714392951780564 0.150959832101003 0.190573684299014 0.420797518680634 0.196722485447229 0.0699560330166271
"cg21593001" 0.74639852600596 0.16435240197508 0.0785424689856099 0.739029461665709 0.0827708009243982 0.13640430019628
"cg07598385" 0.714770735686892 0.0802448830469155 0.0814199818841253 0.583474807274438 0.0778195454849858 0.202227976260031
"cg09037630" 0.717705241458363 0.0859872706694988 0.0825292635842638 0.69717009935756 0.0951739409068989 0.0702366232957399
"cg25978218" 0.768081636177862 0.0827397464141165 0.108069968330089 0.722537079296314 0.0830038797407896 0.284909341969628
"cg21495704" 0.904737711414809 0.153369344481823 0.100845221258508 0.872448394032416 0.117195376473898 0.741053690034113
"cg12465678" 0.87212998076189 0.154092138809365 0.105014855353605 0.792152013725593 0.109226866847157 0.621260663263574
"cg09885622" 0.850589056866278 0.146578869772139 0.145124855519794 0.783137934219412 0.262908142986466 0.304470213576902
"cg11787160" 0.875338859789925 0.326462750011199 0.194803691654159 0.859204304246235 0.190458793706774 0.190895387013293
"cg04742550" 0.734010292955832 0.0385257008984935 0.0442245316139583 0.384074338606339 0.0397736767127188 0.555216413648863
"cg26923863" 0.853370440935506 0.132240068936262 0.0669597983363759 0.745301227962261 0.0594745600244257 0.621366828214826
"cg20455854" 0.759815249331197 0.117204870554666 0.103284165894695 0.668701746200753 0.0978141487199419 0.130541013353886
"cg19628988" 0.809038239966098 0.124703014605547 0.0749132178861335 0.734702267622463 0.103408745261622 0.290081900019498
"cg25729350" 0.747684969879278 0.143041708766101 0.0744727123791394 0.610256440219206 0.0772916629658723 0.0740859044610155
"cg13468685" 0.826639031739267 0.129454577284474 0.0871329196217221 0.7690991206144 0.0820711259494483 0.305996846359076
"cg07785552" 0.776504395273707 0.163113151677287 0.100967373492728 0.65485529393439 0.10004409747986 0.0811443733511378
"cg02380585" 0.759303693399054 0.0880963033002621 0.0518614022501112 0.749561791301511 0.0531677134612681 0.0421181289387171
"cg13448978" 0.843806976028013 0.282448237616904 0.0765958644755839 0.801035370799354 0.0806270199089262 0.163919240708767
"cg27582527" 0.842927451379026 0.083607839742264 0.868344261246735 0.724503075101901 0.866343486474271 0.861098059168117
"cg12811871" 0.953715958744461 0.162329063348356 0.968880833458538 0.812309401146083 0.969909644817273 0.837676530692488
"cg00805874" 0.931839563016597 0.168711967237327 0.950306919226818 0.729602362245235 0.950772502786186 0.964205753497358
"cg25383568" 0.920081540589852 0.185883052206997 0.937392033254805 0.825532071129508 0.935794135903636 0.932639076774943
"cg03538296" 0.874352373427178 0.13704676398508 0.886678455496423 0.756588922658817 0.888955414284959 0.888777625559003
"cg06202778" 0.881725644525041 0.133485713946046 0.834436550516185 0.776927716192146 0.868387498035819 0.902721811332775
"cg22749642" 0.903513670246096 0.179853916567208 0.914909645715675 0.813033059442249 0.900537416034616 0.91731003739252
"cg21634628" 0.807182031671565 0.126289903141515 0.888455242254676 0.751208129313561 0.891994697328045 0.836892142868408
"cg07307830" 0.830209897655778 0.134954330664372 0.879953129449189 0.736829853091615 0.882586735148658 0.889791600270359
"cg11335172" 0.912113185330198 0.193913902324268 0.920036493368627 0.837995685766143 0.898073848649511 0.923223407111104
"cg05875239" 0.875246632594533 0.168189789739495 0.886815616505683 0.816350401558409 0.89110814157811 0.883581885054573
"cg13617280" 0.930547265514873 0.220967803699955 0.941337255645169 0.899769953489767 0.896359281467619 0.944653981455573
"cg20657709" 0.882908519398688 0.167767414724467 0.889328873937692 0.799512766587396 0.883855687977761 0.886125667829778
"cg02384859" 0.880451660212545 0.168377635945742 0.897807763961804 0.772513382454327 0.895682734120916 0.893528653390872
"cg19066520" 0.653715483860363 0.160564542058728 0.941901163703344 0.812863209595034 0.931246104546594 0.938259593902431
"cg06040872" 0.882320350191605 0.168072868025934 0.888295804324465 0.774083579326968 0.869145870284256 0.903780777741456
"cg15757195" 0.854496900920734 0.166425657720152 0.876635770623214 0.804906551489712 0.878727071714174 0.88867105013404
"cg26012482" 0.786493792728103 0.130326754334102 0.864916229933747 0.724234584887377 0.858980432051226 0.875335075054602
"cg11978441" 0.799173171499877 0.129769132987784 0.864989512999763 0.700518073456289 0.873717265668997 0.866365728620834
"cg00719568" 0.866132520609575 0.143893185453607 0.860586472106476 0.775889121015729 0.86888282484606 0.798205820648354
"cg06022561" 0.804857494289131 0.127157847124226 0.864863611548054 0.733451300984016 0.8077069596178 0.879316075752958
"cg27274718" 0.891115019796996 0.194147141927764 0.880036302359935 0.851633461119924 0.887672741866246 0.895287937495145
"cg06588802" 0.825694196655066 0.165327443361669 0.878781117263025 0.758720701284458 0.886072731678354 0.892083921614847
"cg13995453" 0.847206448275101 0.17651072468971 0.87856418195385 0.792979103102548 0.87587273088203 0.888916034948245
"cg14301562" 0.865271644584155 0.162085938503368 0.867182746664284 0.774430821094813 0.821474986368005 0.884427932592252
"cg26227465" 0.810022852077287 0.136306801479707 0.852563267296808 0.690041590519168 0.860556448583724 0.860598913765111
"cg04784635" 0.815390190016792 0.17324489967197 0.891325912931179 0.760196518960966 0.883940385304055 0.900292244249709
"cg27309871" 0.88762626479177 0.193743053971447 0.895004951927772 0.792919325262955 0.885014236237574 0.893096608529323
"cg05656688" 0.833242649335572 0.151756612426883 0.915369786949675 0.667782295608077 0.867695242628432 0.852059513440195
"cg21474838" 0.857043031752695 0.189997461588547 0.890453499201539 0.787811489093199 0.893903420502384 0.902913868576919
"cg18672716" 0.865213195222767 0.165799789402976 0.863425985317314 0.746686210093267 0.844847587837703 0.882729588190724
"cg11650164" 0.879545977279736 0.194127179267669 0.883497917855515 0.808524619287711 0.870607122932119 0.899920638063264
"cg01940139" 0.8621277381227 0.192106082327788 0.897698493650514 0.782734943266956 0.885720549516128 0.89806074859472
"cg05653887" 0.865366371729821 0.177565751131384 0.86810242413813 0.760012873096134 0.865594423413577 0.881557161911971
"cg20987610" 0.882118007494503 0.186970616217336 0.78955799820886 0.836461852767695 0.898704811065545 0.883671645554029
"cg18310515" 0.860514183824676 0.18659743878275 0.876460225988394 0.78102095695547 0.882196217196957 0.881344530699504
"cg02150910" 0.85672664760649 0.163517319515963 0.868966794155049 0.746207153108932 0.850431104812557 0.840356103716661
"cg26242064" 0.866089758835848 0.193289257573395 0.889479788101795 0.78776321220391 0.879781363717401 0.886393260751083
"cg26934362" 0.785823265711941 0.134275710575908 0.856389226389837 0.655342985294705 0.856312302936068 0.856438507999648
"cg13917614" 0.897575103769497 0.218145964478356 0.912831455216674 0.806019061234808 0.911172107206752 0.89939712755687
"cg21333217" 0.949102941432797 0.268444226540228 0.959210581107019 0.847293586925147 0.958317033642448 0.96122430052822
"cg01806427" 0.852067881323417 0.137634984651774 0.654617973896488 0.799128342305704 0.830504833251193 0.893640544094593
"cg18352710" 0.859092956118535 0.175915493148894 0.866085131122301 0.74866285200656 0.868087941375706 0.857234728960955
"cg10796068" 0.867073106813188 0.192217169496562 0.873728712282628 0.792437443233334 0.869950524415538 0.87478802471722
"cg26275360" 0.8692599452424 0.195019612452036 0.868646877225292 0.811678292317923 0.872428118815932 0.86463968324771
"cg24408769" 0.912850381751599 0.168657154662974 0.741377933571965 0.837791012622828 0.738340945866233 0.93833883171852
"cg13613174" 0.847939110021649 0.17590832601488 0.877516852179279 0.754065919176606 0.808524930528942 0.902956780286595
"cg15241779" 0.866867962380086 0.197255468129436 0.872453270903099 0.799535388634522 0.870190698029193 0.882991712519436
"cg22488278" 0.885294524898145 0.207304430575694 0.893274411342692 0.801792650460159 0.896497645793153 0.861266113156618
"cg24578857" 0.876172663352806 0.215879142274151 0.921530542685816 0.762108483415443 0.912911127533583 0.908621963386936
"cg00902153" 0.170250456662004 0.698698262492442 0.0804396586411031 0.168169765199943 0.101489680889307 0.827070776027965
"cg01512840" 0.44951343747615 0.737054799292423 0.055056238862317 0.663493694709844 0.0548198743169462 0.282303959140006
"cg10491452" 0.237025372176371 0.606165246697676 0.0756780432734845 0.305180746420048 0.0781515526273253 0.136356383148572
"cg24728803" 0.505707959558514 0.741229933949313 0.118657476504982 0.627676991996378 0.11409086910651 0.142444302712038
"cg06175008" 0.403330615633207 0.668802767657177 0.128156673500448 0.398172385534787 0.0913040330491409 0.115820482852124
"cg25719851" 0.205692730659321 0.741100546355084 0.305198731112478 0.400848216071383 0.195042002335886 0.392462287789911
"cg11147278" 0.43776312913775 0.723344841336193 0.0742844092186369 0.554784375994501 0.0829021731088534 0.259320707191602
"cg24315421" 0.333644082929255 0.747586065163929 0.0861190192959302 0.564224034560431 0.0807344701342557 0.463975149885396
"cg06832898" 0.192617077220971 0.625391696890898 0.151579563099325 0.396136533729871 0.0679201402264359 0.0765426693389935
"cg05756780" 0.313931154033549 0.768195472674036 0.0859972070676994 0.6310508711079 0.149410986984552 0.439615037916585
"cg17801864" 0.302482066096448 0.669318378379833 0.102636486403062 0.431208277395289 0.108826318633004 0.159493602852908
"cg15702277" 0.28369570399335 0.806637184215151 0.118362957419298 0.65635553934117 0.0782748607284798 0.692518161375822
"cg13318771" 0.158671753722233 0.59875033618396 0.0645955700704173 0.244979593293658 0.135511440225433 0.112676556724197
"cg09747445" 0.249206959557481 0.817821463310587 0.514209690639326 0.244515733390543 0.542545181351644 0.220847904307448
"cg27122888" 0.10387790514041 0.568478095687344 0.0823578160992951 0.176616020911771 0.0809172607767407 0.106652552033158
"cg26823762" 0.199120658664754 0.627968525353793 0.0680835610880706 0.425485091243656 0.0734838491465253 0.080066673479379
"cg07675477" 0.254550758303268 0.705683888156112 0.196055412690709 0.374851685735049 0.191618456782192 0.210453036122769
"cg09958402" 0.442062527822914 0.707611087728693 0.0698197239451822 0.562792010885954 0.086258410559952 0.0765316614253515
"cg15356966" 0.322141555106459 0.640776950491052 0.077418053274589 0.266507009403119 0.0853084987657166 0.150948011691963
"cg01447281" 0.0931156831589134 0.580438949864873 0.0884556930147056 0.177690506352535 0.091197677471696 0.135426086095809
"cg11481582" 0.402578142359567 0.678985426222772 0.0629012954292167 0.488600987505759 0.0713127418134578 0.0494364008854951
"cg02417427" 0.371725498562334 0.80092870468476 0.506969510615425 0.353294235076568 0.280117397387271 0.147763496401171
"cg17087974" 0.519090338510585 0.758910943557268 0.0939237298990908 0.669028965677776 0.100662709016939 0.0857731473678499
"cg25045219" 0.115634375578416 0.758777498684026 0.113372585752858 0.64360482980754 0.146360905200996 0.456413576565768
"cg11948905" 0.47229083426486 0.76607326726132 0.0837538751024536 0.558921884969521 0.0640239796196252 0.332431147992584
"cg25887844" 0.231971706696665 0.730084245250792 0.186670932791446 0.315616326277965 0.117126970712468 0.466446712929055
"cg22897715" 0.229363536723451 0.601816958721496 0.0510923329493978 0.233179479014884 0.0474355536673159 0.0902272402292637
"cg15694422" 0.489723706402921 0.706249560262412 0.0985684480584837 0.243320057527829 0.103787822955444 0.243897337497961
"cg26348226" 0.276356141085928 0.6773059382493 0.0725497766771353 0.457472959037119 0.0989942916607716 0.0603255369610808
"cg25817701" 0.380573285119276 0.88249906872385 0.54720139793613 0.324389580683744 0.642906945285889 0.0415596633270209
"cg04887172" 0.408921361366369 0.719141925312722 0.0819306865260388 0.466029178449248 0.0880483452222824 0.100400604538864
"cg14649507" 0.583294354205673 0.802578969569155 0.106167081372175 0.563111293805564 0.14916918389954 0.162886711405148
"cg22589728" 0.223274845575251 0.700701383259416 0.175777646070834 0.27288141639706 0.204072673999943 0.1607995576292
"cg09101151" 0.296062582603875 0.717084481117005 0.166187026389465 0.370218454155956 0.179729382453854 0.100633642086521
"cg13404688" 0.454531445998845 0.818595496461513 0.110483488531987 0.644254212154798 0.146903993268618 0.20588457745761
"cg26971042" 0.0785233560178114 0.615439641628616 0.121029807103799 0.119444388041093 0.137882415965643 0.0571379570266893
"cg21638533" 0.307672956664473 0.853717394938272 0.095057412417326 0.389771409315212 0.0866715993173158 0.879869031308477
"cg21232161" 0.363843566353161 0.770103164139656 0.223918187624882 0.447084345596975 0.11762426430861 0.111717117287373
"cg03837680" 0.249663903909001 0.682371502048954 0.0647349866276137 0.301029176609521 0.0663706085459543 0.138862028138994
"cg11173131" 0.318768147852081 0.720409631068474 0.0622487367712065 0.445836318798581 0.0660419674609544 0.105134236232503
"cg27218978" 0.438768935257539 0.838048971728669 0.258323254645638 0.559987866752041 0.121695351143714 0.165901598423326
"cg22442430" 0.122603424304939 0.711658814909983 0.156787850672551 0.165509083511621 0.319160964463851 0.102149140544138
"cg09001226" 0.255947797341318 0.696738065707251 0.0646188673201611 0.2588250886474 0.0725141880474154 0.156254358586047
"cg12273325" 0.130105164376295 0.677683843548822 0.0657713557171484 0.267787237824023 0.147011527470712 0.0754458516757916
"cg18881723" 0.0689382783065042 0.663195414182251 0.0752896139126642 0.201573753386772 0.0938978811555059 0.0674758157400021
"cg04179740" 0.0970718027366787 0.702365127028824 0.0779571496013355 0.170272878933422 0.0814529529268258 0.230007587101608
"cg11358405" 0.282043121957432 0.743976536869762 0.048364577625309 0.37861746508576 0.0544579586615176 0.0521147726999989
"cg06117093" 0.187901943570972 0.791325274105421 0.0891229366150019 0.401089760768071 0.102786878573506 0.192035753223797
"cg07381806" 0.139293084860396 0.785925914425018 0.114691676995507 0.246919479138614 0.326866236555428 0.0888355843554779
"cg17766305" 0.198746893450736 0.826668439348922 0.0656640356327566 0.33392035085534 0.102421384507148 0.0937792644589793
"cg26872907" 0.920022654942315 0.91460473046473 0.0931911192727711 0.93561742885326 0.926503325469157 0.927032743137078
"cg23244761" 0.951421684860022 0.947504527155059 0.14995610676581 0.964968098973647 0.960244394222454 0.958275877560189
"cg12655112" 0.921843552651229 0.925048936098911 0.124594332349794 0.945958490885742 0.744717747586827 0.887990550669931
"cg10480329" 0.90573995934592 0.897768475616414 0.143977583943829 0.9160548820652 0.849816546025281 0.907093192680875
"cg05923857" 0.839404440682989 0.912511253380796 0.140724999499961 0.917001881554964 0.847775427702962 0.909227784983272
"cg11597902" 0.947318627554369 0.931745788552248 0.0745993099104116 0.963128177828605 0.326844089357439 0.951169450561542
"cg24788483" 0.885868242906205 0.92989206540809 0.193170348630294 0.94347869051376 0.897421950743372 0.915329371938375
"cg16429499" 0.894772574144326 0.871159500919405 0.100854857588935 0.910896544846414 0.885200174639762 0.528700511866076
"cg20610950" 0.898586833643213 0.891945868542422 0.120187423994255 0.906620473984005 0.622196829279263 0.902753401192229
"cg08908131" 0.857600252641602 0.827327722862966 0.12786370158809 0.8545563763081 0.840955045862486 0.859297473225847
"cg01476222" 0.888546416063731 0.826834545317373 0.150393797546802 0.873716745296951 0.865398630593571 0.825240751282207
"cg18990407" 0.916778952637143 0.908038027183972 0.17835498344533 0.925128951635065 0.82300605206322 0.848939348203022
"cg16636767" 0.886035739200487 0.877419485582859 0.177287379295439 0.889755744164819 0.861177599964594 0.884661809686056
"cg02244028" 0.873835779703392 0.865347036398031 0.166394787844594 0.880141843252938 0.821494344276647 0.883719423406559
"cg10499974" 0.891942124221863 0.88166237763749 0.0983908656941141 0.909688758690177 0.456559933795738 0.865975790761949
"cg23146741" 0.84458872716265 0.826070315006986 0.124399427306041 0.836252436868392 0.774095199059401 0.825514336534181
"cg14109551" 0.884152735255494 0.877374384198848 0.164901940377286 0.895244258424446 0.750648627769574 0.900760305277066
"cg20559385" 0.795415529193218 0.805650077382361 0.11348167096446 0.787489244880032 0.81749196115105 0.819626736852859
"cg10278149" 0.863471024732555 0.857350986721591 0.131313100053785 0.8779437837921 0.695773352201167 0.824160957005961
"cg10624395" 0.894398623039868 0.886777677778081 0.207614855039272 0.900395626425044 0.903759772412433 0.903762008636084
"cg09322573" 0.871412139859581 0.841754419620352 0.130918477609698 0.881047010874766 0.669569212922366 0.851967432159283
"cg18835472" 0.848344488233221 0.849861586754597 0.125540339935085 0.870289974827567 0.686106204465753 0.832130790012817
"cg26538782" 0.86274572617509 0.859047380239782 0.162976456535515 0.868029837560042 0.833325863947901 0.827719429517058
"cg24365417" 0.851184761202455 0.80480527693067 0.142471185836547 0.860713468768181 0.769972495754824 0.861812385789074
"cg18066690" 0.898571142821549 0.895091565300821 0.211746106772638 0.900878987953423 0.895860494880535 0.900007584808996
"cg24954967" 0.874158272046217 0.815751196088054 0.113199248694416 0.842623495716701 0.760588541033015 0.69934634598891
"cg19835973" 0.89925079899318 0.897290395818206 0.224404674829702 0.916102291383689 0.909617142479988 0.928594826370607
"cg09220326" 0.886360537820427 0.872354194891801 0.137522445273385 0.891450696350238 0.590174580165646 0.886586151344486
"cg04468741" 0.832347241598798 0.857601481877265 0.165055307915733 0.867992130527083 0.809095482927081 0.878889698461516
"cg27366072" 0.885049036431588 0.86598057808478 0.160378347292951 0.884153301632201 0.744451897602536 0.836378624957216
"cg07002540" 0.839060479121877 0.813450137984784 0.143518770866106 0.874449055977527 0.72230069578407 0.881604654472061
"cg02780988" 0.838788450423648 0.817779602523031 0.149159805829911 0.838390651107212 0.830056861992625 0.82269596126142
"cg22675702" 0.835145917000011 0.828597911745248 0.150926364527929 0.842772298827721 0.808079765548742 0.837765532923178
"cg12422199" 0.827124723339738 0.780820451747043 0.128423301427868 0.837025436519571 0.840136012495954 0.730870689643188
"cg18770149" 0.85606042455743 0.834720044864861 0.178612994357156 0.85633300871217 0.84407688968918 0.874814177326382
"cg00288598" 0.82401206886731 0.921951909897749 0.192741977580775 0.912672144895023 0.744793368966058 0.942248657998831
"cg00091349" 0.865759317905257 0.856501048485737 0.104524484060509 0.879501508859048 0.427696922348706 0.849061008256912
"cg23144445" 0.871647335053198 0.848614177106831 0.111549339770084 0.866096565103992 0.492745633810636 0.828958318592723
"cg24037651" 0.8084215146991 0.793698334072651 0.145422575610825 0.810632760412703 0.854046513034923 0.780897075222237
"cg22259797" 0.818613725777962 0.902403341733941 0.107130254562987 0.893411905264593 0.360979307617281 0.924115237059898
"cg11186858" 0.957408360925955 0.934984487966222 0.207747139140821 0.96692134979945 0.570770380635627 0.947199201174346
"cg23791626" 0.873597722207059 0.834558946824922 0.15868349012414 0.876425445690931 0.795563822643855 0.722793198665484
"cg26690127" 0.856452483177187 0.882013644279114 0.156780384110347 0.895205636643278 0.724173407199056 0.742056983652198
"cg12555086" 0.86826248725595 0.800181481576087 0.125203562816112 0.881515775307906 0.636420422964494 0.758449424155684
"cg11327657" 0.933101467580492 0.884728474638941 0.0804503401317692 0.943769631439013 0.0667689827777279 0.938275514366765
"cg06297318" 0.836712043115169 0.843025838650728 0.169919846092711 0.846555913656626 0.784015959319062 0.848923939477001
"cg07110356" 0.930039556311401 0.917854778329145 0.0938710824003922 0.944114444276247 0.100857112029771 0.92749240121495
"cg22528270" 0.953842627555386 0.941020441101268 0.107446159986021 0.961600034782155 0.0770127543107846 0.956430549647648
"cg03533256" 0.795394824611149 0.784387415434956 0.108637212544997 0.792257337789418 0.654197899732939 0.814770777874506
"cg10690440" 0.939342814092601 0.919788958563603 0.114841610353906 0.946224130911724 0.158151812179135 0.947220192257919
"cg09736959" 0.122114596104665 0.222618431738282 0.748427850649412 0.106378095635807 0.750089551000427 0.118265162765972
"cg15174682" 0.198598833340438 0.3808910147534 0.813283435318074 0.161531213673298 0.806116828967227 0.0946305356722429
"cg17587997" 0.396394085584453 0.13506089761969 0.857358094636962 0.298952369235836 0.865448973772585 0.138224540130367
"cg24216966" 0.167530380082993 0.269616114015688 0.809529306862229 0.154285885543785 0.822103386959404 0.194716350687422
"cg20055861" 0.186606482004118 0.399297355122698 0.825419918663906 0.187525967934021 0.838605733521999 0.0741808410311708
"cg11586857" 0.158049943765504 0.283705856442465 0.814938708803837 0.140687991385827 0.83818922119977 0.213595415768001
"cg24957609" 0.196877353948267 0.154674632361494 0.757816609220182 0.133786623656013 0.524434428963359 0.360385867484847
"cg08622666" 0.348520409801156 0.157467234847914 0.823186270260076 0.166719467023044 0.832380711503566 0.152189654746027
"cg23007665" 0.101450667680004 0.120042212069196 0.701952972932086 0.0917234163279714 0.649477606128693 0.0938796178942563
"cg27027055" 0.126081002140066 0.235643090519253 0.858209816085647 0.0969340974019562 0.855871534894072 0.511667933503744
"cg20611272" 0.152110751286191 0.191217395734695 0.870668086117559 0.172143395941549 0.87133971000539 0.494993343286567
"cg24010658" 0.0812604046172931 0.267922024488245 0.871209182973896 0.0724896264917509 0.870621393921974 0.593543664679076
"cg03916225" 0.111064809270504 0.134988521285412 0.783438968928554 0.0982564683624562 0.775105559657027 0.313141596667432
"cg17161520" 0.0961282963198265 0.22021783307604 0.757876227068709 0.0867974648785866 0.813041614383103 0.0750491520101319
"cg26217402" 0.204381953814456 0.361356201621148 0.850512276535265 0.200566661087605 0.827126288686763 0.151725310995392
"cg21201401" 0.0759769198062986 0.0968079551264644 0.771941403512943 0.07142500140662 0.846799991733936 0.251849284994577
"cg23213217" 0.143643386396445 0.482449976736664 0.796850325939958 0.144026921910748 0.183802665158769 0.583484881616004
"cg14364797" 0.135436742110868 0.0946155323085505 0.734564900442812 0.0750564175175314 0.260099204659516 0.641189752940617
"cg21577598" 0.0658654478835988 0.205807246104034 0.797852962599204 0.0629426054332569 0.801709250270975 0.342438938207421
"cg01849093" 0.25067447517117 0.165875299457481 0.838453727062738 0.213436836269707 0.808125369104354 0.230585326206702
"cg17078393" 0.151472632004989 0.397565953223406 0.843567336837676 0.143650880263983 0.850043056305161 0.121383546235533
"cg10639435" 0.153736464800141 0.13493123721922 0.820449966150476 0.158799255623867 0.520277989703692 0.609204439155069
"cg02879423" 0.143148675041317 0.144610560277441 0.769159440812999 0.148742738811378 0.111922151513536 0.80482922948212
"cg16219283" 0.11682992831633 0.183029367503626 0.77571925490479 0.10266551719322 0.798404914867577 0.104235544855054
"cg19510565" 0.0835643735894559 0.113973299663709 0.775276980214516 0.0640781383055192 0.785796995090559 0.2455615484473
"cg14437551" 0.0776465904151429 0.101596786979681 0.730634383907235 0.064035388970615 0.74979536762694 0.0618552939861174
"cg02737268" 0.0778187708099203 0.565980343258749 0.852986820646229 0.0869424526347817 0.876490800879529 0.058375763801169
"cg07706695" 0.068810433267491 0.122875848262741 0.776418330235847 0.0592572539328427 0.799677598817833 0.216654551334822
"cg19097880" 0.0764257797168113 0.0964697507591172 0.729445489801285 0.0719964523905605 0.706926646472536 0.0713422346070033
"cg03961551" 0.110423245163419 0.136443752964 0.807754701020636 0.0929876179512929 0.797116975329388 0.279208334698709
"cg12603453" 0.119204602780181 0.109227068780555 0.827892047973205 0.0969246290111564 0.369574822713391 0.870386738247609
"cg14165142" 0.0899170503534385 0.235307461534094 0.822094528349086 0.0813316628663307 0.824794628007105 0.243130948699774
"cg26348243" 0.0969182108238587 0.518111015631763 0.892202357437797 0.117073057945308 0.899617790584204 0.182247122958289
"cg21830221" 0.125732213682688 0.142217203082281 0.785565890935332 0.115176986194455 0.798485852653574 0.0837976150712655
"cg21999229" 0.103990086539478 0.155363695638802 0.77223432861718 0.0820214299365135 0.776284528249223 0.0798648445315659
"cg13554018" 0.161992915713636 0.113219158500301 0.781238157070316 0.110817136208939 0.772688938756066 0.0784922434739568
"cg12609063" 0.097451727384525 0.11438196215771 0.81269229590355 0.0942443346101236 0.653999996613117 0.436716704655172
"cg11316887" 0.163703286153062 0.136159252856555 0.817309754937536 0.110147619871151 0.864919191696047 0.114625803550716
"cg18148314" 0.1108503122481 0.129886926227258 0.828364166176605 0.0892450383200434 0.830049969393178 0.282862647063498
"cg20805133" 0.0688570564514577 0.336747284876202 0.863241799355244 0.0671696659258175 0.891969241944475 0.251226536701867
"cg06208288" 0.173692933657932 0.119633852501215 0.908783673400723 0.138187542384839 0.907025611768249 0.492899802436693
"cg14597739" 0.138191052845355 0.20915089549873 0.829939039722007 0.121795340671491 0.843111781247295 0.116593045063425
"cg21359303" 0.0994496654354878 0.200970359047319 0.890219720661199 0.100763440277458 0.898245733052793 0.403260603545009
"cg17169196" 0.100856711918801 0.17460442269778 0.807329569227781 0.0881159857479672 0.829346315893426 0.0742038521541199
"cg04722215" 0.119995167270199 0.142081412296688 0.848676286918302 0.106909681479658 0.779353459979004 0.338081960297572
"cg08169020" 0.0534199962367541 0.122867447120191 0.846191753707868 0.0527501856159017 0.864699437831345 0.347045857848224
"cg20513976" 0.0364491461365133 0.0679434632123397 0.827025635308586 0.0339357983647999 0.890818603910792 0.302528673999267
"cg00446123" 0.048785179018965 0.0698949233492965 0.829568632721697 0.0429874763512914 0.9064760290341 0.25034124949991
"cg14441276" 0.085821214941623 0.13615437768956 0.801623881276142 0.0853268019639338 0.805165979927029 0.0652271541617196
"cg03795574" 0.104174025076929 0.352227386837385 0.744801582155776 0.120013160501353 0.111837031164334 0.0956858737292636
"cg25939861" 0.689566864003193 0.625401732263039 0.845999589479444 0.114913043784386 0.86634036902228 0.871302624034996
"cg00219921" 0.787753577352256 0.833600700943347 0.876901949833134 0.196468950770114 0.880040628752788 0.888486977957059
"cg11531557" 0.736559026991092 0.813649862304038 0.881861377054372 0.246422767609679 0.883071867704901 0.890596362880428
"cg25535316" 0.637359250434682 0.772856413634 0.868086470164218 0.212636130225808 0.860088912654293 0.853582574701778
"cg08450017" 0.230200076800486 0.515010402274372 0.932823727891409 0.136359630961485 0.930697675684612 0.941708298339971
"cg02324835" 0.504447936405723 0.735140939687777 0.845025081184983 0.191780230522993 0.861682579666237 0.867734019100876
"cg10977115" 0.351290751347864 0.402070213079468 0.887530413969692 0.120897132326588 0.893345194304913 0.903204850400892
"cg18174654" 0.789975806021024 0.849893890587696 0.841282828395914 0.275633144969761 0.861594866017139 0.877422768812082
"cg12655059" 0.329141154850215 0.827706684943648 0.860830263918767 0.182653432887025 0.856765546270111 0.850900655964249
"cg22512531" 0.363088229997123 0.357234466603956 0.873645661851437 0.113554879302339 0.87388958522484 0.882499869889739
"cg15392364" 0.0783552448773437 0.539640994094855 0.869154646877587 0.0793297062393363 0.860430481875177 0.812213959128184
"cg09032544" 0.0996051241132539 0.212307583358912 0.927753918650123 0.0762614595977863 0.93112081557899 0.952151542095932
"cg02598071" 0.457481827512868 0.838647024089092 0.845855428187206 0.222008575501321 0.855479541634846 0.886815373283456
"cg26033526" 0.184476538470353 0.597280619450473 0.844268695932576 0.0946646004100842 0.850407916511812 0.737149139631385
"cg07786657" 0.0866510403812354 0.19866526475113 0.932527813484385 0.0760963685330595 0.92806571537542 0.953968858417208
"cg25350872" 0.906461948044077 0.82153548851164 0.913695905668451 0.348757339167146 0.913564626264562 0.919883912523452
"cg07728874" 0.105078841567651 0.693336824869783 0.837394818683484 0.123456296741296 0.837909786398016 0.860991224003059
"cg25643644" 0.115664224732946 0.563942382438627 0.863289204145001 0.118650116891831 0.863232269676392 0.887705772776857
"cg14094409" 0.357793847819336 0.191175375964581 0.93867969361329 0.12297478005612 0.938370812819584 0.853652385664899
"cg07930673" 0.130576823139667 0.731621017978142 0.864861322952522 0.152792346463453 0.864136157598123 0.875271424845901
"cg09245989" 0.150781458370532 0.748431542092894 0.850420652615003 0.159872175835116 0.860550104739947 0.893895642631679
"cg26137915" 0.0986999225316368 0.540816670600651 0.855005526475539 0.110719248582175 0.855775024101232 0.860849748042124
"cg15880738" 0.104904151409696 0.626571442435948 0.835957784080456 0.121803191420273 0.841126601436296 0.848123256437829
"cg11067179" 0.799658251430693 0.838315895103514 0.857821465240345 0.303182800199811 0.857238393905115 0.815905313813082
"cg11210357" 0.125563732993765 0.730182831686099 0.853502987103164 0.148190892768538 0.844354577891664 0.834829394549067
"cg24612198" 0.167172606863172 0.735941180035129 0.890942707939584 0.189778919966077 0.891348625286994 0.905345014526508
"cg04403423" 0.195488463755005 0.695616612046336 0.840898786483952 0.141705213052687 0.843863838896418 0.769663634973576
"cg03030267" 0.481880934651562 0.564012658211028 0.870176844954858 0.201935667849291 0.86272428880667 0.859196922085993
"cg03002526" 0.144946513533727 0.762917588498972 0.834606405037504 0.159565002764377 0.840292846830909 0.855330337191953
"cg03254928" 0.0901752432539655 0.686472414445408 0.777506699306735 0.108195566476317 0.786404441946588 0.832140861675028
"cg16374333" 0.0979619787998467 0.353197414371048 0.870210240614209 0.0905184694169358 0.856775886284588 0.880302894677954
"cg18857618" 0.781237478830421 0.880234675417234 0.884466750994185 0.334678885031242 0.865233508990166 0.894871277517804
"cg09232358" 0.232518611018679 0.811533580672064 0.825296394766372 0.193871268687215 0.854102445304266 0.877217683851198
"cg13619891" 0.162521376329398 0.816854079638641 0.888376128755076 0.208544945611645 0.896150042443195 0.905679459495056
"cg21340621" 0.593179374792198 0.383318055693028 0.0860537365016354 0.756499875857489 0.110992270240252 0.302013363096792
"cg10453850" 0.864582422615121 0.733887459832086 0.0849313800017847 0.8740012707223 0.076985819732213 0.322285575330589
"cg19440734" 0.380873786153422 0.153372589219968 0.0634194330715689 0.610532665245258 0.0629990111217591 0.0548488237712989
"cg22948808" 0.62511551336871 0.548956467163686 0.117251126947121 0.823806036185856 0.247296924107056 0.257131898274063
"cg09832245" 0.742147656156128 0.558610440207463 0.0906011050967679 0.774185725830516 0.07965977316321 0.0772091827637521
"cg13854219" 0.769804551967658 0.563126530927084 0.0714562334972776 0.800028693417918 0.0999628434489767 0.175516390177573
"cg16403565" 0.685059386459551 0.418402120098265 0.0741231587006428 0.730825047739887 0.0743074418543684 0.0678810163851755
"cg18907610" 0.842485932955901 0.790273182669077 0.0928381536985807 0.85510592521204 0.123323730049832 0.107326945855398
"cg04905719" 0.66585405602481 0.12126990963047 0.0755033165727111 0.678606905381009 0.0776018785047642 0.0861840710844708
"cg07671644" 0.578001104308066 0.696772045569232 0.0782134585271422 0.768245894942822 0.0726217290397859 0.0799631732020853
"cg16824282" 0.832487369175055 0.673145886854317 0.139233596533074 0.845406905035056 0.10379956419864 0.139072957616619
"cg09914404" 0.693151190780643 0.17916490417323 0.106991599984046 0.74939131924313 0.0992157959506537 0.305262540573666
"cg18522931" 0.779418767432395 0.678991665378039 0.0910585410274758 0.816742960336705 0.089509706205556 0.0851204373852044
"cg20545410" 0.782050399773412 0.337589025576255 0.118935285525996 0.810303117897957 0.324635773776177 0.0949107152559315
"cg23379806" 0.74818820206695 0.39892609659661 0.088130343783181 0.756222129627198 0.0884443245151121 0.0797626331503692
"cg26681770" 0.651142883235975 0.107449089549072 0.0606363223270216 0.686314013834847 0.0667244362610494 0.11006678392507
"cg09145126" 0.727333880228307 0.639694222371878 0.0855543828719288 0.809768664523445 0.0877077750694274 0.0883690633338462
"cg23671196" 0.812767672551311 0.742125309843881 0.0851438223114713 0.84562370435001 0.0800400590660921 0.0899419842317656
"cg07799277" 0.660820237477437 0.501943430271335 0.0921978750917097 0.784600002663184 0.0958175969771573 0.136302775057591
"cg15935770" 0.882939429189188 0.806236174262396 0.0960615335177073 0.890920448202772 0.112660620811441 0.136506478519619
"cg27097542" 0.81043491937492 0.399990875556278 0.103158455418558 0.829806385262155 0.0921735383439948 0.308099688886476
"cg20048655" 0.650320236213459 0.639796605245778 0.109358613041763 0.804245152921081 0.0913633717700763 0.0883596070157512
"cg15381475" 0.648828432238643 0.365738434762783 0.0480188605626892 0.735130937767743 0.0483332452649173 0.0916438299421191
"cg25025181" 0.776281142772903 0.307476510977597 0.0803427251562416 0.802946738787521 0.0899906424896167 0.290646177067562
"cg22152931" 0.888820997956324 0.812115902646285 0.0997478763842014 0.891789308689851 0.098549637887834 0.103052228952097
"cg24448340" 0.875783903923789 0.804575853736683 0.0787804481084278 0.889472432018226 0.0735672291459096 0.130145208531194
"cg23018755" 0.677193283968 0.251862895248752 0.0995114799299225 0.771735840623846 0.0985528311536537 0.216685339376884
"cg24401262" 0.789395597244668 0.595402814317774 0.0651352374724928 0.822861154558641 0.0590243063774605 0.0806720110906261
"cg16563370" 0.714864442975367 0.172315927425061 0.132130921012379 0.774188508619827 0.118163948022289 0.176969283392748
"cg24902461" 0.699933278444143 0.469100868042116 0.086621638164834 0.801694490536563 0.0891416135809864 0.0971865650343406
"cg25711558" 0.671854485362506 0.25941158706779 0.0650114420159226 0.752219025783257 0.0681415851447256 0.0613258378318113
"cg01543184" 0.806080554019166 0.323558904621456 0.102821725775916 0.858844748540279 0.105914653479955 0.307951462157044
"cg22193912" 0.692488584308517 0.226134017796142 0.0584107845436585 0.795926876841327 0.0709720418131095 0.201736921917332
"cg05398700" 0.953974828782284 0.954141058623077 0.890974805031417 0.955996403866398 0.122549948494751 0.948765175956913
"cg22381196" 0.9284678400523 0.917529293612828 0.690904065013912 0.930888560926141 0.0668643597059314 0.925739948220948
"cg25739938" 0.904511103096187 0.899547593570658 0.859579041209792 0.902323806311624 0.10133242586383 0.90557871891808
"cg16802439" 0.970111180165508 0.964453793536978 0.757547907564793 0.974687507452783 0.13781073653832 0.969447772675188
"cg06270401" 0.899731919572497 0.877879856779895 0.816857756020631 0.893605128589405 0.0912153152813505 0.900213599838105
"cg15878616" 0.969924712738144 0.962772798307982 0.538302063774487 0.971763559775632 0.098053213836482 0.967537771101611
"cg19037107" 0.905277099464846 0.894890531165227 0.842624518796109 0.90199574522463 0.114905223202625 0.90820009466119
"cg05936004" 0.908270938870376 0.875509515186346 0.790802099246959 0.906725256928639 0.103141067395084 0.909732373141951
"cg23819411" 0.926684814826199 0.917668237288724 0.720488852116789 0.928987017175673 0.109312706291647 0.933218121408603
"cg13468144" 0.885921253393231 0.872418973119545 0.892688716934046 0.900683913543617 0.119681692499513 0.906854497544068
"cg12483340" 0.892717587914058 0.884249828154467 0.764788963301759 0.889622266955997 0.0911572295310102 0.885417314058116
"cg05627557" 0.875255437484474 0.875042197522023 0.684335227214961 0.876013279143089 0.0651657991104098 0.876992927684026
"cg21685770" 0.900500671477319 0.889413378571524 0.678172350528968 0.897707296536368 0.0826425343573843 0.898432180384986
"cg10611016" 0.916777423110638 0.909357613697377 0.680266590479255 0.912296590600408 0.0991026885087562 0.915220585389491
"cg00439981" 0.913281081394988 0.901047006904561 0.61080501293607 0.917800420803284 0.0843725673739605 0.918654204883857
"cg25600606" 0.914125401604275 0.9084805462007 0.861194700627213 0.912777388152725 0.140236340188997 0.916348830253505
"cg00705730" 0.882207916222573 0.873843697019122 0.834127644591665 0.870540834876762 0.108263598997941 0.883622751718363
"cg08253808" 0.89802274591264 0.888757224656526 0.732416557211917 0.9053628709919 0.101300651412671 0.890362155151767
"cg01692842" 0.876488815425373 0.852297199200148 0.807237382542251 0.869019274790259 0.0970135042145066 0.88123123581762
"cg04858164" 0.896054034957766 0.895388008601498 0.846318433083771 0.906330600032445 0.131207399482398 0.902559729656119
"cg03340036" 0.893669906674427 0.892974742478764 0.760886986080961 0.895609309601147 0.1114374797509 0.890745198302562
"cg13595556" 0.903319135770627 0.814669398985059 0.671907854616394 0.899566648296368 0.0896837002050248 0.910366511729881
"cg07790752" 0.882528216716784 0.847470584103459 0.751175816670647 0.857488605003049 0.0949448184441786 0.882756915144826
"cg08154963" 0.871603781132682 0.851193872774713 0.777859429722786 0.868824925521767 0.0997470775106774 0.872084836400627
"cg25605731" 0.950693189653382 0.945956470152086 0.497309478139313 0.952186729088201 0.105219068906124 0.942664879579201
"cg07409471" 0.912690206774978 0.899438781312892 0.776233587977092 0.914230352539227 0.136966617589565 0.918214124603797
"cg17852482" 0.880102326943704 0.850872729489647 0.806316865888371 0.875267234036666 0.112150683569474 0.871424902629134
"cg04609694" 0.879757030028389 0.866450178270023 0.797131369924549 0.873533125433305 0.115332209462345 0.882096855044145
"cg04855678" 0.914393155807612 0.817185969427463 0.56834820741041 0.914850671974976 0.084086409436951 0.900086650499369
"cg11313468" 0.859896141453505 0.835142283242813 0.728146549135027 0.852685558100288 0.0922012539641068 0.867234734650133
"cg01699630" 0.883458894082557 0.873254431993871 0.869221836318188 0.886603848192103 0.144640529032954 0.885100506703179
"cg09342997" 0.863920727656307 0.864328463233929 0.762846351131713 0.875264056544506 0.112985676297526 0.877481169765501
"cg10487428" 0.882470563767529 0.857190508058573 0.7432060190032 0.882551575990598 0.118474413931986 0.890490922953922
"cg13396713" 0.883455812496144 0.865416366651531 0.583435675711977 0.894489769653141 0.0900922559607717 0.893634249704689
"cg00660167" 0.9574044882271 0.948338854397112 0.800286321912531 0.955292425901532 0.192788015290652 0.959231760169565
"cg24737761" 0.885066347492042 0.853568204999326 0.803582186756787 0.886119635120495 0.132346598448 0.882474139736231
"cg01040749" 0.892408335684377 0.877878125256016 0.743814206014882 0.880590386083345 0.124114126615771 0.879507810233285
"cg15658793" 0.921519469247574 0.891704867392251 0.686074372392594 0.910540534046311 0.134458352433903 0.916595770614427
"cg23338668" 0.878821085687808 0.879614317270281 0.84135597168478 0.879060592032933 0.145564105968878 0.889531111490159
"cg13785123" 0.95623502900034 0.957042747828675 0.820739360015775 0.959701339946422 0.202856067320609 0.957101181324906
"cg24827600" 0.888751543075474 0.880427725154673 0.501515151673829 0.893746880034408 0.0827031152203822 0.893321638910763
"cg19055828" 0.880081360590154 0.87846805232251 0.584967389358056 0.879789406136032 0.0926927220966715 0.872633345233314
"cg13633625" 0.897840694991805 0.888227964096911 0.637459491957158 0.895783427649624 0.117334956560245 0.88600415226891
"cg24504014" 0.903249906782451 0.895553814591659 0.633354265184482 0.903640615855338 0.124924094854728 0.902213241766934
"cg12809098" 0.903018926999612 0.900040350460746 0.66115054980406 0.903175927658545 0.133892666780254 0.911698190319548
"cg19867914" 0.878648857703378 0.810596111847307 0.652067785627344 0.830904837501431 0.0918726043642813 0.880087554932151
"cg11014468" 0.89969679168331 0.888257921277931 0.868161537276145 0.898031572499645 0.175809906987307 0.90410753928293
"cg11596902" 0.846726698758873 0.844675399465255 0.669426977911246 0.856211672385847 0.106632180710939 0.901077374667621
"cg12157761" 0.877878396175184 0.863549349423428 0.56859242974533 0.878404241213105 0.0973392646724641 0.888470174878046
"cg21792134" 0.91364641448755 0.911737416605859 0.860402389462626 0.909869747863294 0.188927524521268 0.920026790137771
"cg07613391" 0.105240114106192 0.172094175078562 0.669423219694799 0.112563257347765 0.792195063905087 0.319660803818671
"cg26341831" 0.095535811892807 0.0704037148423884 0.152894617358534 0.0563110517312908 0.599389486133157 0.057682554743509
"cg03889044" 0.108477844254206 0.45307237528382 0.496202505645 0.12837313036407 0.82491571163611 0.377335818606323
"cg07018090" 0.610886286309639 0.422097206589518 0.240630863515527 0.58676939900995 0.896097608022028 0.0485505630695475
"cg25133951" 0.294328552203675 0.118119862584568 0.488742676161604 0.174921638853604 0.750621288318664 0.0800575368730529
"cg25140783" 0.12883150240073 0.158890456265645 0.821486762260492 0.115818716021685 0.867494806919726 0.493359832141835
"cg09221159" 0.0753248239082267 0.111047621868598 0.457076378179904 0.0712738512005399 0.707527758388227 0.211516187361745
"cg01735277" 0.0719787576183772 0.131516010686526 0.672412653219242 0.0649627655349827 0.768660012750675 0.26891502913538
"cg19190593" 0.335590954400211 0.534543438435309 0.137430707243781 0.506224163936734 0.835172255074346 0.0600375841261388
"cg14480046" 0.130053119287476 0.507695194077342 0.828684251401377 0.138667199240082 0.894586976287788 0.230249121799765
"cg12810837" 0.0778008283837335 0.136511800998525 0.652440937441809 0.0755882363243977 0.739684020616137 0.0716726924032597
"cg17479280" 0.640117625720638 0.134846875618667 0.5515425309958 0.512949046966444 0.92122341281474 0.0668679035317468
"cg24310395" 0.0866676492885446 0.0867118041415541 0.675230263485891 0.070544531929448 0.807487264078439 0.415297187214673
"cg26404422" 0.103907253495754 0.1872943476841 0.762709995053625 0.0951691362516982 0.815483180552473 0.204838265237173
"cg27051683" 0.101260610626845 0.481467731011146 0.492819945259543 0.134042471415019 0.864618780960453 0.423371146934631
"cg00754552" 0.453358653955023 0.27832394516509 0.128125131950967 0.433426165355995 0.824627846659359 0.0936249864491725
"cg26106166" 0.16311356350926 0.112946036901538 0.677491613001032 0.129416132449705 0.810831990253388 0.190538739140659
"cg23280720" 0.0549191099286342 0.355923357964974 0.588620230789586 0.0659973156359014 0.819497087509758 0.255214893956632
"cg15535471" 0.200651073056946 0.103318004422601 0.44765526994121 0.240081616761999 0.836295377423607 0.405407379449179
"cg00795812" 0.0919003540455361 0.429744367988007 0.265643760333537 0.125826396908441 0.795891411731074 0.28522450271753
"cg18920397" 0.0866030083380567 0.126901541791175 0.665273987947555 0.0712603164292953 0.799420558483726 0.21290515875293
"cg03526142" 0.0816121027420339 0.0908401322693511 0.739206632389523 0.0666874324118671 0.849016627773615 0.396373846985869
"cg02212836" 0.144000851503217 0.299995419197942 0.20898926964412 0.18048871497632 0.75682479714758 0.10496201487086
"cg11354682" 0.467727442655045 0.13232921915734 0.129334043667285 0.521207000794748 0.837673937672749 0.0757172600178085
"cg10699171" 0.0987149261406591 0.115403032307388 0.564213753685242 0.0928853523022825 0.820591121263295 0.155120025075272
"cg23954655" 0.0697996436296778 0.152836835540668 0.153845789535052 0.0831083186057214 0.758001482899009 0.0752401776525409
"cg09993145" 0.0679263668672555 0.0808400414488696 0.0996776231700239 0.060119725158602 0.781593430245459 0.177326276859083
"cg17768768" 0.949529472865139 0.944752153714575 0.94079547279797 0.953170355683852 0.94745192081577 0.0775731328416876
"cg25131632" 0.940086825006193 0.931141652562325 0.939548297393887 0.928366616403084 0.942069717224853 0.0873137284703486
"cg13738327" 0.959518264288128 0.933361004256483 0.955498620261035 0.950432126858033 0.959615408042319 0.109248026929523
"cg15348679" 0.932411552239985 0.94739544979039 0.872147355053286 0.9675584662175 0.901400243165843 0.0834923382711015
"cg19276014" 0.964113784001861 0.959236443576745 0.957807094790322 0.963975236695974 0.963567004341362 0.12292276388218
"cg02212339" 0.936298813620229 0.946791367759589 0.945392060937251 0.934602499771174 0.950239583449043 0.107431325758536
"cg27106643" 0.897623485680751 0.903883162575647 0.919722788272856 0.912096320822687 0.928931932067437 0.08114515154798
"cg16210395" 0.902086145456855 0.889674937716322 0.905271839403298 0.896567041653154 0.899508657820194 0.0763612330306945
"cg01598421" 0.942135923199394 0.931227768636957 0.940940500129488 0.940493017653921 0.94677388602527 0.125941026287696
"cg14482811" 0.947948921762043 0.853964664583272 0.919578342614791 0.935182468716805 0.918878546475566 0.101413029269345
"cg01024458" 0.865770442008165 0.861873289006172 0.905396310322334 0.883648536923481 0.911476124958716 0.0763764939052896
"cg15241519" 0.931254395853493 0.853416971065253 0.863475922528519 0.922108018644891 0.937084322045699 0.0944673802504762
"cg11661493" 0.886677367206752 0.883042557026554 0.875685068698543 0.886184984202665 0.874807554867563 0.0758142780645881
"cg26552743" 0.896767593083652 0.870790646392169 0.869927222522766 0.90118636589325 0.868382124428159 0.0780084077063478
"cg14066207" 0.836952794687876 0.906089791577449 0.932941178123644 0.84358686192356 0.93797061834613 0.0959230059268818
"cg26318872" 0.903244349426175 0.893512989810181 0.894249835001024 0.899659495783171 0.888467592318342 0.101343389568842
"cg26692003" 0.968362037090668 0.95832701182134 0.949011292711389 0.96631288535298 0.96286638477459 0.169775397159328
"cg14936008" 0.903926168399457 0.898086941441407 0.893609561907465 0.911630508472236 0.899008363524527 0.110807202818833
"cg05524458" 0.904301697134128 0.893522686583862 0.873498407711796 0.905078468422848 0.762488333501729 0.0784811414355885
"cg21248060" 0.92740155930586 0.750121484667191 0.92241874230604 0.894999153778326 0.935462558506005 0.102147576847361
"cg07145038" 0.894098634071035 0.876067348072925 0.885819525149984 0.889408428459737 0.874903130933698 0.0981842789653424
"cg00760938" 0.878968035059369 0.826145535882418 0.867644460558771 0.877806424401017 0.863015913055705 0.0787879783094807
"cg17995557" 0.874444601269241 0.815355203887719 0.870244737718481 0.872850037815307 0.873868644961667 0.0791543448753231
"cg22212560" 0.904613641317785 0.890938822341917 0.683845223413549 0.907667293339228 0.866395160711285 0.0659165129735377
"cg11774624" 0.908887410026375 0.863461610499655 0.892845018712654 0.908276303136814 0.898050332014735 0.113013075563193
"cg26438284" 0.914472807263373 0.846182416101693 0.904561664344707 0.896524751092607 0.892494853291775 0.110696430316458
"cg16148346" 0.886092483731664 0.883958893444453 0.86889927488945 0.880646338161864 0.87987806387878 0.0999621685824262
"cg15235922" 0.878344457601412 0.876614181040975 0.852229738740967 0.869206989305824 0.834339711894817 0.0831765101185016
"cg04828493" 0.943618533909654 0.702117834538217 0.856699178896307 0.939733395989429 0.951097986052959 0.102843383197918
"cg05484949" 0.963057897305309 0.961991059835889 0.94998937842959 0.957524678233827 0.954373517655296 0.180300705250618
"cg01868869" 0.898034383613238 0.894137828143086 0.891596534186064 0.902937298238247 0.892714587983034 0.120809746171461
"cg20602300" 0.887079008476501 0.879144016127674 0.885516436582664 0.884118674118406 0.881939665589653 0.108932795008294
"cg21596498" 0.827485345436599 0.856589881683648 0.886054561015258 0.867602143241312 0.8774483358497 0.089606238194207
"cg25683989" 0.87742016136047 0.84507693605875 0.86884174939056 0.879205138450358 0.865782441079817 0.0937915496423808
"cg16411445" 0.962375520752027 0.950223968062203 0.954016735643715 0.959711728011417 0.960577433948305 0.185246700394643
"cg27304328" 0.894588925273488 0.879516954966754 0.836118971231329 0.887522066930022 0.830272733751383 0.0925933223470918
"cg13356455" 0.895234446475821 0.822666218968413 0.88368260380259 0.882541680924624 0.872669627195682 0.102020959648638
"cg17679619" 0.876192677624311 0.866851858463457 0.871728913866786 0.872117131325069 0.863815125220103 0.100173032303695
"cg09469986" 0.869654857811157 0.835471359124354 0.863207833349056 0.867834727705415 0.874999935288501 0.093069624362792
"cg15532942" 0.879094009932604 0.840583060363524 0.877801908914692 0.880165196372213 0.876033183357527 0.102246824213906
"cg15035590" 0.907239188550477 0.888991257191467 0.896027072188308 0.900342021620771 0.894765595273662 0.13162041861133
"cg20666585" 0.880697420264727 0.824050846877494 0.876747199655 0.867754947575407 0.881841586555059 0.101236237995002
"cg18184053" 0.875699105372428 0.770407295364688 0.823409839079379 0.862555638939749 0.831704012300983 0.0685672865873714
"cg03860768" 0.859711839246091 0.848877302501534 0.867098664021527 0.834640170760358 0.857478807356981 0.0898341690522152
"cg05480110" 0.949590394814021 0.935073179395389 0.94567081437863 0.951012863099623 0.95418257644128 0.183981196727119
"cg11699517" 0.975087803347639 0.966133679589472 0.954567720000836 0.973527993918935 0.942250574582673 0.201473774604728
"cg01869288" 0.85052699149667 0.821740137928155 0.850305593621185 0.825682249353131 0.854370221070647 0.0819221822658237
"cg13482010" 0.843798308317399 0.800096230724846 0.844526236436688 0.821924582371204 0.856904999599187 0.0753000585544989
"cg16085171" 0.842849591133623 0.885916440426744 0.881649827914317 0.875469607823965 0.889341461856087 0.119586448070891
"cg13823257" 0.870087745154769 0.852115605720043 0.865433370226354 0.871866627054952 0.865083549006841 0.109758044576374
"cg20541456" 0.0708930269262977 0.42955816302628 0.0881523445073053 0.0894279411680759 0.0400209815283977 0.674503079128486
"cg27507284" 0.39475482481803 0.160413957589005 0.0970242991467141 0.359792634633071 0.0773730936303458 0.751494106568838
"cg07725527" 0.156643941348692 0.173443290840094 0.197856349589027 0.157257198544007 0.157107057407713 0.70620614801147
"cg07093324" 0.228447210239236 0.513168996387247 0.164854897613576 0.29354148439497 0.0960529649756573 0.791313552216927
"cg22446709" 0.0624445670605552 0.0720492568710434 0.0597332025526395 0.0665543843511879 0.0486969339969506 0.599336943600114
"cg07375256" 0.117901375373334 0.215059080156328 0.716462811119573 0.0791217400088973 0.352351831374719 0.840687474181648
"cg20025658" 0.0758718092850732 0.0983506957816822 0.29197161829173 0.0761727789124316 0.126042220348244 0.675701371259354
"cg24834394" 0.343661760734486 0.455966514117924 0.410500608994612 0.387561192022327 0.0931531944794026 0.878247104346221
"cg00574379" 0.176571644374539 0.121343556950085 0.607720721351325 0.144797879824514 0.259705732761792 0.811378772415593
"cg21278103" 0.423654700568268 0.455731429174413 0.125660119257217 0.464802998577652 0.0926936656860761 0.857227264929518
"cg22437221" 0.17648672151078 0.454264113539904 0.56085515063934 0.147391548527852 0.165165472535033 0.854281172332832
"cg27492103" 0.124056419666629 0.467864835648436 0.445226736579337 0.108288909760067 0.0986020921754569 0.801023167622048
"cg07091500" 0.176262964428375 0.526741125950413 0.118381797164714 0.276533484601637 0.129386642322321 0.79545576034144
"cg00874051" 0.5542555269261 0.412903507895116 0.120940724202819 0.48799734035639 0.0734978658522402 0.882542587949198
"cg08698943" 0.226891727320763 0.384725422145484 0.119364848543305 0.374732283950699 0.363891944914469 0.851786949157627
"cg07249939" 0.33651223074037 0.110626860407611 0.260102882660819 0.25474050036282 0.232132502930257 0.803393856497041
"cg09076077" 0.53268109951945 0.121136264318656 0.103133655028105 0.506174204613062 0.10491687706221 0.837586311644326
"cg22286382" 0.110799569402127 0.154593748826868 0.270384607245964 0.106002455202038 0.0966053122387823 0.715282907696454
"cg17950348" 0.628234311539759 0.081674320049635 0.0939162035982397 0.547513669513346 0.0710526748344922 0.852152575694535
"cg00970435" 0.171712137680885 0.111319390157941 0.265031723625276 0.0990100315095319 0.103970741969805 0.726736136397029
"cg09849688" 0.269616730851817 0.231500634052864 0.086909735513544 0.222850740681448 0.0843741752139681 0.753512280501791
"cg03798942" 0.100215213534529 0.0837734022594409 0.573909119335094 0.158951799771749 0.116958396432316 0.797711784599482
"cg25616055" 0.0611499647903542 0.119790123463807 0.112204894297959 0.0826214545333758 0.0536083199800198 0.672285504505836
"cg01054402" 0.12599321978564 0.578118059013298 0.272195250457087 0.176823344209821 0.0703401175029364 0.831180227186154
"cg20450123" 0.233671536326493 0.135440907276283 0.195739395795075 0.235462361174403 0.0807501490480133 0.768403160563057
"cg19268695" 0.101393204674937 0.138663614900206 0.192238214945298 0.107431242881382 0.626913706289185 0.834298285596979
"cg08682625" 0.14391792567385 0.406101367068377 0.114231859319062 0.189214173780718 0.107452245768807 0.786479931227102
"cg25518868" 0.119718754175129 0.229017370960037 0.0754835131506332 0.167273729557834 0.0690656661145768 0.728878024028847
"cg20317872" 0.073055896092515 0.15163556152359 0.405375530502209 0.0895718910483225 0.671343855336725 0.8897847073983
"cg20380468" 0.0865377345652788 0.457322268205383 0.450520681878542 0.101204804801554 0.190295578041133 0.863746789000912
"cg15906007" 0.0959825422196759 0.0804836470770348 0.29779516581003 0.110230987281619 0.127152853497148 0.766936676659772
"cg21291385" 0.106287346411474 0.176606187462211 0.400340496165842 0.10812288690438 0.10465064701491 0.809073178731526
"cg25336765" 0.374310311258891 0.19955421469544 0.103500690352657 0.34695815197519 0.107415907077949 0.856873378925568
"cg09300089" 0.393939414053165 0.131305583075516 0.0895580500553291 0.23073336098979 0.0786036252502674 0.820356751704004
"cg00619207" 0.0827845545995536 0.118357557775081 0.160327477484293 0.0868282527719281 0.50379124934804 0.841675166105796
"cg01156249" 0.268693144828341 0.636787911418163 0.072123268636525 0.228166250116706 0.060870880550476 0.911363873087003
"cg00058449" 0.434290979556495 0.0769013584087569 0.31474704313872 0.286352078407198 0.246962937544939 0.943307021053586
"cg19269039" 0.0674585644908653 0.129840212005751 0.181670414162967 0.0819758559375794 0.410654475961027 0.855160324845088
"cg07635227" 0.153674729391356 0.496797925645227 0.0504754014851518 0.141625090026477 0.0390078308578049 0.855837221025529
"cg23357708" 0.152807612762963 0.176166508743225 0.0809870231946479 0.201158035873694 0.0746972880053901 0.828994991168201
"cg14317609" 0.0846471929091644 0.0736551896601706 0.0677221974986922 0.0944183231139325 0.0665050021118898 0.785157814166893
"cg08864105" 0.190733505943068 0.18764163069667 0.0966958729296782 0.204329720300529 0.0906482411516545 0.878022859841254
"cg08560387" 0.105258957788808 0.0574773252512532 0.0560306036944648 0.0622933039614291 0.0457588344412323 0.808063225896682
"cg03429643" 0.0676533290491215 0.0844239574508919 0.0757032123704437 0.0732443313917002 0.064444224807667 0.845037277529809
"cg17266282" 0.110576471226283 0.191068752958568 0.111988315907766 0.141178605022045 0.118240034239556 0.913198820895906
"cg02606840" 0.0572418833635981 0.0836266517954933 0.139497375490983 0.0566594555830978 0.0583187140247116 0.870870564920914
