"CD4" "NK" "MO" "CD8" "GR" "B"
"cg00366435" 0.0614803515800598 0.880197690321169 0.895315323718915 0.223886884563315 0.904742711878457 0.916606027642601
"cg01154505" 0.104149777133547 0.944610424332846 0.928385704901182 0.390636695381654 0.946690056274391 0.780949817410852
"cg11848483" 0.0689967631687286 0.902755090259544 0.892687696928266 0.140715591912261 0.903698675599037 0.886508979693028
"cg07679948" 0.155521199464439 0.956177890813629 0.94527305052006 0.336225570801634 0.953697025497405 0.957982446636662
"cg07133479" 0.13286910813102 0.82880707704124 0.845190298172199 0.61115254450319 0.83317054734578 0.879320982528388
"cg19001909" 0.124628354052456 0.907156287755951 0.934583637924723 0.209024720418526 0.946469530458212 0.952865337834638
"cg01874152" 0.0876635876247552 0.786677407862376 0.845112176435142 0.423038965675918 0.849627483927724 0.839567534750423
"cg05705140" 0.0969440535524448 0.860023090376096 0.88930289328597 0.351751616574473 0.889494975515195 0.78834052018049
"cg11710595" 0.168850783894326 0.855781971248964 0.867442335445412 0.637082111906595 0.880069144581991 0.892580319501333
"cg05931551" 0.182408188293436 0.863397969411448 0.856404005463239 0.73110262468118 0.865940619160341 0.874263153380912
"cg10837404" 0.19088600641183 0.89862625208691 0.89950932106033 0.615931995865765 0.906192626160543 0.913922438460065
"cg26166854" 0.101907503471291 0.640401893321828 0.847771222881473 0.510295980203464 0.874867714123853 0.875737434627249
"cg16452866" 0.149939835194892 0.946307095506698 0.935791786831761 0.213678684068046 0.941688109104044 0.951713157599513
"cg18735089" 0.0858930488212169 0.838433766104965 0.892504511230463 0.121433873301898 0.903973229829682 0.905225987186577
"cg24841244" 0.059587645327173 0.777758949581767 0.879034083088115 0.0866980522575507 0.876297627657748 0.898684770512633
"cg14477767" 0.195446535576506 0.819331842204831 0.87459781567323 0.717529354084035 0.880942005714358 0.883684692787338
"cg01490728" 0.0696179350827709 0.838856970331835 0.82189627740618 0.218967641367296 0.819274543762387 0.846158061935705
"cg07970799" 0.183394608419106 0.785670561381735 0.915150373208808 0.554620604892293 0.924347965096426 0.922398935372144
"cg16775598" 0.0916876848984109 0.851187074247845 0.856549661929299 0.185486350618732 0.873303953498671 0.880530489595417
"cg21254135" 0.0965806257939737 0.841965970811293 0.861558915762092 0.235348880362519 0.855905914346127 0.871001907896352
"cg09526469" 0.0968225847289258 0.811093083883022 0.849555542191012 0.38167885694581 0.862120947634437 0.753816898308203
"cg23357533" 0.136521658554817 0.878572345463548 0.863818672699414 0.365628269859541 0.870129542650139 0.884986604924875
"cg14522718" 0.0764447114374303 0.719109153910845 0.90886170901884 0.0917835812415899 0.911782878139347 0.937989808108035
"cg26852712" 0.205387169635954 0.885521637597986 0.905830438128252 0.578780044054851 0.912730158286054 0.913742353812695
"cg10558740" 0.0952376745690776 0.858356658775691 0.87593052824336 0.138974210001201 0.87647237306498 0.898660622017519
"cg13750061" 0.0692431756539315 0.838075776097738 0.855757145081282 0.0883239836734096 0.860569386218308 0.871082242568463
"cg03388043" 0.0821053332963835 0.719512059538593 0.903622055191819 0.0992018585994058 0.923369709211649 0.935042410791231
"cg23896695" 0.0718699273376569 0.822202973736259 0.852096385752116 0.0986237775750362 0.833678376982472 0.869182753054983
"cg24662823" 0.110319587868544 0.729973224319751 0.874061981790424 0.286268802086877 0.87729497627269 0.891756958863788
"cg26400113" 0.0803687778378819 0.811676819721741 0.861561287193403 0.101737323264518 0.861212004022251 0.873102663805435
"cg25486399" 0.122737564669862 0.816897410417311 0.839770801312688 0.355596477007527 0.832851631151424 0.871713167889031
"cg11162888" 0.1067164608909 0.873150635179254 0.860925359319295 0.142324955846533 0.873546701928857 0.888657049429303
"cg14136214" 0.108416668502437 0.86030305147611 0.856934421160012 0.225120767507208 0.86028066101272 0.830660474839348
"cg03558688" 0.241100351430972 0.883674535253419 0.873145427945149 0.750757661785462 0.887069611749416 0.894248417772725
"cg09695307" 0.0764441579109588 0.78534266667118 0.857057809115651 0.161983146388288 0.848547207708467 0.80526131220795
"cg24008435" 0.154661362123921 0.849250263917368 0.861971871243193 0.394126608615429 0.861189850895472 0.879846331211272
"cg22230912" 0.080982771493776 0.840465703053207 0.826530703075115 0.124404907731143 0.800119901517513 0.890439181690724
"cg24441810" 0.0874276429958256 0.849910064547594 0.868358394405132 0.100143550859323 0.8755232828059 0.813764719200435
"cg06915826" 0.0914763592831636 0.822646732335821 0.840802382554886 0.171231730314472 0.843592284987077 0.851674910723382
"cg27519392" 0.135651752439463 0.867976142434584 0.856617445300889 0.274528436766952 0.872617788708924 0.875498460807097
"cg05074138" 0.1447200303391 0.854166833525251 0.846956919231876 0.381583015419298 0.847994755439959 0.860090781417283
"cg04180114" 0.0914484081814537 0.849185650875066 0.837587200676587 0.134359075015103 0.863640343737221 0.840386062420901
"cg04340595" 0.0807185716396887 0.600833882637699 0.899378860742576 0.120122531008863 0.918284385037323 0.940757726687099
"cg01040649" 0.13948884325499 0.848191258681099 0.872158093893273 0.309025279093772 0.861837869172514 0.86981825075912
"cg10111816" 0.0744344517904069 0.813562903190926 0.833028916598829 0.107103646391821 0.813506557109754 0.872982884236665
"cg09016797" 0.193540859465641 0.884545341529686 0.85941458099919 0.524525242057159 0.863413730538297 0.893488291499863
"cg17991206" 0.0929526115749781 0.769922472975288 0.846193229658172 0.250038248649836 0.839585855432263 0.811508785486545
"cg02387618" 0.112956181904378 0.79623450912134 0.886814023519084 0.122805500303785 0.903852827560239 0.909826074780965
"cg08639389" 0.112455119776575 0.813806664660996 0.879162568016407 0.183549447396856 0.881175241187742 0.851950158224948
"cg18650518" 0.0751061638973431 0.674221792983358 0.879892945985135 0.100710476635687 0.8832025223954 0.889417610159429
"cg00034336" 0.645200396391031 0.0398681902416635 0.0649307370106232 0.65741121448969 0.0550206783597125 0.0597385781845084
"cg09763644" 0.650212842696065 0.148527773021246 0.0858661647585035 0.468859413329767 0.119378842920225 0.0743365566849431
"cg02386311" 0.786960817918037 0.577579317897305 0.104787913755588 0.701386627589169 0.124459687497987 0.0613845522978766
"cg08129092" 0.732525373962799 0.057892739745246 0.070679999249472 0.628563298248643 0.0406130584772716 0.534000379455779
"cg09989037" 0.828585621077281 0.524849023538757 0.0812833748335016 0.829149216909252 0.235349788564457 0.092017503411406
"cg21337881" 0.76429696731027 0.398101684775096 0.0814744283364051 0.656075745868552 0.219187810710249 0.0863251078025059
"cg24904788" 0.619797488982558 0.0573107845492101 0.0767441724898919 0.450729066841848 0.0703903279636986 0.0724027159425091
"cg23570245" 0.707451322631172 0.183949323318251 0.0947391335626014 0.722622202094031 0.0721135186802063 0.0828567927361169
"cg08284263" 0.646116524293103 0.125496067869363 0.0738635826301629 0.488901280533828 0.0748599348042279 0.0912164694138646
"cg27073066" 0.781799887346105 0.121390518006846 0.0985414957206089 0.772064807174372 0.130748381692582 0.420982862074935
"cg19369955" 0.733781655283192 0.261815839269024 0.0877258701500657 0.731127236685214 0.0846720906659969 0.112080077369551
"cg01231183" 0.779226867553133 0.391655607920357 0.142839951005149 0.739707887514249 0.132906398308779 0.0915564612262226
"cg14774440" 0.883415825786037 0.534019441212144 0.215976639041863 0.87291776972524 0.134572793581134 0.261768969880522
"cg27485845" 0.846169968277514 0.120965516217661 0.142632896465476 0.697840489911881 0.524306775215752 0.352140430630038
"cg21360910" 0.733550102333404 0.204571346935084 0.17117713503203 0.627221400087214 0.167964201396995 0.0923238091035931
"cg06650256" 0.900680104659064 0.373718708394821 0.107690103734649 0.887634693081387 0.118965713092723 0.626868321652066
"cg01543184" 0.784673888845249 0.263718149643234 0.0940485705846647 0.838573773265731 0.0827768592547695 0.23603080893849
"cg20281375" 0.757415695171589 0.350911032281756 0.0838486748247468 0.751928398965159 0.0681612779439368 0.104614614396359
"cg16261114" 0.823223295743719 0.502022244208017 0.095093906978936 0.811624640764671 0.0767013667399115 0.201622066877882
"cg06760238" 0.784322929208322 0.0838830824115846 0.0826402376691024 0.731604688894142 0.0824755632132633 0.53466973327129
"cg22018086" 0.77532121390592 0.318849875130919 0.161681040217897 0.642925350655775 0.0870253571835813 0.222182519021102
"cg27097542" 0.812993157489622 0.365597886806064 0.0917262131647269 0.821221035258721 0.0682823563494711 0.274271423645457
"cg27058988" 0.655816569499741 0.207734289623128 0.042025259472941 0.504609039170186 0.0361586317992212 0.0322720061856783
"cg26402417" 0.814553947195746 0.53545899455171 0.0758885046816397 0.820965197083289 0.0870559153755604 0.0868270351874078
"cg05228359" 0.733523728154357 0.322785971081366 0.0502910795712036 0.719489204760434 0.0443535931737377 0.0428502488909818
"cg16602097" 0.777636572346358 0.415311832811371 0.0793347484562183 0.741012340832161 0.0886949181516709 0.0724579339073383
"cg16922167" 0.784718743191553 0.235875458079399 0.114837322922513 0.726451791289699 0.100669384697962 0.258702074873064
"cg09169413" 0.802794583946641 0.381854826736175 0.0764193908345874 0.819995919844291 0.159628789728588 0.0671909401902254
"cg07837085" 0.806050692510671 0.122198058727246 0.0828413582580135 0.733308553194625 0.0669679565331571 0.535064545463653
"cg25031824" 0.804944040471887 0.427749896323859 0.0953345379006718 0.790219628726265 0.0805267746513492 0.0709085156778265
"cg16097858" 0.766769415758181 0.206765029080665 0.108365506449162 0.757297590672665 0.10574621246027 0.0974701600392873
"cg26501007" 0.82871909620768 0.12943112670089 0.125894014269918 0.794584697657165 0.400665387715802 0.120637517419856
"cg23582982" 0.843873650271775 0.3514242803423 0.115323645395262 0.831393319075358 0.0772051216732959 0.274935965643821
"cg21593001" 0.728918902693069 0.106830713069504 0.0712325932131243 0.706444081535648 0.0571596030587861 0.124371159458543
"cg06837308" 0.835359390180153 0.0875503339143423 0.217912669281218 0.806353338861729 0.183309364167275 0.269912598004987
"cg07598385" 0.718209460967275 0.0477494673789742 0.0875213223436237 0.592241985971387 0.0640572157150074 0.171830731096657
"cg09885622" 0.847824923517813 0.115856373348272 0.125329862927442 0.819953239814605 0.259482688436542 0.282310224295926
"cg25978218" 0.784397708624253 0.0623072862263548 0.0806533701981914 0.794616586392333 0.0649994360797241 0.237206759076866
"cg20455854" 0.74879079855968 0.0619721671978388 0.112852317724871 0.658463135574457 0.0805019403880331 0.131728824922516
"cg02380585" 0.719116654378672 0.0408357746256378 0.043075557917842 0.724387871927156 0.0376879085860989 0.0324015968721921
"cg19628988" 0.775870907364478 0.0652419239445517 0.0621393994940305 0.69007637244149 0.078087855268835 0.27957428391386
"cg26923863" 0.849591544465879 0.0879610617350396 0.0715188940902528 0.725806627621422 0.0558528803034992 0.621519360552162
"cg27027151" 0.742311573314214 0.129505375316488 0.169405739338202 0.452258709828039 0.173504616835246 0.0570606421617994
"cg13468685" 0.819185211687334 0.102668863840606 0.0702941176127928 0.823704169160369 0.0628597870516201 0.299522521451972
"cg09037630" 0.761738984467555 0.0659817025078196 0.075791460971304 0.758985039971745 0.0866955634729005 0.0607812640706434
"cg11787160" 0.875792979663975 0.261235316278493 0.168344073079901 0.852145329176257 0.148923699829696 0.15732839109208
"cg13448978" 0.835761746281353 0.236645620213504 0.0861707519690199 0.785151784078123 0.0700698787782661 0.192376749291326
"cg07785552" 0.768571584887168 0.115132886616109 0.0886160838129919 0.649569470097496 0.0740616864129025 0.065664726729025
"cg25729350" 0.768015722765259 0.124906288878045 0.0621915281370307 0.66837412752412 0.0577656499619817 0.0529238205872235
"cg04742550" 0.819611768469769 0.0370732387085125 0.0506754023901576 0.452083345446872 0.0452749686529077 0.618394697576302
"cg12811871" 0.947812705948458 0.145532735649425 0.96022661928308 0.888916285240172 0.963794842503263 0.885962072045353
"cg27582527" 0.839831250264197 0.0551713644088447 0.840933777383546 0.795379122531259 0.842977940326262 0.853462886157531
"cg11335172" 0.914191007108672 0.139409988388708 0.914907031362683 0.88432312383019 0.894728474741076 0.920444392174192
"cg00805874" 0.91393414303411 0.146304516630571 0.934929805822068 0.80089047696799 0.944426194683425 0.955588597094453
"cg07307830" 0.866535529306833 0.095916773304555 0.868555796220107 0.796243200119624 0.873078942151675 0.883888635629193
"cg06202778" 0.881427947366066 0.0985509699427016 0.821918426343059 0.843536535236914 0.858020257181971 0.893603578226092
"cg15757195" 0.865175117194797 0.10688561495467 0.869470481941123 0.845014838528135 0.87230806257395 0.884149049875306
"cg03538296" 0.8550293496001 0.085909997421866 0.865154350238039 0.764927680971139 0.870136533868873 0.874986322048497
"cg22749642" 0.910909438689849 0.150806431299249 0.909837106894737 0.884066826669748 0.905210636560428 0.929575096307554
"cg21634628" 0.802517603659894 0.0855281097013459 0.877164532799686 0.804222268527951 0.881521005875548 0.83790794301423
"cg27274718" 0.872774658850101 0.113306687299589 0.864183736808455 0.840301571014832 0.872585335813683 0.884909642572923
"cg02384859" 0.883809534207629 0.131084724594162 0.895714251450071 0.848745573636237 0.891812754326352 0.894636682490772
"cg20657709" 0.875452824592238 0.120393572779569 0.880018942408157 0.854700397281138 0.871257102250104 0.875577202873238
"cg00719568" 0.859919754245652 0.0969263250237426 0.848190375485033 0.826882721237499 0.85717816119049 0.820486053588586
"cg06040872" 0.887784440649191 0.130184004299757 0.878784647578614 0.853660937214646 0.864747190517233 0.895982186513178
"cg25383568" 0.915995658199098 0.168163546151273 0.920559028269873 0.87701482195149 0.92059109873508 0.925319172119472
"cg11978441" 0.792146574454373 0.0795061386854305 0.850537431860784 0.720718872792388 0.860988764249015 0.873089177783149
"cg13995453" 0.856663647334895 0.106394655173626 0.861047526026395 0.779284175765256 0.855733505835214 0.874929115897124
"cg26012482" 0.782555439770474 0.0813733649481911 0.841490185492185 0.762901327798049 0.842152674531008 0.870986840780586
"cg11650164" 0.882800814047518 0.13310056894336 0.869872115063725 0.843094231188197 0.864984440708661 0.891206090771849
"cg04784635" 0.822894880459593 0.120352632719936 0.879299012086132 0.804011521445942 0.87134945040199 0.897876820097559
"cg06022561" 0.856564491832567 0.117366546218007 0.85709810563939 0.839222345372476 0.817997378723794 0.887949864110553
"cg05593759" 0.856978378572213 0.126914492327338 0.867462521002343 0.817681128322411 0.871158811478646 0.876699784783232
"cg18352710" 0.867329113989687 0.130269295328426 0.863945706674589 0.822732264479613 0.869938804607552 0.880305413125036
"cg20987610" 0.886229072274615 0.133472962498453 0.783297744494176 0.871024488255614 0.885665923034567 0.892471403636856
"cg21474838" 0.872107478765179 0.147070376022232 0.877823362840961 0.851428012424893 0.887244261833545 0.895610561033656
"cg14301562" 0.864161993602257 0.123416996923431 0.866483832561795 0.832635587896577 0.81666393937274 0.884056406047539
"cg27309871" 0.879712337333879 0.145333057244135 0.885832551526868 0.844350712770226 0.875446558318469 0.886319272657617
"cg26227465" 0.836156011006907 0.100703711973767 0.846236132960428 0.748136718713752 0.852110603981683 0.866632883425798
"cg01940139" 0.871192859254999 0.145181833153983 0.89166204094596 0.84283361482831 0.871659903051293 0.887628483549888
"cg00829063" 0.8306858509892 0.136232295701001 0.879408981630154 0.829699797863848 0.884963586639377 0.893638287877084
"cg13617280" 0.941387395559667 0.209719241920067 0.94204396718082 0.927066274735044 0.918839393310266 0.954588341768646
"cg18310515" 0.866171985202938 0.140351693208949 0.871713429885772 0.835765699373419 0.87991951496124 0.875624540010008
"cg24578857" 0.902584224346283 0.185560466723856 0.936813937905823 0.843461409571865 0.934038755170889 0.935747491061237
"cg21828319" 0.869815283772783 0.135927728023032 0.873902126308948 0.848663310591979 0.885303174969723 0.821383302557593
"cg18672716" 0.871327418248605 0.128956455660519 0.852652838940901 0.821026418437597 0.842289772491014 0.881639157386357
"cg26275360" 0.862747748456902 0.131747716274025 0.852336575307585 0.830294092209302 0.863374693816799 0.864632867499585
"cg05875239" 0.862039912297226 0.144377645619228 0.876454756541505 0.84183040599994 0.876593731799994 0.87346228855026
"cg01806427" 0.847274002192682 0.0864572461128409 0.672918379017696 0.81098582037546 0.821602433760279 0.890958116352185
"cg22488278" 0.879689021709358 0.153683094430016 0.886889133300215 0.847210711849629 0.887139907519127 0.872163231047685
"cg26242064" 0.854275242483052 0.13974639094419 0.878381593300111 0.821936675104788 0.864402380083804 0.88277053186228
"cg24408769" 0.906723099967045 0.136488841910937 0.776888324381887 0.865602690468643 0.805824652675559 0.932435321942561
"cg24032269" 0.861633799216978 0.129578318452432 0.873941104319966 0.766763948247453 0.861570540502443 0.885711935420154
"cg05656688" 0.868590785694267 0.140187400817999 0.905833184901457 0.7480853133437 0.862709351427348 0.916816727528504
"cg10796068" 0.864371191868444 0.136084944525616 0.859125125053222 0.824316049064873 0.85394716957299 0.874966838474297
"cg02150910" 0.856667534823351 0.125223690114353 0.853440940012834 0.816212640966766 0.834285019604989 0.858829422293949
"cg06588802" 0.827099134227019 0.123554989934595 0.8517037628143 0.796207038599384 0.866657077157183 0.868547871044312
"cg13613174" 0.879567838864451 0.142099860305563 0.868771415013746 0.847457056958595 0.806800130990678 0.899383029882132
"cg06815003" 0.876065538598062 0.155485963531864 0.882098270304527 0.87021119975843 0.882621004201711 0.850731686857948
"cg14058851" 0.874584309269809 0.149832914616398 0.852534075483667 0.849124396509618 0.86396014824583 0.894525595705099
"cg19736900" 0.436353528837673 0.740088787717277 0.114693823619389 0.54244682432828 0.108272134617806 0.101471241356556
"cg03780927" 0.206258547183612 0.681547382003512 0.160297832788074 0.169751130799943 0.172511238535006 0.308092699764851
"cg10491452" 0.153514718130244 0.599272832864947 0.061954238991785 0.246592450888665 0.0628479855693147 0.0626624213613067
"cg10879992" 0.125400232097144 0.617338316983607 0.0921259671705205 0.140949012812065 0.222482794497108 0.0908513104528458
"cg25719851" 0.183952712866859 0.766773630805461 0.305628904956739 0.369449488542083 0.182873830860093 0.385928735385937
"cg05608790" 0.267762485300063 0.737941730787858 0.130660530776031 0.539289458766585 0.229016969065584 0.0960724726261941
"cg01447281" 0.0736012954169222 0.571113695862502 0.0729336475982326 0.114365388675584 0.0772415754177925 0.100417227645245
"cg06101180" 0.349669296713045 0.691988173591787 0.136160998204484 0.282506522248641 0.126461626399177 0.140476915407119
"cg15694422" 0.558870983300473 0.756046434431663 0.118585440043228 0.270857568610883 0.122964036848182 0.288143241629781
"cg00902153" 0.160673621281489 0.744624290309899 0.0690890858079071 0.154622012262163 0.084319033869232 0.874169361123131
"cg00629585" 0.140021493582264 0.604886427096986 0.0919274799571429 0.161786143194904 0.0968624551464983 0.104215396137626
"cg27437304" 0.153134705459127 0.711065758027683 0.13228102247665 0.289177264063606 0.357902424819502 0.191321740592333
"cg15702277" 0.248629830488025 0.833798397924764 0.101104711402195 0.642623845485195 0.0595393147675418 0.708573665030032
"cg27122888" 0.0798922377235443 0.579527178484674 0.0720284119732316 0.133449142578933 0.0716059869245835 0.0855065621062213
"cg03339537" 0.438251196532818 0.705066184931659 0.098078166371139 0.317591200773914 0.104024399340722 0.103310793966549
"cg25045219" 0.105959147872102 0.791941939160389 0.131389814000387 0.627755688090579 0.17131107529169 0.478698188378571
"cg07675477" 0.2639835640132 0.719378248816326 0.170849296440883 0.34783910357942 0.168420158526417 0.180383373721922
"cg17801864" 0.228832887925178 0.66166944143707 0.085046876188394 0.339604879864327 0.0841546187451178 0.0973439352639281
"cg09958402" 0.348699097081547 0.705383803520411 0.059582198168538 0.499390245250282 0.0718543556217411 0.0565227195161633
"cg25887844" 0.219688841325614 0.746579394563087 0.178337334940594 0.277149385172582 0.110398788840111 0.477548376388293
"cg11481582" 0.377693115130392 0.69475742673851 0.0523321840467888 0.445874637120417 0.0559306019027286 0.0386343788526108
"cg26348226" 0.256965561745138 0.677969581099737 0.0595411573398866 0.423035375077909 0.082216522936761 0.048087626955128
"cg17087974" 0.440637799105887 0.761567072224822 0.0813431579368881 0.617771544245664 0.0742623148034562 0.0688575753581569
"cg04887172" 0.353412891895321 0.714151582244786 0.0945037867294861 0.401407898696617 0.0911728266261364 0.0965484234169952
"cg11948905" 0.392434026558768 0.756749484833976 0.0672231063798474 0.476587735301665 0.0474121975965525 0.265241087990173
"cg15356966" 0.228172050127481 0.626662377969254 0.0551913270993761 0.158521598409453 0.0605284616770913 0.0687781115291734
"cg02417427" 0.304113562299731 0.798495663779271 0.498836699670785 0.259682773421512 0.274149312592736 0.0654276950640919
"cg00084338" 0.118785885741237 0.718298394183046 0.156863314030931 0.415320220879453 0.139300359497202 0.170585167678175
"cg09747445" 0.183438667299962 0.813957204584798 0.486902043518882 0.132214459211294 0.510157845050708 0.151940844743349
"cg22897715" 0.219969794446699 0.6432195803771 0.0431491899124548 0.229806090937868 0.0397549743890555 0.0687022647623719
"cg22589728" 0.169440033658941 0.692065409433059 0.158942053745431 0.177541858586907 0.19032502296593 0.115995097586488
"cg09101151" 0.220330105214157 0.71538418521799 0.149381915152989 0.278087689803798 0.153779386912658 0.0867721571845676
"cg26971042" 0.0531317833861069 0.608679739388864 0.0962119363899671 0.0561573399032972 0.109670091688688 0.0380182883080382
"cg14649507" 0.52807412545012 0.821928619825695 0.11384969111516 0.510345406629602 0.153296322376805 0.0953411380018259
"cg25817701" 0.259385283478329 0.878741307131769 0.493634226368523 0.21500969590372 0.605465233056327 0.0464882007276917
"cg13404688" 0.341204693532254 0.81575011904513 0.098110190455812 0.55846526720163 0.130543849310017 0.138904855847189
"cg12273325" 0.0978810056897495 0.665177450788817 0.0555648464515565 0.178234344179296 0.126487480460105 0.0608681196633457
"cg09001226" 0.184229271886674 0.680938631517717 0.0614532445712115 0.158635187647937 0.0628813212822943 0.123394707230408
"cg11173131" 0.239566525757771 0.713936860755732 0.0522105402388413 0.347617948091633 0.0477024684954098 0.0549569608954351
"cg21638533" 0.213797060716484 0.863328880268031 0.0797254909550949 0.289217978686457 0.0682858906209889 0.877055097436378
"cg21232161" 0.274837711185222 0.775838458341965 0.215368372142546 0.352077144148824 0.0885697128179918 0.0929705808252997
"cg27218978" 0.346136655051868 0.838303784622964 0.247509385889822 0.46484287034896 0.0979996556552008 0.145336096370873
"cg03837680" 0.130568638874985 0.683507165323057 0.0498836435615158 0.199366643693088 0.04242077916532 0.0585744536099109
"cg22442430" 0.123236533238241 0.749228683596242 0.139877163384608 0.141233838849743 0.302582280635212 0.0941816944260016
"cg18881723" 0.0592449452755894 0.683317193045093 0.0634761690297221 0.166609031438778 0.0840872587294714 0.0532795519515274
"cg04179740" 0.0688594973156889 0.689941986045575 0.0655272179958736 0.0775036906634655 0.0696724893238642 0.171325640045497
"cg11358405" 0.215332226525433 0.757392142148528 0.0498587160551711 0.319889145697362 0.0457277037669344 0.0473047101318105
"cg07381806" 0.143143432330844 0.793025907501022 0.12211107676624 0.179999341438204 0.301423161847878 0.0949930461085158
"cg06117093" 0.191390558043684 0.816123408697751 0.0827550281453429 0.373699687747797 0.0889814663063436 0.187060670137178
"cg17766305" 0.0900367993492053 0.826994528861784 0.0522077959619861 0.200353444821323 0.0831314970891224 0.0488779643050504
"cg26872907" 0.935394254691986 0.928146212833533 0.0899757056661704 0.929292434068572 0.914581766032584 0.917334146007493
"cg23244761" 0.958102448633788 0.957136423164366 0.151550385148142 0.960553159802246 0.954393950900562 0.952084338056555
"cg10480329" 0.900185956272875 0.897553464473385 0.114315186377722 0.906474961374535 0.835121947075997 0.896183781792564
"cg12655112" 0.937096200378617 0.935608381207346 0.132073598383106 0.945152648767105 0.77157286295769 0.889240618992159
"cg20559385" 0.856908254332818 0.855332973966794 0.0950778065911654 0.8576744894816 0.804674955091731 0.861825176098196
"cg16429499" 0.903583925401959 0.877929497862064 0.0833659230872385 0.9066174998724 0.878743789130987 0.56655366148685
"cg08908131" 0.865189086118673 0.833454170489717 0.101428604827396 0.864825860362316 0.819546180915264 0.852683189203577
"cg01476222" 0.893067057217962 0.851546037981768 0.12339276597554 0.895486428270445 0.847868509757895 0.845713619142707
"cg11597902" 0.952688779144597 0.93761592497032 0.0932626150627667 0.953512200715201 0.376840460158238 0.943578046614319
"cg20610950" 0.89979085168409 0.891446881228496 0.101788387872166 0.893487697209857 0.617302907428865 0.890520556867034
"cg24954967" 0.879684877625237 0.849596119007756 0.0881834867424728 0.876312721355075 0.735559179434454 0.752228828466536
"cg23146741" 0.855163158449264 0.841244775250477 0.103101290572239 0.841796239246403 0.749603529754789 0.845315381977636
"cg16636767" 0.877286700693431 0.873436231894808 0.144376700095664 0.87225411217036 0.840338344443164 0.873083738699008
"cg02244028" 0.870815244209749 0.867751594882715 0.133094535423937 0.871025717411631 0.796371731973339 0.874660151264115
"cg05923857" 0.848102586533121 0.919589238742566 0.161087767918723 0.905383155271719 0.839060292460805 0.895853832054162
"cg14109551" 0.883781724288685 0.881098377787547 0.137995409153495 0.886132747242491 0.730828650672246 0.890187863111566
"cg09322573" 0.864156097662825 0.834955220082512 0.103147021188656 0.867849729726215 0.670657258414868 0.850397055914307
"cg10499974" 0.892742471379231 0.885465756066582 0.0863229740373187 0.897739938342772 0.465754376843823 0.864184878897244
"cg23791626" 0.88637024193561 0.848901436604603 0.131392353260772 0.886106630165575 0.796859948680422 0.780783166286763
"cg10278149" 0.8558202414158 0.855229686262711 0.107536009777734 0.866290773981547 0.688020723023444 0.804003796831615
"cg24365417" 0.844663274351126 0.798525083833144 0.116207482393897 0.851932303386657 0.769834616148519 0.850450579045385
"cg10624395" 0.90110483443087 0.892187704505915 0.191177223635119 0.896791733695112 0.892895554691959 0.902373865916116
"cg18835472" 0.846758686188701 0.846595039958486 0.104497300089171 0.854170357981754 0.675566123940838 0.829620547274726
"cg27366072" 0.879122208770514 0.865103041978266 0.131870037392213 0.872448263483363 0.727056242801986 0.836506464257948
"cg18770149" 0.873052197977413 0.852058455619146 0.155846138942283 0.872066695648777 0.832530909757531 0.87067789625628
"cg18990407" 0.916366942016174 0.91040281467322 0.188929976726937 0.91400198538296 0.816258142996352 0.903788229514849
"cg24037651" 0.828773027435724 0.800745733834446 0.121752942465863 0.84005310197986 0.82477979917556 0.827213302583825
"cg02780988" 0.838524690690391 0.817139034011974 0.129104414827259 0.834280746553596 0.817263487461258 0.837423338165843
"cg22675702" 0.832562412619235 0.828287145664935 0.125234808426441 0.832273967265159 0.797391696436207 0.834498180104483
"cg09220326" 0.885215087667752 0.870818423311147 0.127584574607183 0.877657957581553 0.629299509752344 0.875457325738358
"cg24788483" 0.882894228069769 0.936339034255735 0.206934999485756 0.932149242382173 0.882044655270499 0.896499189391633
"cg18066690" 0.893755144604757 0.89104121949707 0.188262317175995 0.886823491071467 0.87718000835473 0.886779040112898
"cg08442088" 0.840635836030265 0.817796982690212 0.0935120849880596 0.765115993008917 0.693854808138537 0.839938992471389
"cg26538782" 0.84450682584792 0.845396699928926 0.139559904602358 0.835003090325018 0.807931711354709 0.848879048426545
"cg04468741" 0.823612320656366 0.860172922616226 0.142287319243998 0.855193362952983 0.785733527861005 0.864348195748484
"cg07002540" 0.836599107431216 0.809221812446727 0.122831158840737 0.862853019904551 0.703300512254113 0.872343914786406
"cg26690127" 0.844086857238888 0.886785231365462 0.128945204840505 0.884015031380851 0.700168126119277 0.78139035989907
"cg19835973" 0.908607263960327 0.9025426911216 0.216485153043525 0.911751499056257 0.892748385526675 0.916765090337419
"cg12422199" 0.82219393063054 0.767542191900512 0.102633810065481 0.808845609993078 0.811836851971825 0.742890426794993
"cg00101629" 0.87595814200732 0.876138948435164 0.169373044602994 0.877546889111378 0.783722121840985 0.873505166985707
"cg23512231" 0.879443743094008 0.874348543066527 0.128695491678426 0.883703150020044 0.563659402331848 0.87895319284719
"cg00091349" 0.880396872880909 0.863159489987753 0.0890265935287935 0.883485764239303 0.39502245785518 0.86082846804206
"cg17883068" 0.834396688948226 0.842199026451394 0.109474110525388 0.839367274551599 0.741919250690916 0.713390238777947
"cg12555086" 0.86078020631785 0.792854048660214 0.102246255729428 0.870808356797965 0.622156610940799 0.785249920973345
"cg04121771" 0.879979693605505 0.860721644111004 0.114213933520935 0.880682332870185 0.49225605635466 0.877349292151872
"cg00288598" 0.871265166102599 0.93547953607915 0.201832593415449 0.935597509477634 0.744168415923453 0.939432506706725
"cg04478930" 0.902340770458182 0.872456352337206 0.181350171268498 0.90094659929059 0.741321586465983 0.889486813301206
"cg07846061" 0.837752398684087 0.818326933673479 0.10764338707687 0.843070410059749 0.587834017109342 0.841046815455511
"cg16736889" 0.81681835388641 0.811721668610685 0.126478278910635 0.826879971276195 0.824134547229259 0.733253160444211
"cg22259797" 0.876593096090189 0.917867564453636 0.113018533436719 0.908170789031204 0.335808048648142 0.921235975751915
"cg09736959" 0.0730732750073401 0.159568730829826 0.710514246233537 0.0781250972986136 0.716428490409692 0.0899273574899744
"cg23679819" 0.0721849603615844 0.230589496691337 0.792804487229298 0.0872737871502675 0.750658684226345 0.402240775510236
"cg15174682" 0.138848874423419 0.355442366223744 0.787417071492556 0.106237857444983 0.786199743596016 0.104937187338056
"cg14375890" 0.0470165739063095 0.284061172178835 0.782541973383281 0.0610619147477066 0.800912675149928 0.28637226034408
"cg26404422" 0.0641081290704093 0.150873671163847 0.744376315791596 0.0685943459001717 0.803859779381373 0.186597417227168
"cg26217402" 0.187832394133095 0.351844797489035 0.839605445019572 0.202230310879241 0.833035592030964 0.166084224365931
"cg08622666" 0.346357446669 0.119041044854391 0.805217582368571 0.14739727292469 0.81431326153768 0.128484364505913
"cg21977218" 0.0985987451532948 0.154908269027716 0.811393262352887 0.10086248200474 0.809101094245697 0.438252992776036
"cg20055861" 0.155286062247651 0.385529009144835 0.814267276217707 0.151545003905323 0.830477208790053 0.0589305872837574
"cg15188939" 0.300722192797031 0.237988847294209 0.828877455551491 0.146130088546775 0.851967951903223 0.121397542314381
"cg03916225" 0.0797935173205497 0.102388996787765 0.768459407830218 0.0797303932469816 0.763271692659785 0.31804513555363
"cg26768584" 0.0633739692633822 0.410448588164403 0.848287075039991 0.0693037256626474 0.864342312745679 0.327697508141508
"cg20171453" 0.098669146663002 0.517776705228946 0.832674255189576 0.108248094989743 0.769915869207013 0.150849478301577
"cg21999229" 0.0810265862677862 0.124577464690015 0.722869657900702 0.0817843340379911 0.729674063795476 0.0785347049912793
"cg17161520" 0.0646140263480701 0.189504003050668 0.745672582423388 0.0737058406755676 0.806176886525121 0.058613575079555
"cg10639435" 0.133845816409569 0.107351911651643 0.819145644934218 0.154833748378619 0.546644701810149 0.646068661502154
"cg27027055" 0.0848782609642317 0.203130897843885 0.852048643637921 0.0895103890362234 0.852669803440333 0.50792208868741
"cg02879423" 0.104672209810022 0.106557923230963 0.755602624690949 0.133872175573595 0.0956300625852897 0.84499392060126
"cg20611272" 0.113948125791645 0.156927889663657 0.86510109339373 0.151317672056664 0.872292353013051 0.50659726232922
"cg14057303" 0.062750325722315 0.080322920454305 0.805334314149477 0.0668018465814265 0.809004496370821 0.483747344894001
"cg24010658" 0.0539706087598135 0.227614196830105 0.862559872455142 0.0569948470163252 0.859837850418949 0.592085604472636
"cg23213217" 0.105654816933788 0.464298836063836 0.797478453634229 0.119594168725525 0.166060950655836 0.613261992268973
"cg21577598" 0.0460081019446944 0.170566191069239 0.781756793461912 0.0509736917875659 0.796058859359251 0.291626152848479
"cg14597739" 0.122712090524966 0.179797572594319 0.7989679126492 0.130870363158366 0.823062295137277 0.125969055179765
"cg21201401" 0.0757770512624177 0.0969114366829385 0.809706548659197 0.0761106981347281 0.885262253213222 0.310529345627399
"cg26348243" 0.0828778137806178 0.527455806055153 0.885827678378352 0.11594988413009 0.911510039473797 0.170132093970017
"cg05052463" 0.204939130248194 0.260158924737582 0.8141738483648 0.0994211754912664 0.820424615441966 0.0617981473448953
"cg12603453" 0.0941105247399266 0.0923916907339958 0.823044447062477 0.0959431339703718 0.38265984977071 0.871439165602558
"cg19097880" 0.0526587040749584 0.0693737674705758 0.715410302185019 0.0611346297047814 0.701280247876349 0.0572960665983656
"cg19510565" 0.0570586229639954 0.0838779041312316 0.772103056925512 0.0540845036748527 0.788411887509808 0.229490991361337
"cg01849093" 0.200665643524467 0.121315541595959 0.833831265611328 0.177353925097522 0.805115224535848 0.209057020634966
"cg17078393" 0.0971425914660312 0.355920291582318 0.832080439954702 0.116933352039079 0.837433772351043 0.0867252147603368
"cg12609063" 0.0705847231861497 0.087813507617018 0.795378962590949 0.0806904160616677 0.649499659117808 0.442852471438924
"cg20805133" 0.0676946943049397 0.337321302170632 0.859190895498641 0.0758146759008531 0.899219478193549 0.245945590014711
"cg07706695" 0.0482861941075068 0.100476088477168 0.779820008633621 0.0500220823070918 0.800984810745762 0.228760116224381
"cg17169196" 0.0724800668209576 0.132534247448091 0.765437827359857 0.0761786930544365 0.794247510903603 0.0677930758734669
"cg03961551" 0.0784142643168943 0.103724280343034 0.806254377937546 0.0797314418465329 0.80076233326995 0.291386569166965
"cg14165142" 0.0625759817201323 0.21466327740849 0.817578318040449 0.0680616666919202 0.825997248602702 0.218549210617499
"cg08169020" 0.0421880503039967 0.108931240243695 0.823572987089724 0.053913381519674 0.859522277472624 0.348845830440938
"cg04722215" 0.11315861486345 0.134247363384365 0.83865428733818 0.114492442614259 0.769602904079904 0.356068796675045
"cg06208288" 0.141095651091198 0.092154253038307 0.897484325299088 0.113803677619865 0.901657498661481 0.527593992696006
"cg18148314" 0.0801006891260568 0.097206086268396 0.814645191681428 0.0758949832627606 0.814124167503997 0.282742913290345
"cg13554018" 0.0997216377429123 0.0820310856497469 0.764649547017015 0.0833925899457569 0.763857359763698 0.0565502639503464
"cg21830221" 0.0863950282343308 0.10840593943113 0.778857148881711 0.0918168205709655 0.795042040738479 0.0662354029786253
"cg11316887" 0.116758492997631 0.109960757363208 0.802794312027861 0.090848110577723 0.854584199630228 0.089154579751799
"cg14441276" 0.0544680085937508 0.0944473382185997 0.766314535273869 0.0659515327978085 0.772591510084199 0.0476439036972281
"cg21359303" 0.0630524282538643 0.169801059369771 0.881338464063246 0.0689581064247879 0.89274640184938 0.411042446324645
"cg00446123" 0.0390040036148676 0.0620271523255738 0.843242393061331 0.0435883699014159 0.917839180745194 0.305687183977849
"cg20513976" 0.0353228823876102 0.0699807382630732 0.85856942687988 0.0436353644160797 0.91287089988621 0.386993356266111
"cg03795574" 0.0725404556285015 0.318595991708794 0.715183460605104 0.0802385392095526 0.0904412135571146 0.0764118345532639
"cg00219921" 0.768983918024818 0.838392529689382 0.867202263255313 0.169561119411971 0.866951249178917 0.877123693458575
"cg25939861" 0.635549769158126 0.619389806527389 0.834247588321076 0.0935268891020034 0.854946667129306 0.866557993655484
"cg11531557" 0.793935532846908 0.843436071313254 0.87957198242813 0.222263314864923 0.882738498607788 0.889989757095477
"cg18483549" 0.553141784715718 0.880317144232926 0.874128237675793 0.163305196206032 0.875782656191454 0.809740990869916
"cg25535316" 0.605586198250278 0.770956317435448 0.861023813656998 0.157489709047481 0.848650110259699 0.870334712838285
"cg12655059" 0.245193304343337 0.836644321784529 0.844277648565204 0.105285842259239 0.842142026915491 0.829464497054872
"cg18174654" 0.768744650312224 0.857243403385734 0.821308746459178 0.223237940201553 0.847087898372405 0.873150894415402
"cg02598071" 0.385739150644394 0.842780535621327 0.83862208306748 0.152083088335741 0.849787290396567 0.88311750840705
"cg02324835" 0.521527028329618 0.743542761269155 0.832032870022123 0.16112818050122 0.854071892716522 0.866700720311735
"cg08450017" 0.271250649263841 0.561521203002064 0.937706828921677 0.13867632135447 0.947237952059 0.94485559589083
"cg20661080" 0.0632052700839135 0.692725849328345 0.832407802444755 0.0714955251728254 0.853227450627405 0.873527735889752
"cg01002223" 0.809941000849268 0.910351299381005 0.90646733618826 0.303422934321178 0.909492433818069 0.912850272166254
"cg25226014" 0.0688478104771907 0.577238727201516 0.901576119705417 0.0794456192804088 0.906322304499901 0.887005926078087
"cg07545925" 0.0537454051987416 0.674010243994859 0.863241734784376 0.0713072000567394 0.865467745513353 0.837263451557283
"cg26921093" 0.117264819069136 0.754653620996876 0.885383390455046 0.124395784471937 0.88827102083796 0.898998953255563
"cg06164961" 0.0697295174871544 0.632078118465273 0.863791015423201 0.0845408757693444 0.878142323842001 0.883395696567996
"cg26033526" 0.170889517243361 0.636009618706491 0.837865751625545 0.0787248248808618 0.858613875356791 0.780187829123169
"cg04394724" 0.763778130099338 0.603854552448984 0.851095175028895 0.210821033283642 0.854612784028324 0.859001022350046
"cg22765299" 0.0637182541609738 0.733030017645916 0.852202105447597 0.0874372690838199 0.854615496548941 0.817000677959627
"cg26720010" 0.12658114060943 0.801143313605282 0.842505756324454 0.119850480098363 0.841517033191759 0.87171377608557
"cg16193207" 0.0836636327136236 0.805276915169304 0.839663185808287 0.10942648194307 0.840397961841011 0.856228279435842
"cg03984502" 0.641467852325313 0.844654558261319 0.873788610729051 0.254639407608737 0.884190033785409 0.893284541205348
"cg08338281" 0.117722574301317 0.845452180228 0.87630057624808 0.14511605053612 0.891672924141532 0.858679068033026
"cg11067179" 0.782223034037075 0.846347469356013 0.848487796170042 0.258222762764332 0.845770209256489 0.810762309653996
"cg18149207" 0.460079396517166 0.733649588550801 0.844550220026321 0.183273517008198 0.842295963181464 0.886575248456383
"cg01949403" 0.810324698244679 0.835136099925199 0.842128269124899 0.268568193302503 0.843394571497975 0.850535114224067
"cg09245989" 0.121424547053137 0.739436278965434 0.830951146034676 0.118049607392255 0.846827848116153 0.885630035004274
"cg10555744" 0.359992080795672 0.877863836214643 0.866319280739205 0.206714013002978 0.86879712100564 0.880686225930417
"cg07728874" 0.0708110334964268 0.705093983477182 0.827184439506686 0.0936088808186751 0.83491509356931 0.855890561644449
"cg07781401" 0.16307505039648 0.849357426348288 0.866542279945986 0.157457667393006 0.859800692962795 0.869004080856819
"cg15392364" 0.0552160020010861 0.547993942295079 0.851431113325078 0.0664651579884478 0.849670267593379 0.844685400512959
"cg23379806" 0.721698210073647 0.352531655622684 0.0781076096636933 0.73039826987636 0.0710565033931065 0.0667676149732401
"cg09145126" 0.68369990040445 0.621247582393388 0.0727171162353213 0.777352475734861 0.0668335128729974 0.0654820469031717
"cg19440734" 0.324499361040168 0.101171290125629 0.0496285737635802 0.586224732176369 0.0455382009343803 0.0411435646644433
"cg09662852" 0.669014307568125 0.0722494695078601 0.075016836112677 0.675069864675119 0.0658570987385274 0.121136892610836
"cg13854219" 0.76458514322492 0.547691414589817 0.0586567911048283 0.79859634332184 0.0875714423126867 0.149036182691587
"cg21340621" 0.586790101749489 0.346856646361805 0.0726419654147348 0.746914497332028 0.0920033594347786 0.250172807338614
"cg22948808" 0.568860384053026 0.527442286111271 0.102569469173822 0.812790754083238 0.233514732694441 0.235449704249921
"cg04642300" 0.643741340412471 0.0696394525766354 0.0742580589634984 0.672158712348895 0.0655945494873758 0.098252846240518
"cg16207263" 0.545802409987465 0.0903836440153807 0.075748237899235 0.656024896548784 0.0686628443624157 0.0837267282859108
"cg07799277" 0.618959171225025 0.466826028088342 0.080413830381388 0.759590852141293 0.0770804314262445 0.12024205011351
"cg25025181" 0.743038183509384 0.233017924586315 0.0673677937435624 0.769072236881875 0.0766084757862611 0.285612617839554
"cg20048655" 0.628805694686399 0.615102100725527 0.097889666034614 0.788610212201715 0.0690275879070279 0.069656006546674
"cg01372366" 0.74346886168702 0.397280796976775 0.0657106947536374 0.767262247391025 0.0558703467310501 0.110525995184651
"cg15381475" 0.636248211347254 0.347871987451893 0.0538435635767286 0.719631463815939 0.0408371497875018 0.0471718601421481
"cg09914404" 0.672081597977553 0.163295759932685 0.111588346293962 0.752230028301479 0.100943417456678 0.249825383991567
"cg26681770" 0.630684860695168 0.0857812726560597 0.0696879099855191 0.679762458934213 0.0702080436592604 0.0575374375299632
"cg01233897" 0.709110346512387 0.251486214819009 0.0801805609233022 0.737542065282361 0.0850444042031353 0.058794116712097
"cg24401262" 0.768819244252752 0.557307307134758 0.054658700922912 0.797651974115555 0.0433471240335951 0.0394626206936253
"cg09349128" 0.531476819832202 0.144746370274875 0.0865970222380135 0.709968815513504 0.160543508461251 0.0837410867597437
"cg20545410" 0.785684602829974 0.287166851705354 0.107079065320056 0.82545900879985 0.304776158429575 0.0802881338073467
"cg17329534" 0.134794411963228 0.419650864587442 0.0972012123580064 0.800368641070457 0.0890001785884269 0.725888087269461
"cg25711558" 0.61792327011028 0.195177992119751 0.0531057989742336 0.711908501899722 0.0484544411774895 0.0422135355171886
"cg23018755" 0.627399312756711 0.182709828884826 0.0740430339556946 0.735940409188755 0.0569149630374356 0.136995076598719
"cg24902461" 0.64123294220479 0.435416667788973 0.0687955666092793 0.79226777488928 0.0664308907929586 0.0719476232115701
"cg16563370" 0.685632043826413 0.107123850322227 0.114113854521258 0.770454613351535 0.0865848546780994 0.136311527247487
"cg22193912" 0.648773843014731 0.15131981288472 0.0572780958063674 0.764009201089382 0.0465124316539898 0.11210569680817
"cg22381196" 0.922128643893808 0.913828493790293 0.661513106332877 0.919688260695723 0.0502410539199791 0.919765239182768
"cg05398700" 0.947652880048965 0.949888448638278 0.884909798867625 0.9513608402119 0.127340939483196 0.944121653441478
"cg25739938" 0.898125201646286 0.894290097332988 0.857038794275112 0.892539040348293 0.0844821240557807 0.899472544745898
"cg06270401" 0.893464444128925 0.877487799295099 0.808669378677756 0.893980315216874 0.072751383147297 0.896911810801204
"cg16802439" 0.97129296606358 0.967769940214147 0.771692259888779 0.97166116545359 0.129749725793963 0.968340891483538
"cg19037107" 0.898876232358716 0.890369202693915 0.837065452678127 0.898186993177525 0.0929429053355483 0.902799439197513
"cg13468144" 0.891080313270301 0.861876814274584 0.890529042884649 0.889741401942986 0.0974878468544538 0.90072542791825
"cg25600606" 0.905573564361485 0.900017904850778 0.858204622110062 0.902083096595806 0.108956582330023 0.907107322866084
"cg05627557" 0.869267186859124 0.876565003056218 0.664577075360253 0.873752544467802 0.0460227175977059 0.875221892767245
"cg05936004" 0.89746149204916 0.866100719221068 0.787912011921785 0.899294030208008 0.0874398815531807 0.90522689731639
"cg12483340" 0.884693783489156 0.877381165568157 0.751935716810591 0.8803139950901 0.0761866468510084 0.87630019842067
"cg10611016" 0.908835696683547 0.903143666568334 0.680533139586399 0.899701219546485 0.0827020550779534 0.907503850630173
"cg00439981" 0.903092987455671 0.899037999633932 0.610030320980127 0.90111369040534 0.066894962120989 0.906634327268559
"cg21685770" 0.894356302261953 0.887492666373924 0.648556000239497 0.889281976095911 0.0669176134615973 0.895417119670763
"cg04858164" 0.894099606204773 0.888780816010896 0.835697623319702 0.895644049706132 0.107184285786349 0.899409881408616
"cg23819411" 0.921180677757686 0.914483731485018 0.735695647663924 0.926264022458616 0.10947485107822 0.926274971847486
"cg15878616" 0.967021644625332 0.959806013704044 0.521612921026845 0.962548698640193 0.0997585537292997 0.960517714155569
"cg07790752" 0.888247956928373 0.858818160725513 0.730863874103038 0.884074673678151 0.0794082816599173 0.896086760143682
"cg01692842" 0.869801344575868 0.847120358608323 0.798295838943928 0.871580825178704 0.0817089992530173 0.881233028278593
"cg08154963" 0.866835101250292 0.849869580706534 0.787669956337294 0.863919063983983 0.0803165445848389 0.870124755249846
"cg03340036" 0.889531447229735 0.885140921749262 0.760143613370299 0.886021878704427 0.0946068697220735 0.887973678923424
"cg07409471" 0.90611494240072 0.895552264868182 0.74819372734024 0.907917013247973 0.106845647054839 0.912617424209623
"cg00705730" 0.866459513502337 0.855470396589351 0.82211175072381 0.849014851758539 0.084927785755731 0.864766289771939
"cg13595556" 0.899885322741932 0.799217787567218 0.656723004685184 0.895210003393981 0.0647121310072261 0.901206690865871
"cg08253808" 0.884683023082319 0.87926064375429 0.722870658765832 0.889236860306841 0.0880907553922987 0.877488659144684
"cg24504014" 0.914042881839534 0.903652494297834 0.620471870798034 0.914463909805958 0.0899611553173955 0.911439565882263
"cg17852482" 0.871310501974025 0.846627974733786 0.801089839378977 0.867827230844577 0.0894214843530718 0.863974769989051
"cg10487428" 0.88294293520771 0.858793394786598 0.740247965286784 0.882806629335462 0.0946586515102256 0.888265954157
"cg24737761" 0.884657251708771 0.851102869779815 0.807228351656362 0.887481987733532 0.106899401879183 0.880913092580651
"cg13396713" 0.878563861449478 0.858512439777578 0.632336740098843 0.879875071201433 0.071361244358107 0.883297890195137
"cg01699630" 0.875202032922383 0.864141335937088 0.866197646684884 0.882494582535595 0.120594924385922 0.879604413382205
"cg19867914" 0.887916103853044 0.837994161450941 0.644127722405672 0.886584526178648 0.0763815241382592 0.892921495391386
"cg23338668" 0.873329984655026 0.876899447693292 0.839565530327408 0.877296867593582 0.118136184764596 0.883471696695544
"cg01923724" 0.880545071527434 0.87227792962936 0.849939821196818 0.875208180896021 0.121407425145103 0.882381903154096
"cg11313468" 0.854302371544786 0.828949295155112 0.717083627477036 0.845711059448282 0.0720956141003929 0.861835299730419
"cg04609694" 0.860723143897976 0.850822832961035 0.777764140530876 0.850606117946786 0.0936971251768714 0.862655581640957
"cg09418321" 0.861359855782018 0.809872521353993 0.762542428029781 0.8614214475167 0.0877114750723719 0.873408168037041
"cg24827600" 0.883658873986567 0.880264801482176 0.522042965007947 0.885942536962545 0.0650671402713372 0.884693104138184
"cg11596902" 0.870531843164019 0.858481967428004 0.69891577362169 0.877155796844246 0.0949335960239456 0.893689630925851
"cg25605731" 0.951866935951811 0.947378222241094 0.500283142537556 0.951438336005013 0.116253069434911 0.954455356974333
"cg01040749" 0.876641171394555 0.865298695618159 0.712917490883621 0.861052484229579 0.0931076233621878 0.864553230391426
"cg09342997" 0.849230364463152 0.848895585889023 0.733526553815343 0.856192029052757 0.0903666775083711 0.865264057228411
"cg20241876" 0.885804033209868 0.816292722056221 0.685400056080931 0.880146927620045 0.0910416976154565 0.877044728283178
"cg13633625" 0.887084325935808 0.880794842658837 0.620977764164943 0.884676547436546 0.0953144852894858 0.885461628245567
"cg26561681" 0.883293198732616 0.819338806058805 0.690249495599799 0.875660556765455 0.094709145888966 0.886428078923433
"cg04855678" 0.914119177675812 0.810654501503866 0.578524351508049 0.90991121643893 0.0864426000013154 0.901499604346911
"cg07516556" 0.903954964303927 0.838581775266084 0.597703419039694 0.900749651745444 0.0914643728257419 0.896371061291258
"cg08472633" 0.861686547079529 0.850393190566603 0.685264609006492 0.86238319596062 0.091530137209949 0.865924523999968
"cg12809098" 0.896980716838064 0.894675051307625 0.62981415314145 0.890992543027816 0.108831874748439 0.900671847094191
"cg18023065" 0.945029692504173 0.953412903029801 0.478203886214959 0.94967402979006 0.121834185236655 0.948910745242458
"cg21761853" 0.105430337734438 0.118587062243909 0.153477609447952 0.0998030175180502 0.68359378683175 0.299718048167085
"cg12810837" 0.0575577927236934 0.113643062068685 0.637329955928003 0.0649446193646146 0.718358757635849 0.0572676972371865
"cg21774136" 0.197114477335604 0.302101141185232 0.646781268467754 0.261921300152194 0.857019041151964 0.213338278227226
"cg17479280" 0.604552654318224 0.131400455213324 0.555096765673244 0.549833840874652 0.918190665799303 0.0673830259894252
"cg14480046" 0.118563326629647 0.505110302689368 0.833370601791783 0.138146438984395 0.904807793632676 0.215992348442546
"cg25133951" 0.22562018161734 0.0846303781262948 0.47192423157637 0.117252640267683 0.735987797253421 0.0637149903669179
"cg24893378" 0.13713837477172 0.260019427019024 0.688426684979548 0.0872592054230203 0.792092900690812 0.0668717695845998
"cg01735277" 0.0492048494856421 0.102293858517365 0.671436232184644 0.0568371622464448 0.772406712654709 0.258471758569631
"cg03889044" 0.0781934659382071 0.455488105455008 0.488063969658111 0.105814562046928 0.842337999157838 0.361699380905308
"cg19190593" 0.203916490486498 0.475007171249139 0.099862517409941 0.400736825183075 0.794109374805203 0.0447509153861621
"cg02737268" 0.0573230930209942 0.583915087926821 0.832241614900643 0.0699625734470273 0.874098844932335 0.0552036523428721
"cg27051683" 0.0907844588333227 0.485971332949126 0.485933333446132 0.137214188274611 0.872859201923405 0.418554991236988
"cg07613391" 0.0751638983592477 0.129455480228374 0.656581836868767 0.0812487572039117 0.789731289386247 0.249964457250652
"cg23280720" 0.0369944058602772 0.357277917904356 0.582781501989576 0.0523269052384266 0.80965147553851 0.239527801787425
"cg11354682" 0.476410494499629 0.107516543387416 0.111613397393618 0.536605199579813 0.817839578957615 0.0601819268095192
"cg26106166" 0.135812020686211 0.0829126204612633 0.665167321973569 0.109324908179962 0.799176017716031 0.176950344980695
"cg24310395" 0.0531593225373382 0.0595834132196669 0.634996853888771 0.0540776475635851 0.786248776554094 0.310772886955009
"cg00754552" 0.38712979873763 0.231820128952867 0.0954432038991347 0.385903152148853 0.809027290650576 0.0672443275639683
"cg18920397" 0.0587942650453154 0.0971667104977495 0.660709595297477 0.0599530879266342 0.798700490211117 0.210444378243862
"cg00795812" 0.0757265435719069 0.417646574211971 0.232423112257958 0.101689424543564 0.80587508323099 0.241453374137594
"cg03526142" 0.0514835944097868 0.064950919106971 0.690749349812098 0.055443662399086 0.843507454530247 0.369721357060115
"cg02212836" 0.0820073295209163 0.244638321633024 0.173554312713543 0.0955696209269981 0.7374378029244 0.0766620865681118
"cg15535471" 0.0934559351183711 0.0713481600335745 0.434427556597772 0.1590056416507 0.826184670918383 0.372198197928349
"cg10699171" 0.0736090636745048 0.0898170171751307 0.550333481137528 0.0756912855807254 0.815475121017135 0.139850240179507
"cg09993145" 0.0717623891455038 0.0882601822502028 0.100230001751384 0.0695920035075004 0.7646206025387 0.179103748909068
"cg23954655" 0.057017716866359 0.137673918502536 0.133975163427435 0.0695697021625746 0.76710054459696 0.0603311078040295
"cg17768768" 0.944435085075519 0.94367345118448 0.933200851194324 0.948073930731708 0.937172212933582 0.0565218860975041
"cg01598421" 0.935123062110673 0.926154562106562 0.932317937829846 0.932842736272959 0.937354397274857 0.0629495725340068
"cg19276014" 0.960323811277564 0.958945896532249 0.951948687154416 0.959897532211406 0.955505866200268 0.105030923848333
"cg25131632" 0.942379146648286 0.936735488337607 0.935566467830057 0.941475644170044 0.936269726057445 0.0907243949397055
"cg13738327" 0.959472247054633 0.938567166678432 0.95150357288566 0.962221735563512 0.954900217523869 0.108269905413867
"cg05484949" 0.959891782449222 0.959165401364037 0.945490544239075 0.954302463231334 0.947065947628416 0.109381299673778
"cg02212339" 0.929374120172241 0.949696893904847 0.943945022897497 0.932365530978013 0.94489664321962 0.098052394019923
"cg16210395" 0.901564738282681 0.895989591589072 0.896550796934251 0.908085956151185 0.88569647979111 0.0597662920159718
"cg15348679" 0.931108699707924 0.947251475343953 0.865721729021666 0.967089039811176 0.891743797837448 0.0929498653164865
"cg14482811" 0.944180503212409 0.871416921909517 0.918205641141588 0.94309128573083 0.913652659324878 0.0958250557888693
"cg11661493" 0.881257419033612 0.88199557627754 0.869412596016028 0.88294113564214 0.867936837092649 0.0589181007052974
"cg26552743" 0.894074316626744 0.86813367200471 0.868450180827336 0.899397729222056 0.863465434367848 0.0611334185073264
"cg07145038" 0.889323615272538 0.878711208951928 0.884175939980238 0.895227223300528 0.867349025219101 0.0656232369307548
"cg26318872" 0.896011354724488 0.890491709056454 0.884230554092722 0.892117049385454 0.873396532263121 0.0707971945811573
"cg05524458" 0.900369341444293 0.890488580642452 0.867287579664471 0.901524261487098 0.760049775209068 0.0496921249466058
"cg01024458" 0.85261336248906 0.847069118212353 0.890960931734526 0.877432607397288 0.893835501335573 0.0591566244133944
"cg27106643" 0.87376781642292 0.894040460630244 0.90518451408265 0.892322272055932 0.908838667384728 0.0825307107610354
"cg13283094" 0.8981895199957 0.878195416036456 0.890484367860378 0.897879645367965 0.883486289513314 0.0811802664239707
"cg15241519" 0.931961004362833 0.840386718465618 0.870756351635609 0.932037971556897 0.936045835798365 0.097051761457732
"cg15235922" 0.893586779827181 0.886121580294384 0.845393507558763 0.888273972969072 0.822795831983325 0.063513140390326
"cg01868869" 0.896262003743312 0.894939719934613 0.892192809756112 0.900636836350704 0.888345975061175 0.0927396897694416
"cg14936008" 0.900238428156395 0.891996024266508 0.883856368947619 0.90389308735609 0.88781316054486 0.0930811628684818
"cg27304328" 0.896454366627095 0.890813953426028 0.845644720870563 0.890735535198748 0.83774725100288 0.0756431355984569
"cg03131366" 0.896005243698851 0.860324514461184 0.863872925450642 0.888527871472036 0.864359009200236 0.0782382569393758
"cg00760938" 0.871554309944348 0.818681409696145 0.860373814909324 0.875030170998335 0.851910555360532 0.0616869245033388
"cg17634650" 0.891943264831618 0.841817651126345 0.883884041692318 0.898553378796181 0.873813814919815 0.0850215094640612
"cg21248060" 0.918989788304609 0.719277812722815 0.916664197504574 0.883610924891999 0.926683015470768 0.0813955932392388
"cg17995557" 0.860121041147384 0.808897561993337 0.859385949058357 0.862331659612549 0.857431662995442 0.0593583993418897
"cg16586807" 0.896718599981248 0.899529044249458 0.893618539680044 0.89185609920647 0.890384359526215 0.104212106009644
"cg16148346" 0.876969798400532 0.878432137379117 0.862796222569234 0.871924699002558 0.865264500228352 0.0812372744637652
"cg09201499" 0.940409868455598 0.935565772294044 0.917347166968066 0.937655364211757 0.9187453149102 0.141292824952541
"cg22212560" 0.899660780946482 0.891322738693406 0.650221385647323 0.900202318568125 0.849533537369571 0.0496347045317901
"cg13482010" 0.86816345237264 0.811582515569826 0.8445370638639 0.859500121859033 0.853940711386599 0.0593602564428068
"cg04440811" 0.871235027330335 0.861694124567253 0.843453975215151 0.865379251975569 0.816737557843811 0.0648730476358469
"cg17679619" 0.876226247916387 0.861237277478962 0.859685552227446 0.867702211139234 0.846051332323292 0.0763966901857858
"cg05187549" 0.867541184225662 0.854668851475969 0.86432472275846 0.866650761550326 0.861140512621724 0.0777679887639205
"cg20666585" 0.878094936851476 0.829252611311422 0.874762843945451 0.880785196473551 0.873253211686952 0.083335178021446
"cg14066207" 0.828270773585301 0.902409822869071 0.921921412918623 0.837859366255302 0.927404964075772 0.100062919386067
"cg09469986" 0.857910877378437 0.822732832415108 0.849689827882952 0.864123757592889 0.86128303037097 0.0693145305571471
"cg20602300" 0.87332354992271 0.870756606431645 0.872116450341385 0.869776763094931 0.863928642374317 0.0888687466157131
"cg08961187" 0.897717031655064 0.886712371978518 0.870851706749257 0.894757328293571 0.882940633956048 0.105538107182664
"cg15532942" 0.87597150093361 0.835107701547985 0.870650200740108 0.879203133592902 0.864901142980663 0.0843482851433088
"cg25683989" 0.865020128243513 0.830841089530186 0.857767582562073 0.86551709565796 0.851698148886928 0.0744977248829855
"cg13356455" 0.892232863302792 0.802855238116496 0.879078939208137 0.887176230940088 0.859446428291997 0.084969360068148
"cg26692003" 0.963995709694573 0.963244781778021 0.942493005053715 0.961532396998721 0.951492280698052 0.177695322169712
"cg11774624" 0.897290954491725 0.857614574716465 0.890250237391933 0.897723986972366 0.892772097572715 0.108601830139817
"cg16411445" 0.953822356994118 0.943703842195296 0.941685788385138 0.952214746179189 0.94770730483594 0.170152357792418
"cg03860768" 0.854895037966927 0.852884229525125 0.853972904952655 0.838209149564113 0.84314377049984 0.0715163170888776
"cg15035590" 0.895118682584409 0.879579072579099 0.884204675545837 0.887424573846681 0.875480581218133 0.107980554636638
"cg23948703" 0.854033075778548 0.837687764269125 0.854997462625948 0.858993948379861 0.857555281679641 0.0781418890045911
"cg16301004" 0.375272107087351 0.529480004418292 0.110774320554541 0.519387976181228 0.0858510308680918 0.888250320461241
"cg22437221" 0.160264527575679 0.423450689825023 0.530347349870355 0.125750989535577 0.154480945996697 0.845609408814739
"cg25616055" 0.0447130542823833 0.0830359245381881 0.0982184348796507 0.0474109458553611 0.0470104424858865 0.634972925529816
"cg24834394" 0.320815961094063 0.426065334353506 0.385989731283272 0.318561723244877 0.0825772302221764 0.877724868225407
"cg00874051" 0.53277152723676 0.374464334689393 0.106593985643511 0.441301155887436 0.0589743307995396 0.875090166169832
"cg23433370" 0.580311271551733 0.1386637333919 0.077309642059272 0.472444432474046 0.0410534327135421 0.834320812011047
"cg17950348" 0.632864529119691 0.0545894596103712 0.0802919011170667 0.557628844092204 0.0586776730284904 0.850741858267357
"cg24947456" 0.135183113717803 0.0951037059129302 0.0731834819097894 0.0948788207359004 0.0607187518791356 0.667269388774923
"cg07859439" 0.0711108315362226 0.591967589772807 0.141796955168405 0.132406353267321 0.0923152047458077 0.781975452807821
"cg21278103" 0.378220822596276 0.413732146626044 0.0951817269881631 0.3993623381241 0.0678052929499335 0.850088653938955
"cg08698943" 0.178334000973602 0.379568046228058 0.0976440578607119 0.352140266538286 0.319747248915546 0.850376802899344
"cg09076077" 0.505543795790664 0.0832246039013645 0.0898599309783171 0.49146781657806 0.0928135193732955 0.838815808369641
"cg20025658" 0.0578091694532341 0.0786235153167575 0.274963712691849 0.0605384339912383 0.118508617831699 0.705233025167621
"cg00970435" 0.141281765040848 0.0894512422013274 0.245297429427142 0.0830286406752662 0.0911175765804143 0.719952834416136
"cg27492103" 0.0933370853643939 0.452433785926845 0.4133991346476 0.0832267260937068 0.085265108472311 0.817354625593781
"cg22446709" 0.0457879609145842 0.0574099892103049 0.0485576789382923 0.0561605036316883 0.0409216962732429 0.64241680073751
"cg07091500" 0.116762135997136 0.481500011121521 0.0920911018606483 0.16768941151786 0.104338989720665 0.786145796530629
"cg07093324" 0.177099876731847 0.478054751382028 0.13183634245126 0.250024483105311 0.0830518799257154 0.818381228633549
"cg09849688" 0.244987870089404 0.205646232912984 0.0678266856556141 0.198813088328498 0.0717318598158948 0.755007824105222
"cg07249939" 0.276408547510378 0.0849132335275427 0.248971732456929 0.240621143328845 0.228359841657694 0.817629241960669
"cg00574379" 0.107044141890974 0.0858732166058111 0.590321141812538 0.1274059075197 0.217517304259309 0.827601698947443
"cg08682625" 0.0980001972980161 0.372161812864308 0.0971451147377935 0.125894970072581 0.0927612059998159 0.763426560522083
"cg03798942" 0.0721896202121833 0.0554313941478827 0.558690823127948 0.146471634510122 0.103909038655964 0.794070590390257
"cg19268695" 0.0873692975061427 0.120777369438108 0.182314404466733 0.0972079906069951 0.623508744517931 0.82897021785453
"cg22286382" 0.0817295200133546 0.135895025675185 0.255591871397561 0.0866140303862581 0.0912151549668698 0.744806355259444
"cg20317872" 0.0559339467975791 0.130123463513183 0.429273314053702 0.0802359811112764 0.67691101595706 0.889104829004027
"cg01054402" 0.104030373017767 0.584720468801834 0.228753882148939 0.15411964121473 0.0580359562128377 0.843268708153306
"cg20380468" 0.0628180074425303 0.419402767384874 0.392346823008706 0.0758629104799289 0.165443866078006 0.848336540358793
"cg20450123" 0.206555219960314 0.117498238568539 0.198936461729647 0.23190651955145 0.068896616213602 0.79187390684687
"cg15906007" 0.0683530181029951 0.0601783785787952 0.275395321937616 0.0909251574894067 0.114316149012077 0.756421006273764
"cg25518868" 0.112954327401302 0.219692292595773 0.064759200165102 0.167657356972651 0.0596739028713212 0.761463326121072
"cg09300089" 0.354869277092499 0.109510939423606 0.0777144258859523 0.212257369209406 0.0680121292752344 0.815278345054669
"cg01156249" 0.278993908121701 0.657397921983136 0.0803103538172695 0.205766122810227 0.062877450836937 0.911060211916778
"cg25336765" 0.281926035214609 0.164536370981786 0.0878320029525642 0.29195883906121 0.092747184152364 0.847714278734034
"cg00619207" 0.0690119066529053 0.102323867231305 0.15418385224679 0.0759306241261569 0.509994497164845 0.848606998242184
"cg00058449" 0.40592875621505 0.0709480540711594 0.335282156198516 0.331610142227224 0.288152451568252 0.955263128644069
"cg07635227" 0.175407702532853 0.530690576746145 0.0581330791394126 0.133455630743374 0.0442382690530864 0.862476229752915
"cg21291385" 0.066728243565833 0.160544862522571 0.404909096818613 0.0831287812833982 0.0970308222695451 0.837566518807563
"cg19269039" 0.0556156532196794 0.114817849490722 0.189157431823143 0.0753184319755754 0.416619195723463 0.858218590071179
"cg14317609" 0.0892419761783627 0.0684922795107805 0.073605374795141 0.0849813704340584 0.0727676400324723 0.779229145911772
"cg23357708" 0.114129963367432 0.15542879413781 0.0691362682628937 0.16924387460255 0.0631697424884506 0.825448806453782
"cg08864105" 0.229881261992379 0.203807226188809 0.108611055075742 0.244125189652522 0.104962942186379 0.892439232030377
"cg08560387" 0.103600961356507 0.0442043823890747 0.0454781460514873 0.0522847325313029 0.0393053771104724 0.853231695200169
"cg17266282" 0.0960219412997905 0.178607046091972 0.107545506858501 0.103559366759253 0.112083431090916 0.917018762141648
"cg03429643" 0.052354535490818 0.0676978241732721 0.0634018233563664 0.0610304858518313 0.0562734780141698 0.865596435320434
"cg02606840" 0.0430182757993015 0.0665875596339522 0.111975462345229 0.0469541586349609 0.052096826038939 0.888716782409684
