"GR" "CD4" "CD8" "B" "MO" "NK"
"cg05398700" 0.109135173727103 0.976101649348901 0.972220876657142 0.963856624132074 0.907956822290034 0.973986571885472
"cg22381196" 0.0717541130129882 0.946430403656462 0.963317221267814 0.940756044903458 0.757943399226664 0.929345313252402
"cg25739938" 0.0854613557893708 0.912612783215383 0.919263137832752 0.913561609685085 0.855641364375563 0.906117918934173
"cg00660167" 0.103753439089824 0.973368707604031 0.968754905380886 0.97174275163741 0.758144989426176 0.950016335131407
"cg03146219" 0.152299230601324 0.968556721969449 0.969446279927957 0.965932102031635 0.906158214532357 0.966652345274484
"cg05936004" 0.0795457060516293 0.927768375879907 0.913248039526416 0.909765390536282 0.774249012196566 0.892138974757663
"cg00705730" 0.0945110587940623 0.903110884867284 0.903749490332396 0.914553429892151 0.835925935981468 0.913336379486732
"cg12483340" 0.0732282473571745 0.903235275797699 0.900916724643684 0.898119395599518 0.776172471447707 0.894331270868878
"cg08253808" 0.0785922181330291 0.924704868498295 0.939992130423193 0.912843556338234 0.728837092007899 0.908282182848845
"cg21792134" 0.123026780406817 0.925429555888249 0.942488303527262 0.942452171702387 0.862024852269579 0.932997100392689
"cg06270401" 0.0912245695238371 0.916350490556994 0.884235029919284 0.905780663200991 0.836422559113613 0.87200786671801
"cg19037107" 0.103905784370293 0.910336309071037 0.895162021553638 0.910827401612245 0.84021316707152 0.890384277261357
"cg04609694" 0.0982895172354827 0.907173611204906 0.907200208843207 0.911204912044803 0.806939512337809 0.888510263889524
"cg03637218" 0.089901240525899 0.871574225729089 0.869689599462675 0.907826227767259 0.853764630330496 0.854701478762174
"cg13468144" 0.111855149939564 0.850962673587824 0.919946005796515 0.913040895264892 0.887958738588665 0.894662422588083
"cg06526020" 0.0926171879202378 0.864730806727539 0.90138876781307 0.911817288418014 0.819081729874941 0.881759142396715
"cg21685770" 0.0632705844287795 0.896663074618902 0.899775086482505 0.886745834140652 0.700045679829465 0.866431785212058
"cg10611016" 0.0736190329667428 0.922560616373598 0.930212327820445 0.921004321405566 0.624936060879131 0.910983121819741
"cg15878616" 0.106162708787369 0.969859835059317 0.992280296737639 0.977792305030553 0.582927389997434 0.958799089991785
"cg04858164" 0.107219321077838 0.871562443863849 0.910385549501679 0.888438710415893 0.843438154681002 0.888076387145923
"cg23819411" 0.108858700889242 0.945949294565996 0.938517498685375 0.955783357482234 0.677909824584811 0.932529264372682
"cg03340036" 0.0782826684881174 0.881131263011563 0.89814023752667 0.875928813555381 0.720107652108757 0.895181079198226
"cg21285555" 0.0788040470641498 0.888388683969568 0.882235853750145 0.876527619882743 0.768873948317475 0.827149787251729
"cg01692842" 0.0714151676312017 0.870988228036414 0.828779488499589 0.859102741576881 0.802789080159286 0.835689379043686
"cg25006077" 0.122539723177695 0.90797898905826 0.903550910217551 0.914947544013743 0.856078912586508 0.864198886776494
"cg11014468" 0.13580622530617 0.910892832814295 0.914564745142696 0.912172056123609 0.866370242238231 0.904849296648747
"cg00439981" 0.0670590865194816 0.924077955833805 0.949140688554439 0.937726330494668 0.541586816037362 0.880448343159427
"cg13652008" 0.111824457828664 0.911476599097353 0.912781481256371 0.906470928548904 0.772320958092837 0.891166959288057
"cg25600606" 0.153184124915118 0.928618941184413 0.93246213922478 0.934250503041428 0.854923490927636 0.927625305619288
"cg09342997" 0.0872981239378532 0.858258765946152 0.884952219900874 0.871944360154624 0.771474148544223 0.867344510653635
"cg09859659" 0.127983812419809 0.915655743770037 0.91121935451186 0.88690566027337 0.847351521589763 0.847813612743465
"cg15724534" 0.146749332626643 0.916710203602748 0.914702096564879 0.919339557801264 0.859368157356275 0.895827534789806
"cg17852482" 0.120346581963787 0.903809143120628 0.890752328313978 0.888708335517259 0.819056735038279 0.86006802078257
"cg25605731" 0.074323867425523 0.94658507760888 0.95480610487936 0.904345828045023 0.488983217824233 0.939321627070046
"cg05627557" 0.0771347502235254 0.878595852573436 0.863375673020392 0.867356180691032 0.708981880811582 0.848625723670045
"cg01699630" 0.129853062804217 0.889644060373943 0.877882367765442 0.883316135109484 0.861966508779415 0.884890167100237
"cg06465076" 0.112113504702055 0.901944774809979 0.901812191505528 0.909371724875478 0.743245878870642 0.880786845763632
"cg16802439" 0.16038156662252 0.965974929522256 0.98527970444996 0.973045136548051 0.717943721057633 0.94897844237686
"cg07409471" 0.151205437237148 0.921853375371588 0.920413456009207 0.924988461902736 0.831534264955028 0.89925288034232
"cg01040749" 0.128103692793618 0.911486666118174 0.904380248497313 0.896662107497881 0.775550882320164 0.894839017263382
"cg13595556" 0.106294737017004 0.905601197685738 0.9016966095415 0.931402219904697 0.686959578305938 0.860608651859713
"cg19460836" 0.0735127145899052 0.883332119998621 0.877826996780074 0.882394096469133 0.630454038582662 0.85485604520431
"cg15086439" 0.0901260483465071 0.873928595888076 0.896444542758668 0.899797067718187 0.652111797506089 0.892371381008599
"cg13852284" 0.107117926266068 0.855254493542851 0.827575908948887 0.894522519498304 0.833567393574184 0.822728725334622
"cg08154963" 0.10203681557272 0.882880727622795 0.877433789311571 0.874490326951728 0.750465645033764 0.849904767460264
"cg15520845" 0.135084394544695 0.875832373784989 0.910270708790672 0.90197051740496 0.818644376579941 0.88108691537714
"cg10206397" 0.128435959134446 0.90802456792404 0.911935296692961 0.914628759314176 0.746958059216066 0.892245444519844
"cg12809098" 0.122246498429698 0.904414602926017 0.922389143378932 0.931089951357697 0.696773892010021 0.900198226544926
"cg17080697" 0.138801653557294 0.91065785396941 0.904080716698467 0.900607410141651 0.787630271169287 0.902283021800249
"cg13785123" 0.199429661453452 0.965364915673663 0.979720338705524 0.968486357584472 0.830361498903158 0.962360728738199
"cg05257202" 0.34767307800386 0.0502069400231795 0.118030209676897 0.0446155297936539 0.0533859724866349 0.129204979153399
"cg10892950" 0.83291167276472 0.531626850194298 0.511241599504782 0.585841228885195 0.597425989330387 0.541470893999241
"cg06516865" 0.336058051348454 0.0498800737123539 0.0736325598532375 0.0315378775031273 0.0489448903582599 0.0920241077693677
"cg03538814" 0.785526741166253 0.564297198106758 0.568135918177861 0.491675855014639 0.416962115356389 0.507653600530359
"cg17960629" 0.827449835186463 0.53522468776592 0.485894517176863 0.650737918197829 0.566904238203263 0.465283407411577
"cg05551825" 0.335373078897405 0.0164135672697516 0.0117854065137121 0.0409267729109136 0.140971794118336 0.0283609814405868
"cg11303839" 0.383637737884726 0.0585702369179963 0.0560258299814725 0.0868379885482636 0.189151220693772 0.0725065047322879
"cg08702879" 0.85462076769201 0.639216775019518 0.540010611394476 0.569630274933187 0.519338985502011 0.595706637338647
"cg21904489" 0.551023825328664 0.248682222409837 0.252396469641574 0.372758805907307 0.221841511175459 0.211232618165724
"cg18625627" 0.332797573339164 0.028794897197161 0.0274949917462859 0.0317347087770762 0.0553345647669846 0.0379994885466771
"cg11992736" 0.427135348051289 0.0698174573001425 0.0377595942590219 0.235231400714892 0.138029511686056 0.0681168867905994
"cg26689077" 0.452266720082131 0.107672896140484 0.0645561538902759 0.264151056914612 0.130519684328534 0.0907107583967199
"cg02544257" 0.705966845753336 0.269846569785255 0.372326355123186 0.468375587079761 0.368892977422792 0.433266027085694
"cg13525276" 0.393925762509452 0.0480685914864609 0.0390771807422911 0.047041866352837 0.0942342175951021 0.05189757440319
"cg02782634" 0.826055786098543 0.36099921637837 0.427496031692298 0.568357436665517 0.554956576552305 0.478454989083372
"cg13203135" 0.421696665357982 0.0601315233833003 0.0593503322299135 0.0665849969583529 0.0860559861273364 0.111612028052087
"cg22579075" 0.789527001338952 0.43981852077961 0.376232785429915 0.487169193642355 0.522403768333197 0.311640256803964
"cg25249713" 0.890225384875696 0.484969412198606 0.578632227824137 0.503364955126725 0.520359910379271 0.632625434499488
"cg14082886" 0.519118545809037 0.037968664442094 0.0488123497121766 0.278572221414312 0.214055941904317 0.150466167500594
"cg18865207" 0.450464458322655 0.0525664844697374 0.0426088162139842 0.0500054595221646 0.167129563099889 0.0594304947347247
"cg10274029" 0.715457477767069 0.26209671268382 0.390326170860145 0.30186446353975 0.399686900048562 0.337481595503075
"cg00221794" 0.60305938426516 0.30025690783391 0.284721392907409 0.0642057298642945 0.237415108427292 0.116840307999078
"cg26562691" 0.8695685025933 0.475793780648812 0.488478137382081 0.358258744379373 0.441365636082319 0.50384024002558
"cg08608952" 0.789551364166671 0.366680225153765 0.299481616531134 0.377680524801352 0.374164892858043 0.337011328790325
"cg11906021" 0.831647643864722 0.526924000267059 0.393238869622566 0.46755595604315 0.320826964634388 0.244346656621475
"cg17694130" 0.854698031433847 0.408830232953929 0.396766819348664 0.461676681801842 0.385652195786344 0.448054483431056
"cg10825315" 0.501958421858392 0.0541776661829104 0.0555146594154036 0.0556948270618996 0.0828923218401763 0.0584530969149177
"cg21057323" 0.693859042288185 0.145040898187021 0.142874933911567 0.309810246787678 0.357799502405784 0.245878307723888
"cg15535471" 0.83404737579814 0.485221784624822 0.408202823029603 0.40998528060236 0.404363644785893 0.160664393624477
"cg21761853" 0.587320762779209 0.127854629238174 0.0780337167462621 0.183899095897445 0.161593649151797 0.105490680314478
"cg21221767" 0.557285445291277 0.0673767325195912 0.137813361147513 0.041497113162786 0.0958413519650485 0.168401940841431
"cg26169783" 0.671366079127765 0.226612884772686 0.267464565186474 0.253077710209406 0.129999594270157 0.190880500069723
"cg07754940" 0.731489664453192 0.214201639338243 0.221319356358403 0.349083617112116 0.278809104515126 0.256965807759653
"cg07248223" 0.611246969706689 0.0619806396172015 0.0569893071769235 0.0582968624732077 0.361857857854415 0.0893593032642975
"cg05492387" 0.767736651598167 0.324618615582183 0.399490012426519 0.203649694476558 0.146037626206448 0.428058637108166
"cg08817540" 0.629808492377612 0.06438534637661 0.0793114762808627 0.343330017485722 0.0837317999034033 0.196710990510824
"cg02212836" 0.801136193375545 0.296434185441078 0.406674075355058 0.13964139962898 0.250184728570814 0.474989720023222
"cg16047279" 0.631055413432973 0.0640091629251959 0.0418756497896235 0.0501687152509688 0.362747837978898 0.0600784845408588
"cg10502324" 0.704976763226746 0.0877300774614538 0.13244538756718 0.445953133052783 0.117906131499285 0.268826224041466
"cg00795812" 0.757775003112751 0.0804683334808514 0.132233718598207 0.35486095359557 0.298488470303208 0.428404652867257
"cg02331830" 0.722166855392625 0.0926325632719954 0.120735071420659 0.298555031187696 0.149518443255849 0.410102415624517
"cg27058497" 0.640756380856929 0.0690605469723424 0.040115494738785 0.134511978318317 0.238797550088154 0.0607970588944204
"cg03722295" 0.727674860338371 0.127418568039524 0.126236152633216 0.344706301290207 0.2551378412571 0.124675781989655
"cg18128887" 0.63455784137909 0.038815508773626 0.0173829500259969 0.0391720229869703 0.314959007177869 0.059477092359118
"cg15474337" 0.666606539898168 0.202232914860316 0.192381174448445 0.063097994731287 0.0759161083782986 0.109283417391832
"cg00661777" 0.677842183407548 0.254401214685684 0.11775906215503 0.0729796716286797 0.0856834116340053 0.0885691270041879
"cg23954655" 0.728513529099211 0.0647738945061566 0.0747115775703803 0.0776561068670187 0.160491893440668 0.148054559780592
"cg11354682" 0.848245320822049 0.294292301643668 0.335296009959405 0.0527203808149071 0.0867320809157577 0.111943947461464
"cg26341831" 0.813801858466709 0.176167866603592 0.0460122914818856 0.0487172420595956 0.228164109551994 0.102739406131277
"cg09993145" 0.829117347824385 0.0545002888933866 0.0269667509374575 0.17154949269663 0.098130963142215 0.0462127177093145
"cg00366435" 0.918691056823477 0.147575662703177 0.576369741576151 0.921785278466035 0.92714277176372 0.845041658566368
"cg14477767" 0.879279758348689 0.212186959851936 0.726698941115919 0.849751086131862 0.900841683267114 0.760491244141568
"cg10837404" 0.913517226774744 0.269007518171402 0.764958297364461 0.924058309048423 0.928954364221136 0.868230980746268
"cg05617307" 0.881885571662225 0.264792696417782 0.753190012412484 0.895426954545759 0.919556328987746 0.902871002041985
"cg25893560" 0.952058671068694 0.280066909017278 0.690934016442829 0.955638460883534 0.9583749045206 0.817985626643322
"cg08884752" 0.803903858321353 0.151528129106077 0.497671692577852 0.836116725322033 0.77558182720736 0.83027283199098
"cg05070273" 0.910150118682593 0.250787787800547 0.576090175925332 0.917790912508041 0.904919235357382 0.862493554501617
"cg02661764" 0.783727703135032 0.145485015679208 0.457934493311605 0.845632745855327 0.762815421733134 0.80838906521103
"cg11465943" 0.896169387318312 0.261808323641259 0.568031573124342 0.883100611416675 0.915093431042429 0.876161107714959
"cg07728865" 0.892443745151463 0.249583727352577 0.559077964085794 0.899115014157911 0.903481492825887 0.788387734615357
"cg23357533" 0.878015979901296 0.260707833435556 0.549046888938077 0.921626280964937 0.902279976184684 0.864128783350421
"cg12297231" 0.919617056029552 0.296112412549136 0.744425531126283 0.941496609562544 0.918193285789806 0.71736499572814
"cg01154505" 0.944147745135107 0.30377279317752 0.731527331661246 0.75484875188105 0.960974233595159 0.905374302067453
"cg27423838" 0.824384498235511 0.19594788501532 0.55747044742034 0.800452278795771 0.820266956121832 0.750872355997009
"cg09722826" 0.867190002069681 0.256063816800497 0.630114161692103 0.892554635388823 0.884353943958605 0.771936805890997
"cg26707718" 0.903398617964327 0.27209705431401 0.557736630088272 0.899561836897218 0.903447019284226 0.867194858995021
"cg25599673" 0.884159440818369 0.264172045987044 0.606027809019453 0.850846463689265 0.874411776478355 0.867529922493232
"cg00103299" 0.82335956027925 0.176288442991163 0.496630336136626 0.710550807885161 0.832948974962128 0.754906177437571
"cg11710595" 0.906270144796376 0.262840918147849 0.577200810585152 0.903615969288479 0.897270386105637 0.749212577624359
"cg20737812" 0.850459348496136 0.267124329088395 0.729305938268383 0.799482917806137 0.866277956003665 0.823857650229641
"cg01525879" 0.820371249197683 0.267493968071406 0.63130639754793 0.919361408847687 0.885993660379796 0.805950065747313
"cg00445959" 0.776034908982085 0.209221653805243 0.494122459517457 0.862601265620042 0.836456009477476 0.779130163228904
"cg07930752" 0.863139731753225 0.272398468418654 0.604547647854186 0.893696292017679 0.870118046354097 0.824449956967338
"cg26848442" 0.826366213661907 0.202424758853246 0.63742842691657 0.708196698103113 0.746732749451648 0.765267668582453
"cg27583604" 0.843195136843934 0.255355838701572 0.564402992382453 0.783672823998001 0.89410869845915 0.811797499421359
"cg14408428" 0.905014635379268 0.31504581533624 0.643768508676503 0.889915212496487 0.931849784862299 0.741066302552355
"cg12047375" 0.916771846779599 0.345365791353452 0.790941030199317 0.877253759079173 0.895739227591871 0.800702752043991
"cg24068972" 0.858376281545552 0.296638629441653 0.579917792710953 0.863061097585187 0.899160756047317 0.848072974711299
"cg21565496" 0.952634820692617 0.381004594788981 0.640096411060238 0.971721040248973 0.964675833270276 0.944582499851637
"cg21747310" 0.835276094502411 0.246927785579629 0.52831433602777 0.856890613596848 0.827099913090053 0.730562301822983
"cg23977888" 0.797708603235444 0.195275220217511 0.518640555822994 0.775787305512228 0.75686968969886 0.655599684598867
"cg18384277" 0.883818414225438 0.27359913439175 0.63242386845125 0.723281613311818 0.872219290295226 0.757329974755709
"cg17250770" 0.707016729493678 0.186111610243193 0.463419417491101 0.783068040877473 0.725691763085028 0.750214721664161
"cg18470780" 0.886505823534021 0.333960955964876 0.613189998479577 0.889750691716852 0.886589534712628 0.823242813497645
"cg11301670" 0.899784618750411 0.320977160321377 0.756212402230293 0.665456265305563 0.901984247366635 0.779271723736276
"cg04025970" 0.707714179721057 0.177139869636448 0.536699355920344 0.592457393522609 0.725203774727664 0.727529741327099
"cg26852894" 0.834918992353641 0.340087469732175 0.706476733918668 0.846142711589116 0.868039179285275 0.828586886593223
"cg16533359" 0.580402068426873 0.168224156420976 0.45295632396783 0.714911955890663 0.772725863055672 0.692732318430856
"cg05290737" 0.778418295618526 0.260799429887176 0.65636885133506 0.779166250782059 0.756647504277735 0.655908211055789
"cg15009294" 0.907238735439514 0.383902980977833 0.633076063846976 0.904162104420012 0.908026944322923 0.876983109723201
"cg02402882" 0.76769919243914 0.214276264791298 0.515279198058192 0.667155809579476 0.783631104935952 0.596282669669429
"cg24729879" 0.740115093635376 0.232018179127962 0.582866611059475 0.791264459692468 0.595069624978779 0.815594629235362
"cg09755397" 0.838071677284229 0.319369153298828 0.577139579502655 0.758889860383077 0.853377798056598 0.853483171763983
"cg17824906" 0.9149891044928 0.404763319673608 0.637100696618153 0.909168070615547 0.928415648044802 0.878924444113202
"cg04618171" 0.901607725424347 0.382514957573264 0.623170840265142 0.905967433259369 0.88598969441985 0.834439374476005
"cg11307417" 0.88983396952838 0.421727413306115 0.747268952499678 0.90938408734192 0.90679657871065 0.884661005649496
"cg14588003" 0.854546134765991 0.414767992742985 0.785137402699097 0.898259530569767 0.891280093806744 0.884877436135903
"cg16836311" 0.5592925240917 0.205653950678395 0.610194203256714 0.755790367013135 0.601613976862374 0.813320180311489
"cg01768001" 0.943440407976594 0.448027837908582 0.709490527213116 0.935149018677686 0.939322172427493 0.93267763334169
"cg04162316" 0.935926506986761 0.475195542191485 0.845808526022592 0.942644206056473 0.932661362994603 0.934842144371026
"cg26821540" 0.271311552450235 0.654245226961816 0.427445826226058 0.354968174323853 0.252273062791681 0.189531468935674
"cg27110054" 0.187878615613861 0.569610751506455 0.314331159674451 0.233138060537781 0.189073109358374 0.150597445797243
"cg02573468" 0.182413697445334 0.537270007045558 0.32138339873291 0.0804134843045819 0.150702036397187 0.137812576688797
"cg10505873" 0.0512047835583379 0.467237536752251 0.239219494582586 0.0839510018287311 0.048223877746846 0.13762767835322
"cg05371506" 0.0623644261813359 0.482578817449405 0.281250895739917 0.107504012973184 0.0473967421268278 0.13551736822401
"cg17343167" 0.0656940375967112 0.451126636318752 0.0651894001090176 0.0557230503392146 0.140038998195892 0.11052875630337
"cg07489413" 0.0514475574545197 0.436286718246998 0.0681673179634322 0.123617538811703 0.0462635718579768 0.0707077577490887
"cg10978799" 0.0986597382114904 0.526736439536235 0.226977415142918 0.144662989509284 0.086666452846118 0.312414377940457
"cg18440048" 0.0847630206923188 0.465213696573188 0.148757419187658 0.0525495215214699 0.0763754265905578 0.141666514310405
"cg03077671" 0.0462218653553345 0.439852834056098 0.153160757760086 0.0535515294946809 0.0434004045660238 0.0575866708117883
"cg07363543" 0.0579414428490246 0.491139660071952 0.282090205074469 0.0574403129232327 0.0522780819075503 0.161002307744147
"cg18132851" 0.0850749326648878 0.526431714195341 0.302485877099588 0.115813768625892 0.070253256085138 0.211615541917752
"cg21268578" 0.0413785424113746 0.454673902815534 0.124976225850759 0.130959950356487 0.0346969421013545 0.0540583123158647
"cg11525052" 0.0750941859887913 0.498409255752281 0.111676236135154 0.238826253145943 0.0704372628685847 0.113189717645538
"cg19766471" 0.0824315074775977 0.504175978827475 0.15310933143938 0.239818665069263 0.0655625940383463 0.0895467535143706
"cg15153141" 0.0486764373636638 0.470524428453426 0.25534429924544 0.0328001411329686 0.026644967878786 0.108513601445296
"cg22065498" 0.160613190563297 0.614530305405143 0.336746419467401 0.315167236114867 0.176097634610968 0.180955716454537
"cg05298628" 0.111883373862615 0.547130248825457 0.206272625746158 0.287131399010423 0.101732355720288 0.0974779818508414
"cg03278514" 0.0272683870315325 0.462814607646045 0.229216023884314 0.0277968271369084 0.0197201432044411 0.0380430309972945
"cg00984060" 0.144976498742455 0.558870042266513 0.237456050435241 0.122852330450817 0.135973439727953 0.166437478294375
"cg19455189" 0.0829008296831042 0.484418878717209 0.0744053464105369 0.101082082633736 0.0640287021262643 0.0824131290644563
"cg18729298" 0.0472300088046258 0.498806359820823 0.234126270579355 0.0908699095908479 0.023860735345824 0.103961347543634
"cg25598890" 0.0463585374080043 0.475634678040496 0.0526187882304362 0.157650603638894 0.0439643549377776 0.0536039114022645
"cg15657641" 0.061356409607053 0.508841490054835 0.247146363368326 0.0461917114262287 0.0464767257645258 0.142943655542792
"cg11176694" 0.0825904571848234 0.51563142553331 0.25101329999281 0.0385558908220937 0.0683157511185812 0.06456004006023
"cg00287915" 0.0765415922415875 0.565543362044838 0.328147019994395 0.152767664696928 0.074308634548397 0.124396695541578
"cg27027151" 0.18258094005954 0.587403985109459 0.22689634460748 0.0549418115129648 0.174630897894344 0.142285957970412
"cg09257735" 0.139339229700685 0.621619693776054 0.292084615243442 0.20650584141034 0.151201275354596 0.199785838194673
"cg14475875" 0.0681976396881752 0.599098089433857 0.327973255618109 0.221828724928946 0.0544927394674109 0.204878962510027
"cg03992638" 0.0670892703430355 0.567153996506727 0.3439754472216 0.0730879675628373 0.0590702344924573 0.119395659183555
"cg19933595" 0.0692890637514156 0.548124204450804 0.224692081237472 0.0747661400165181 0.0436503555845198 0.150403479976163
"cg04307083" 0.133087758666818 0.612138254934919 0.281763134484211 0.198464440349832 0.12169843592057 0.0778313202335529
"cg27202779" 0.105589705010222 0.574769125886501 0.31916606816305 0.0381544755304145 0.0543838473715917 0.134310770475272
"cg04408104" 0.039546067061425 0.558489086350743 0.310836886667679 0.0630238464940034 0.0284598939033857 0.1239039275578
"cg26986871" 0.0724044223464112 0.535385256322991 0.0509321639762141 0.134312253065754 0.0536167705841258 0.0736447682673304
"cg06449334" 0.133625993703684 0.633592043715303 0.122070578349888 0.285508523215574 0.177270364545382 0.10791963922919
"cg13695076" 0.120169128078304 0.663519330203317 0.319294310919294 0.309797521097054 0.0980772279787035 0.13629858920948
"cg07881210" 0.10604054355067 0.662375473657673 0.35457922649437 0.177441345086985 0.0875178654744098 0.287685347386721
"cg13133835" 0.0255173953748022 0.554403593887288 0.225106867985879 0.0631084145617135 0.0251321172941474 0.0739673851025703
"cg02402946" 0.259491064573421 0.735248992563304 0.335140300761994 0.14114094407059 0.245183027794529 0.218725042998021
"cg27485845" 0.262235586352459 0.670199211526403 0.281369463142004 0.144019791927741 0.0775092397836287 0.0967843947537485
"cg24904788" 0.057688340003208 0.642152027489518 0.333815521687503 0.236117611799275 0.0524282223500567 0.07312452205788
"cg25729350" 0.0787714663808862 0.633783432226762 0.339895677102322 0.0846973214564573 0.0510903564296193 0.110787354568791
"cg18055007" 0.0321834525063879 0.56436233183562 0.152131104903689 0.0324700739644174 0.0180368055090723 0.0516958824579035
"cg07837085" 0.0724688694614408 0.689251064187207 0.343631399639148 0.2674743613999 0.0760726875315335 0.124437473049013
"cg04244970" 0.0553862635382753 0.678752367769595 0.264097567512104 0.29980856429777 0.0517595539255361 0.0892994314033076
"cg01987702" 0.0547772781670917 0.65926872235088 0.367807369483979 0.0597611497307819 0.0507210404286098 0.126277350010637
"cg21069500" 0.186978199620846 0.756121057476283 0.459882333395664 0.0700224987225452 0.244260098148646 0.120488056178126
"cg11230435" 0.0440986267205101 0.684160448581885 0.400307929970747 0.0976736390674539 0.0528949829740636 0.0810488809666625
"cg14564351" 0.0800645187251253 0.705852592250732 0.280656585128345 0.139529989691747 0.0552216644365172 0.128814601553809
"cg25939861" 0.880679037733286 0.829393004604219 0.107430659272528 0.871642320852774 0.867509565827573 0.589881597189145
"cg00219921" 0.897208703527539 0.8163329698751 0.183854064512275 0.909550590546187 0.892617544634389 0.781151631504123
"cg08777095" 0.911655432138484 0.557931043343054 0.219074193526704 0.917789602430036 0.921278523799544 0.716034506433205
"cg04329870" 0.866629403386932 0.849912663706063 0.297417121180268 0.861539495954107 0.86462772826936 0.79460189690553
"cg25350872" 0.955444712605013 0.914687860311941 0.381222811632516 0.947372549955762 0.952196323306564 0.774489623129466
"cg18174654" 0.862989688243147 0.79360157870845 0.300785744115147 0.856230347358078 0.858065189129104 0.763775442255956
"cg18857618" 0.863811012767114 0.803749109487512 0.328028027520772 0.867218374395858 0.888988509852861 0.825186647072968
"cg09654116" 0.873664220417789 0.850190359781213 0.339314974814806 0.885184055716815 0.878840574628859 0.732691611155357
"cg07016730" 0.85681030503966 0.64144171345034 0.253556353991709 0.696567611523183 0.878178094571533 0.665788957477175
"cg25535316" 0.864946846599174 0.670876571467481 0.291373583946042 0.77549540710952 0.870768342077927 0.72512415630524
"cg05723552" 0.835860285194074 0.593472832804218 0.262874920118701 0.794226890502811 0.861158499520179 0.64031944308222
"cg03318654" 0.75892695183027 0.769105537742505 0.250519104805816 0.745912682780875 0.743600122828177 0.673813806821134
"cg11067179" 0.87553192724096 0.843107486109343 0.376577487649029 0.818049563866325 0.879656149737871 0.78545061886891
"cg06419846" 0.957881488368069 0.949093419185384 0.47428847392723 0.959535752078678 0.955332965843053 0.861939099090378
"cg05496363" 0.854370884178575 0.840396323746538 0.390294873756558 0.829313319320462 0.839226777892875 0.7841060256757
"cg02598071" 0.844506396722675 0.585900206320862 0.349859393141172 0.877552227166897 0.84433576457779 0.781218600815786
"cg16681873" 0.775452297430409 0.574371706450031 0.288436426339103 0.780889888596271 0.796050853795851 0.646664567063276
"cg22494876" 0.840538817806587 0.717235968407748 0.358313218061664 0.755146464892369 0.892185246096264 0.675054846050289
"cg16596052" 0.942784051588775 0.730128364736884 0.469956629556879 0.947707583118764 0.952344249907739 0.895566971587668
"cg08506127" 0.588920259890526 0.641510063316719 0.157827117788856 0.569457396194239 0.593078402297096 0.506229028875636
"cg18711369" 0.797854694896408 0.639587563880929 0.357739786286495 0.857328482855595 0.875153665383436 0.680925808881377
"cg23325335" 0.747149039345359 0.66675239319807 0.299002690566281 0.767983353310245 0.754719135337524 0.604146958778312
"cg13068915" 0.774648635465367 0.710417310383291 0.312951360353333 0.680810071223878 0.783585649834305 0.654951286401489
"cg01002223" 0.936335060223304 0.814935366969336 0.499357583283969 0.942034708543076 0.939885172718723 0.899264872538813
"cg27217253" 0.867287293433949 0.710447551855701 0.409479067019741 0.894014266681812 0.896700066656896 0.655897046139926
"cg07702659" 0.845688472907488 0.774978354948553 0.414839371026958 0.851593394735346 0.830970944932883 0.774179637639843
"cg25235205" 0.852824719452478 0.666279842716009 0.408822892026656 0.848008704690922 0.853038021613205 0.773045574706522
"cg24431515" 0.980412006477206 0.87107714399314 0.534344975718591 0.986948938191139 0.986706927644954 0.749918955105915
"cg24345747" 0.502691979312462 0.689619776063519 0.157396107714065 0.529481179437199 0.503753522876992 0.519460494039824
"cg04658357" 0.897294779963693 0.718550043168871 0.463239549209286 0.88026479857417 0.88657350737609 0.791428697140544
"cg21091766" 0.66547730666743 0.866199278893551 0.363328409265645 0.749968182300802 0.763412423616665 0.630098719343254
"cg15014975" 0.915531834183508 0.895854107050732 0.539570677893413 0.944533438574438 0.96000114708363 0.799085780321299
"cg18546384" 0.859510568797671 0.879163008963878 0.505348883074962 0.926800192295469 0.896742056145234 0.786090663652898
"cg21220520" 0.605467526839425 0.46247206124661 0.190615573430199 0.583523086471268 0.613247934008394 0.485645484953959
"cg13543915" 0.735998132328835 0.676841089000376 0.349604249635087 0.743180825552198 0.755786759356651 0.638333438251246
"cg02021288" 0.836415729318226 0.690332845026869 0.451692615237826 0.889242027830346 0.865389032107327 0.699793196731775
"cg12032027" 0.885477657191122 0.706512756219683 0.495071117099985 0.885415766432008 0.903617471946357 0.786529223789101
"cg03024489" 0.824963165811112 0.694370854747201 0.443681587817912 0.778543106334663 0.850801968549954 0.771980459152377
"cg03984502" 0.890678973814597 0.78385115859398 0.519449108565122 0.904737380978996 0.904100147628788 0.81237461330284
"cg09318840" 0.513964247935659 0.604321101062625 0.166943238708926 0.459661313803139 0.506073116517604 0.442273041065827
"cg00644351" 0.925619566906336 0.818033274408133 0.577690147785893 0.945607516179374 0.952315811665379 0.927756091815029
"cg22144450" 0.710479757309077 0.707047550405422 0.41558176922824 0.847213902082832 0.820250194536644 0.642010912648478
"cg01949403" 0.884919403932093 0.889531963782343 0.541962791700603 0.887964704064305 0.885493478271099 0.828664120872947
"cg12344862" 0.840310886638176 0.813378658142788 0.480354772749537 0.838074891196048 0.814172383070102 0.742285211970203
"cg19410791" 0.477389712583226 0.455833986354867 0.14875661580913 0.52410644284329 0.482994577476279 0.453292631637609
"cg00702872" 0.88189189173583 0.769854103405416 0.502013317480122 0.895190416503969 0.869410697653518 0.688141125927089
"cg17851021" 0.885901906533089 0.904197860708729 0.560672961486963 0.900876096922993 0.90122659201364 0.839083430486534
"cg18224038" 0.859560847567345 0.718159298383773 0.476481176365502 0.785172571944664 0.862190744086376 0.760281260010426
"cg18830527" 0.458621960000125 0.457542284179267 0.126220822357362 0.440644346983329 0.446724722428844 0.407927509077169
"cg27445883" 0.845646325314331 0.792732370975905 0.516979514992275 0.843273669496502 0.850877580768621 0.824875356127948
"cg10640333" 0.0901136687792137 0.137715536437914 0.347335999705312 0.148713728427009 0.0903038879146727 0.226156897759034
"cg25496930" 0.104262988123029 0.170004619014541 0.350437299316855 0.100739075566958 0.090728364190081 0.183122732239755
"cg21222743" 0.0427525760328407 0.125039155269734 0.305330470936666 0.0463117443859703 0.042466520575884 0.175892681748429
"cg15772366" 0.0376376758048097 0.047100979418704 0.291663530724556 0.0696558196828396 0.0418650982988289 0.158542067615145
"cg13860006" 0.0272887787326223 0.120277142087793 0.285341501483865 0.0222071924945928 0.0215383341505785 0.129316759466
"cg25570278" 0.0377316380943541 0.112498654555142 0.310016591334294 0.0984684314224699 0.0424531343594689 0.155359134463367
"cg11198589" 0.0712546638109285 0.192481956875346 0.342527282019331 0.0907776229411166 0.0639603124552109 0.181990447600113
"cg25607121" 0.14289635375799 0.25109252629949 0.407488198645161 0.13580046233372 0.140481597286039 0.251318632698019
"cg13790603" 0.0343860403241999 0.0781638818610678 0.291779863030447 0.0402999176235808 0.0380878064504761 0.124962155834869
"cg08668199" 0.0301707483004477 0.0907362807024679 0.296567231682862 0.0463639287092155 0.0206923356757998 0.1690235054081
"cg05637536" 0.0495139886934174 0.171752789029989 0.323920532436517 0.076768113152806 0.0434243643667356 0.141156817349507
"cg10536999" 0.021884173400277 0.14804002933918 0.290421661699907 0.044506725936254 0.0247028349888601 0.0580961381338271
"cg01435401" 0.0462422790112005 0.105247562850216 0.329598762313376 0.118331936425557 0.0439896473831024 0.211709374931805
"cg16587616" 0.0963936397494546 0.0930554356174484 0.344144439931869 0.109600050092893 0.0854762738660104 0.186765548712548
"cg18603228" 0.0796681010507091 0.187620717040615 0.361065600878244 0.14880465230393 0.0664201179478384 0.159395090764153
"cg06007201" 0.0528679962485845 0.153350601243466 0.338905194706138 0.111928684601865 0.0576092636573392 0.153209988869493
"cg13928417" 0.0721116296283606 0.0887696745912553 0.338009206747447 0.0716140563081108 0.0605029374634895 0.240939701654484
"cg23970275" 0.0783999630458216 0.129386597552243 0.356318611646399 0.0904019916156552 0.0799638620688781 0.236772991605283
"cg19078576" 0.0295847247686885 0.0496856487684035 0.289532477091754 0.0172808270731707 0.0166309975013245 0.159616436568415
"cg06624527" 0.0964438832668733 0.0642405136080991 0.364923713853163 0.163978960147843 0.0942155134595041 0.22502350844561
"cg06154060" 0.0512203755655662 0.167639971304926 0.330915293071551 0.0508692454864114 0.0372471578495476 0.159397747137123
"cg21092324" 0.0601057388045 0.141938791240433 0.34159214992261 0.0801470781660092 0.0464939601827996 0.198695046973444
"cg24235581" 0.0156795779939173 0.0189207267864967 0.279845354423635 0.0143036039232934 0.0145324001632976 0.125052539804468
"cg10061361" 0.0435421922999404 0.0598337800994831 0.322228722828964 0.0732149693888345 0.0359499770900262 0.170539693878715
"cg13763181" 0.0468467218307348 0.128860035948744 0.360067903427268 0.0932352652362208 0.0708567378576186 0.212950847305303
"cg19392656" 0.111379336769949 0.26546178159418 0.424206674251408 0.155202915199727 0.115887064852134 0.203943818844715
"cg11231949" 0.0394683852157032 0.0652477575601656 0.328671422196834 0.0955040756112158 0.0374071742190712 0.130806242552305
"cg24441440" 0.050725826847692 0.195681942549446 0.36630947701596 0.100894302749105 0.0473448054328301 0.173347317739439
"cg17534029" 0.0281169479687204 0.0981627076266664 0.338054514757454 0.0973163058151905 0.0262519835322698 0.169412653255233
"cg21208682" 0.0463573451781741 0.123050418222847 0.370217994408 0.157682045390643 0.0441444040062953 0.199869993456203
"cg21467614" 0.0813393732817677 0.178601300125588 0.394819884552191 0.0769953247994821 0.0933288765632514 0.242885964689244
"cg13354934" 0.330934118190779 0.480055553445315 0.657100494952662 0.384105766396597 0.337779240951475 0.404619563539135
"cg26268145" 0.0949967107932631 0.234618551868427 0.430410304943437 0.148540867051382 0.104389302258989 0.227262299108177
"cg12097222" 0.0488717953236083 0.0531161429562916 0.361554599762841 0.15781278400201 0.039355082856761 0.151275236956852
"cg13637654" 0.138584833322917 0.223220725595378 0.454987466449874 0.121978510230814 0.133479794076715 0.306011021241238
"cg22620363" 0.0391400915905937 0.14553651144683 0.361057544868044 0.0636140850678737 0.030904679188129 0.161119310465919
"cg01896761" 0.101869019033865 0.188842705086799 0.413673206814306 0.162749727012335 0.0811239845033248 0.138296063724773
"cg23068939" 0.0332530000918843 0.196223069527349 0.377805483514554 0.0894545455891416 0.0272032105324704 0.161496522334741
"cg26584337" 0.029725893069068 0.123957140220588 0.356137575251974 0.0329178609713668 0.0321396851646813 0.178841506577005
"cg13904970" 0.0258458687885587 0.0592321989718401 0.335090674067977 0.0116238090725997 0.0137792427160573 0.155529661031029
"cg11429292" 0.0666794125085974 0.122718698198551 0.386134025023468 0.0519400822294095 0.0486761398548936 0.183446255919185
"cg09543427" 0.242646555862159 0.395364099417032 0.58786666630865 0.297487511040139 0.245610893343219 0.277333161332983
"cg21543859" 0.0677125042443085 0.16568575221015 0.420417367250151 0.0753708540283476 0.0657791707409179 0.153593077852548
"cg12480903" 0.125913703765271 0.192935455459063 0.499528474329929 0.226285368727957 0.119249465037737 0.218563749681308
"cg26173847" 0.0520681588549221 0.186074299497432 0.440163277619816 0.0564104099871364 0.0501045260783525 0.264606921125361
"cg24215978" 0.0865771714584253 0.262464806127256 0.482159922560934 0.115838722694245 0.0778575135262559 0.243715386337406
"cg18457597" 0.0695810225837752 0.147744048179599 0.498634655204865 0.256658325283207 0.0840448533924048 0.25541860327714
"cg12477370" 0.0534834440951768 0.162487277198408 0.479732745658203 0.0488668917031978 0.0380027104827152 0.13003820348679
"cg05520031" 0.0894798480920146 0.231169844579621 0.573370744010582 0.0828512366528984 0.0855302234603905 0.333499661452414
"cg08899626" 0.121534763910211 0.324676687981982 0.630403752176194 0.163399341087779 0.107895788897259 0.354833280625422
"cg02665297" 0.983853316942535 0.974687743591958 0.977461292969347 0.0663038862557751 0.977742493784852 0.960151374381741
"cg27106643" 0.972339206711461 0.960543089665846 0.960940109614702 0.0948571388045584 0.942484469241729 0.92022323584312
"cg25131632" 0.958309692493594 0.932063699258868 0.882485019218726 0.076229062444939 0.950697420172613 0.905037085611008
"cg01024458" 0.941508288610808 0.883066536733723 0.878177040844411 0.0643707739749124 0.932572924316852 0.893306576467316
"cg15348679" 0.914414582958595 0.920832568355424 0.958710416470785 0.0718860096365364 0.870092488972802 0.927562088600467
"cg13738327" 0.97281794149398 0.959679324605359 0.909168496388858 0.112426921855408 0.966684752912085 0.90906557962072
"cg07721872" 0.932760161610563 0.928467527373134 0.929351254639364 0.0958172842447343 0.929024533900059 0.921516190698699
"cg04828493" 0.976541501057428 0.958765163932077 0.954335804440881 0.108598394855205 0.88056380035438 0.877700290969536
"cg14936008" 0.917038842521383 0.904267657067526 0.924627027983116 0.0910140932219539 0.913305369039605 0.911241541506672
"cg21596498" 0.910077856477789 0.925232646160275 0.932671851605694 0.0947981758099315 0.918588738885372 0.901105982243715
"cg16210395" 0.923419264367395 0.891407410852376 0.841919610027506 0.0696862235317223 0.922843742039795 0.843609157687601
"cg17768768" 0.976235102885894 0.967359830128808 0.971007843016355 0.145989684760284 0.962060413288176 0.949786098855023
"cg20602300" 0.918996404681922 0.924571350314272 0.919953585537739 0.102416235974038 0.91993339250356 0.90527861535194
"cg02212339" 0.965199816091427 0.960535240688188 0.942431890547239 0.137912853909026 0.949443767448564 0.933232245748386
"cg18250453" 0.911852757193684 0.895837567034338 0.889593406830564 0.0855339975697524 0.913117207164801 0.860213634446095
"cg11661493" 0.875932782597381 0.888373093582081 0.87805270627814 0.068150184891659 0.882901467729385 0.866434159097029
"cg17232476" 0.910592570406044 0.891609630861876 0.886746205853324 0.0774945229249001 0.858871634026498 0.882220166843812
"cg16308790" 0.841878156152635 0.884751079618943 0.882027572598123 0.0553966278973059 0.851151244238276 0.849350772812484
"cg16148346" 0.904849283553704 0.904581861559044 0.892779825163467 0.089984475452006 0.878342999262657 0.892915783412753
"cg25683989" 0.878436889429967 0.892909909987346 0.896628950256434 0.0810852729559391 0.881476056994111 0.869435463784398
"cg23683962" 0.903518331524139 0.890293622380199 0.901286362209412 0.09292033209909 0.896529554297704 0.882500540298416
"cg26552743" 0.8634153043662 0.889055716610242 0.888200480940404 0.0690522101452133 0.861552724090648 0.858163600816047
"cg15035590" 0.917475210613739 0.918820517227938 0.910217044382658 0.107591609450931 0.905976337681796 0.891253502566729
"cg00760938" 0.881497104397612 0.895350166974455 0.875340188272848 0.0772029815000867 0.88439620715641 0.843507094991668
"cg14066207" 0.95576377647001 0.845809004131299 0.841340706076464 0.102286753952915 0.947457303205528 0.895255408665319
"cg13356455" 0.885783068483248 0.883947651592499 0.841807190272915 0.0731652574903584 0.881174104371332 0.864408511981852
"cg17995557" 0.898252042629403 0.901634267382653 0.884845055635425 0.0812674459947514 0.887779803514879 0.804702233358121
"cg05579731" 0.874052689091214 0.859423567112735 0.863881181987833 0.0744680580983659 0.895551120793172 0.868133892428418
"cg22212560" 0.897184827286688 0.910806658860638 0.920030000953023 0.0680993510443033 0.752682841219572 0.8769429553155
"cg21743182" 0.882599207250966 0.877584262657918 0.876581415244961 0.0775845469106163 0.877969168817506 0.85253112913579
"cg26692003" 0.985308662597312 0.972605666954247 0.971138805310523 0.166279730502705 0.953443041515571 0.91913418349179
"cg22498365" 0.914705586548523 0.872820096205487 0.88581848403851 0.0969208303271166 0.903675039994966 0.8735931593518
"cg19276014" 0.986138191136427 0.9773786885369 0.978247202391963 0.181071243992184 0.97421063617086 0.960592329784396
"cg11774624" 0.912829388452392 0.94947500439765 0.945209409712381 0.127349623189164 0.900110406410672 0.890747777487876
"cg25469923" 0.894360916894073 0.890922328506445 0.887714374912698 0.0931422020766692 0.888927740336569 0.848393579180655
"cg06889975" 0.861951971127079 0.911849950094287 0.895864485179592 0.0973286222238752 0.885128801923576 0.891337622419935
"cg18184053" 0.855278147799664 0.875913778937245 0.812755902572609 0.0490088165452132 0.84869736645594 0.776510789253964
"cg14482811" 0.933511030497493 0.961138386685759 0.907501609167718 0.11957394308089 0.923421906739759 0.772520797060798
"cg16654610" 0.874847599722261 0.869623399868886 0.852618974977489 0.0826231915943076 0.898778475077865 0.845149677640208
"cg15532942" 0.897614107899601 0.882993620394489 0.873484567979418 0.0964100995073214 0.896834716120801 0.854313467363883
"cg04838847" 0.98150420773271 0.979564563964404 0.978193406161621 0.189403342163312 0.968736403550748 0.963364369789459
"cg07597976" 0.825694424612875 0.866954905248798 0.872465604165974 0.0521178894317402 0.813740983811028 0.804338847499864
"cg12976793" 0.924406987154035 0.898903439136442 0.897235872701259 0.128515220536547 0.923388172364373 0.900797918273474
"cg27565966" 0.875242143705517 0.892646351044644 0.871541094924885 0.0924135192193168 0.87222176826348 0.848833886232384
"cg07698804" 0.960580878742022 0.663190346799051 0.7746053094648 0.0483825194547501 0.904389280833592 0.775364822313446
"cg03402235" 0.853200842928252 0.901449787922954 0.916933144950255 0.108595475338271 0.885816717025143 0.894972819148048
"cg22381248" 0.882852050874597 0.881781061142738 0.868212837195484 0.0766999034891149 0.811430965403734 0.82968837348402
"cg15241519" 0.928904431948905 0.912860599375167 0.871251386147335 0.105514236575861 0.82310480329687 0.881974604311053
"cg00762029" 0.926608504576384 0.930498422276206 0.927883832962215 0.151914597548401 0.92959142404761 0.918739178167845
"cg09469986" 0.890297154416178 0.884754296020592 0.852654238705891 0.0999817189569518 0.883537325844242 0.852576443278835
"cg24838825" 0.0703350687731758 0.158878236146456 0.051878207607734 0.558967103382125 0.0517597160148249 0.0734658944680162
"cg24199006" 0.0440414872371533 0.223930570146116 0.164787311170304 0.607123687350636 0.0573724273853427 0.179958760373203
"cg12870750" 0.127351891787841 0.123742273452793 0.120638637025982 0.690493894657426 0.405467872108727 0.236928077867625
"cg25110523" 0.239359508288036 0.492435195969666 0.221201932567361 0.784586114705471 0.327742943170571 0.177156740188043
"cg15978561" 0.0332088146813138 0.0969920741690513 0.180418065935908 0.595754727019475 0.0477619966536971 0.246313008379347
"cg26427498" 0.0405602927295029 0.161038160682391 0.201356802445135 0.626764512062029 0.0426986370482031 0.337510758874161
"cg18081760" 0.0497118469447583 0.22776059566703 0.0806320892005784 0.598982190090716 0.0701763264395531 0.112789504871589
"cg16677191" 0.0689081944076088 0.223254284486979 0.286239705832486 0.695936379009619 0.0941595687431291 0.419689184129786
"cg14595786" 0.0665662758813074 0.0686799571536262 0.0579792931993699 0.566030453261609 0.0635754670639204 0.0679791225826167
"cg22222999" 0.0541571658213509 0.300963374464366 0.121375928247498 0.634603238171765 0.0841000267792666 0.125882196282353
"cg10057264" 0.0806546583956876 0.0888705386854763 0.159344581855369 0.62797117549669 0.132400591567149 0.182865744580736
"cg25753024" 0.0239159405514473 0.0368885454287373 0.030668356147426 0.540622703727392 0.0409891981309011 0.0514983501367261
"cg07249939" 0.168141373101338 0.45930303287892 0.209403795505042 0.747576758811531 0.225767734873903 0.145998463526423
"cg06399735" 0.157230655525157 0.200446068989616 0.286775677510288 0.695270802544644 0.0751614863131558 0.288273743378917
"cg02304370" 0.400004039268584 0.246813401892566 0.277598468135258 0.875893084461446 0.372865459115412 0.570809301557838
"cg00902153" 0.0811495009581367 0.0850909427213776 0.0974981420784684 0.651194757368441 0.0490763052553269 0.417404750911321
"cg13924996" 0.0947702000288919 0.415497794518792 0.0872628540389093 0.719284695438217 0.223288550549884 0.148024884839089
"cg03261800" 0.240396210331155 0.314148168005072 0.399472842359807 0.822227308740835 0.242229672491566 0.307035507944672
"cg10825530" 0.31788887728579 0.211780357518259 0.258110427971462 0.765385861514037 0.161206168940993 0.219743938691797
"cg25518868" 0.0416631817688096 0.0476382227733437 0.0532762022433521 0.591635660357356 0.0466518373623171 0.137847494112537
"cg21291385" 0.064506557868277 0.179309205081165 0.121268739853023 0.70989102480078 0.340782275082346 0.148111776533274
"cg14284211" 0.0368562136061784 0.178532644574859 0.194744771566256 0.68191294328321 0.0444452477183815 0.380965317811026
"cg20450123" 0.0711983146430951 0.26671732881437 0.187867712825005 0.699156144079319 0.141541107362634 0.147567234575411
"cg07725527" 0.109130714896197 0.12373787642554 0.104073236177055 0.665511511437402 0.144274347165364 0.139522484152957
"cg05870586" 0.0502092931505113 0.215916541484021 0.315624831677215 0.770021594410076 0.265512071520974 0.358829159794706
"cg15087459" 0.091088335921548 0.125050952824936 0.134036046625074 0.723684704380011 0.25205996709474 0.349014597791928
"cg08698943" 0.411964796137441 0.300013451875504 0.358850382037849 0.842717540207504 0.117231523198091 0.307133478856768
"cg09849688" 0.0480764131755465 0.188999733360227 0.149954899287699 0.675956659642632 0.0666628099687551 0.169347887972434
"cg01054402" 0.0520372636645984 0.109061400481281 0.144581691852764 0.770508319764187 0.309074179095877 0.461822107781328
"cg02734358" 0.393312478492007 0.0906256973434482 0.235625699892852 0.751826251550363 0.0473108169361727 0.0751003314442014
"cg15595502" 0.140371878514271 0.385392641704135 0.298294307284375 0.862339021226845 0.204754244221512 0.50235519446003
"cg02779913" 0.0358846595613521 0.38459771311938 0.28732770727483 0.754058902419812 0.0375328476620392 0.201185782284439
"cg00970435" 0.0854663789772308 0.199118105738001 0.0869691852961508 0.736609166634707 0.263005712853037 0.133270405230583
"cg08560387" 0.0277051272378385 0.037932779563966 0.0401142730532393 0.651314900227992 0.0444717410802607 0.0612168842436862
"cg14574996" 0.113028493120835 0.463673730734667 0.374823147794931 0.858520987139227 0.109354192616122 0.219326819717248
"cg08682625" 0.059415275104109 0.188326974151736 0.278176917984809 0.794663403117939 0.0701130048586438 0.371623700309243
"cg15906007" 0.0786728391213478 0.109650070522732 0.0789905619324858 0.750358651137072 0.255906003759825 0.0858093502792365
"cg00619207" 0.44388343880015 0.0686995161489285 0.0573565878062722 0.811368560464732 0.11329504876487 0.109058649282405
"cg09300089" 0.049059792803769 0.416470211632862 0.174480547695971 0.809942168640327 0.0580218347157803 0.122084214372835
"cg25616055" 0.0337280447731685 0.0712110203837804 0.155536405355165 0.775719029872403 0.0978747471580376 0.216920252016636
"cg00058449" 0.131632298279663 0.533558761251552 0.127948855037107 0.904449671384515 0.25724872657129 0.104683445317545
"cg23357708" 0.0569752957640935 0.204536062705693 0.21718783786003 0.826494012527612 0.0612331612139296 0.16423545537842
"cg19269039" 0.33838019445104 0.0495112200292586 0.0338261008298961 0.837794217205513 0.093606772599565 0.105289843531807
"cg01156249" 0.0552524837483851 0.232640473301581 0.306566695689384 0.912350771890234 0.0491994301304404 0.540607862114953
"cg03429643" 0.0328243281893911 0.0535930220729745 0.0411741591513681 0.757847839189049 0.0509725128209454 0.0729856507092587
"cg17266282" 0.135478523055746 0.161517325969005 0.272845938941817 0.900784011847243 0.124428181245706 0.249223385002684
"cg07635227" 0.0243626039110166 0.077609323396116 0.170218197517335 0.834260442661525 0.0290339040532216 0.33863222050761
"cg02606840" 0.0256177657690765 0.0516197410953574 0.0295646292898995 0.795734279079341 0.142818676399291 0.0784880515764921
"cg14317609" 0.0489696159342586 0.0685654514669705 0.127447657493492 0.804425985996039 0.0512493010686354 0.097748770357324
"cg08864105" 0.0505670782544262 0.0537163597704811 0.0650455775685542 0.831169650226602 0.0633333629206984 0.112202185066691
"cg26872907" 0.959883691891564 0.866222055818464 0.957754910599665 0.958553183808229 0.102194277371253 0.851411146076985
"cg23244761" 0.976625635523753 0.928039011651842 0.98042038607355 0.978398380947001 0.145492127295283 0.902555679111626
"cg05923857" 0.856851341721787 0.78765820178357 0.938794170841071 0.932363059454808 0.103720644716574 0.85360324541364
"cg10480329" 0.862452953142979 0.90634029900818 0.929329355994872 0.925235139300215 0.147328532595576 0.874945015285356
"cg18066690" 0.917474765055195 0.885734800047917 0.916602747560241 0.913511642572572 0.15509062786628 0.877315471688926
"cg24788483" 0.92628249738144 0.876113511195187 0.966904265540605 0.956465936759925 0.174974634551156 0.876789100809355
"cg12655112" 0.66952342454841 0.868459285605374 0.948778938300972 0.883927828622689 0.103652387456517 0.87577152559288
"cg26538782" 0.844874962336775 0.865725088831965 0.917912845229469 0.707810743468955 0.106342085766974 0.850924471504584
"cg20610950" 0.575110079523645 0.879236183539599 0.933867965397357 0.927443521697874 0.0960923534340023 0.873911438201209
"cg16636767" 0.877061364656909 0.878591968877403 0.908435809541605 0.888376819705499 0.162395090745158 0.849504217010728
"cg10624395" 0.921085948965092 0.85980569553911 0.89807241299358 0.898442097825758 0.172192052989688 0.846209598629627
"cg04468741" 0.857942417750583 0.852270166930393 0.900732155350959 0.919131458386872 0.16132342040588 0.836297062359646
"cg00701951" 0.657428674338317 0.850681808131118 0.862918378290537 0.915803402465635 0.104001920395914 0.825616324101273
"cg23391288" 0.927768049055534 0.827994808402479 0.895732822043843 0.8613824012489 0.167572449291794 0.838336135454592
"cg18990407" 0.841900197450451 0.918220989810533 0.964073333517435 0.670680483939586 0.14874500225683 0.897002352234149
"cg07002540" 0.722764471168315 0.815380991855294 0.885154609795456 0.889833746298923 0.11358025420066 0.785917880741087
"cg14109551" 0.773076252476149 0.872689079747409 0.911758351253209 0.924661850015437 0.16191376615732 0.844690286582412
"cg20641531" 0.656957671505178 0.900365074863119 0.919240948959219 0.915654442041517 0.14530430846667 0.878363021904714
"cg25898577" 0.743572238735255 0.871530937818488 0.875038636152204 0.91651939784765 0.145639929665073 0.811305254237906
"cg19301114" 0.827920300696549 0.748919609249911 0.797896087762301 0.78440609280713 0.0863188127218342 0.715397531984585
"cg14583973" 0.759493398993223 0.816601143064045 0.866457808788019 0.723579207239289 0.0918416409734266 0.75947308433574
"cg08694574" 0.688387078816423 0.864523712648548 0.914764571192659 0.902880806977952 0.143842008219777 0.854288112799163
"cg10278149" 0.653767753504552 0.855516124150908 0.885753201231658 0.847789518078155 0.113395912652673 0.825615660700559
"cg08908131" 0.870009874248794 0.80490818296192 0.791456387807318 0.855890103847299 0.130947400189251 0.760890245386133
"cg02244028" 0.8628972068608 0.864758983657572 0.890264589785809 0.896922730580458 0.182107384219022 0.831535267396715
"cg24365417" 0.731439245104803 0.845806991757688 0.862973789531221 0.875084694873331 0.135920532568478 0.790389462309147
"cg02780988" 0.838726824554961 0.813870658883566 0.82373906583399 0.750856636997066 0.124719240692077 0.785971182068877
"cg18835472" 0.652181754358049 0.814869714204959 0.888779869371962 0.802956618802223 0.106899373194246 0.820201655395463
"cg27366072" 0.747833255663626 0.884742760497505 0.899547243667569 0.80948896243054 0.153432614690785 0.840453702375176
"cg19835973" 0.956849661949264 0.866503171608163 0.931330064529705 0.967041468478468 0.246579335830998 0.872779684402366
"cg22675702" 0.806125260807815 0.81551780177214 0.847280612731549 0.821818311183429 0.141622313932575 0.793891716537297
"cg06297318" 0.779509636886877 0.822606597173316 0.853200158009746 0.833023489820579 0.14145538775802 0.80107466184411
"cg12422199" 0.863359172544252 0.778578230450562 0.864724435094799 0.61009060791148 0.107081631973714 0.744998687956092
"cg19358608" 0.50091467919413 0.849593176335286 0.874041638002534 0.88187028420999 0.101779293190116 0.829682770477122
"cg05242065" 0.797669156520108 0.733673571865561 0.89298104614145 0.84852016303078 0.154570495505685 0.842231334635557
"cg03533256" 0.700739286945833 0.75178926813142 0.737726750639207 0.848465915817323 0.0894928917940709 0.721020961185341
"cg09322573" 0.581876136426862 0.85420500658245 0.880755442444764 0.814013953841769 0.11725568653928 0.809088962210996
"cg03339817" 0.973019640269805 0.938494659088712 0.967534686201764 0.643381382131088 0.230407687231846 0.908589761474989
"cg04478930" 0.77013651991352 0.880151114803975 0.905687184733273 0.812258492056669 0.180404842117477 0.84785545864743
"cg04851465" 0.801858764830184 0.863742706153599 0.896880454462874 0.896778763121817 0.20013024791187 0.846986854779198
"cg11231069" 0.952976423742556 0.811047832994436 0.809177227853859 0.56656543146257 0.115863923217831 0.658270484570007
"cg25376491" 0.678619990684557 0.820891353115344 0.879370181116597 0.891725383387361 0.152540257255544 0.81687332350972
"cg13290254" 0.873573300289711 0.89879709205497 0.92654269601407 0.853407977523688 0.227092496657476 0.871583899934429
"cg01024962" 0.849008348969833 0.832773997621904 0.897825201625177 0.684897570379053 0.161931521451258 0.823060885486456
"cg01041239" 0.763141306407667 0.730390526514501 0.818351057642524 0.801512036541882 0.120784706774201 0.766111624920182
"cg25517015" 0.664156249108788 0.811554740670724 0.844591190806604 0.895421195005268 0.142242364054315 0.799310356416054
"cg04045544" 0.828314973280005 0.845142382324828 0.872763008882704 0.862428803865926 0.190146168788713 0.803591453703766
"cg01476222" 0.890663427712717 0.854947926671741 0.77813335338233 0.73478542991337 0.145843793587828 0.681966554872103
"cg23146741" 0.779756516673814 0.761382111383209 0.764190244187097 0.718063472189939 0.0994327257241018 0.694418936127872
"cg10927968" 0.810647663278855 0.914113152457325 0.955357370486798 0.897697376804753 0.244098213848033 0.897318076976932
"cg25116200" 0.0532746992945223 0.0486033044885448 0.0495795259525164 0.0495944000797217 0.0811538480242984 0.0483015864408793
"cg12584718" 0.0620517424932851 0.0734634680510043 0.0668581855692929 0.0647471259618918 0.0980377345823199 0.0695769994607011
"cg04947157" 0.0282919691570602 0.0270902753586962 0.0268606949388042 0.0265860964493302 0.0608874582427901 0.0282056007660101
"cg04606170" 0.0433497159306085 0.0355052454355487 0.0289814665104038 0.03164784474556 0.0711752349088678 0.0390713592433305
"cg14654171" 0.0259228875389179 0.0347865278625829 0.036232307876698 0.0468428476986756 0.0861287181825708 0.0549206237822597
"cg13066703" 0.0265567554710337 0.0402247951161848 0.029256542597378 0.0335762080404483 0.0803053944529526 0.030386214098466
"cg02016178" 0.0367758130811685 0.0192941947377022 0.0128989183941261 0.0143897740795998 0.0706629810593068 0.0170628921458594
"cg10373891" 0.0611477514375635 0.0399859948015183 0.0382644436008024 0.0364157828163138 0.098995000418145 0.0434699939689498
"cg01367627" 0.0543246169287891 0.0471707792618226 0.0472607763470569 0.0467418114628998 0.108463065897405 0.0629264993987794
"cg15791438" 0.0646177464380165 0.0548976915686665 0.0484239023080402 0.056621665200693 0.117535634155365 0.0636137043685527
"cg23763137" 0.0430682361044715 0.0411920293559301 0.0429477703986516 0.0411850817315826 0.10450986617356 0.0553361859650199
"cg03849755" 0.699331830930691 0.700935388839606 0.672037396437416 0.70304567872268 0.761814886709277 0.686385324634034
"cg02720566" 0.0756754345438787 0.0731982829773278 0.0727253313351301 0.0697050028455042 0.146007659801092 0.0814386663825021
"cg07584558" 0.0988753200392221 0.0740303355297189 0.0696495347342182 0.0729444609966023 0.163068469118561 0.0836755482225174
"cg02237342" 0.0233539540949438 0.0291001537975219 0.0200746216923953 0.0233576851741854 0.11285052377059 0.028046660937676
"cg15831285" 0.809766274974471 0.775463251697656 0.769872984291905 0.780812375463047 0.873025940073907 0.757875597727118
"cg02821342" 0.0591717300868725 0.04444016160803 0.0325332637277414 0.0650406316064763 0.142152133652542 0.044143087415325
"cg15384400" 0.0757015584344484 0.0812704160854649 0.0647526864818877 0.0737445499285335 0.169844806654829 0.0940302148759029
"cg26572165" 0.0899790240079591 0.0655153340764845 0.0428444078054455 0.0896541181723859 0.173242648317583 0.0590636044228327
"cg26106921" 0.708221901163417 0.65496927836628 0.669835044044148 0.691463115550988 0.791028603813189 0.710658753675403
"cg14145194" 0.134067917321379 0.112507802808345 0.107168232190506 0.155580089178089 0.272767003110885 0.164563184413209
"cg22563987" 0.0988076131551733 0.0289095798148713 0.024611420184178 0.0421694208201411 0.209118173363682 0.0519585320690891
"cg08280936" 0.140230018219635 0.0694934357290082 0.0603268250105351 0.098153460601243 0.255614999330942 0.110685365810515
"cg20660269" 0.0314758164819611 0.0292520316116283 0.027308089126279 0.0224101279353651 0.209820241903377 0.0613179081199935
"cg01881899" 0.0589016539535382 0.0663198383133514 0.0436674436421994 0.0500347995813797 0.238933779677912 0.0862443257905102
"cg06347943" 0.621886663640703 0.690198006646869 0.59667115619774 0.662994712784358 0.836451516521432 0.695720199533197
"cg10944833" 0.104451241725643 0.0775366526322325 0.0562294532803227 0.141453694341035 0.281341817075602 0.0775148686082675
"cg12182124" 0.16110920860939 0.100948130579225 0.0540551412879754 0.100991283496962 0.295317638415837 0.0913153061980451
"cg13027206" 0.0985872468326439 0.0916721297987255 0.0524020375317733 0.111732158605678 0.281730325371601 0.100343842537236
"cg19631651" 0.690553368441789 0.630907816673162 0.558697987472154 0.645594014304298 0.824093549953302 0.607593621023464
"cg06975311" 0.169295536279114 0.157095067673826 0.0969941618850402 0.0666259953705533 0.332036420815594 0.149401113932482
"cg22708902" 0.118299239427758 0.0430364908427338 0.024933653281593 0.0369154636803854 0.26142045264187 0.0480766898330917
"cg18582260" 0.123695371192929 0.0560660600531347 0.0867087623633481 0.185582067738178 0.346795372461512 0.0940603806459065
"cg27506442" 0.153339608927555 0.0332143098551099 0.0164287885477713 0.0426554854288181 0.304309237948281 0.0524514715059583
"cg14959260" 0.492650462183343 0.540587020061413 0.425253116012247 0.55173234393771 0.757789851380556 0.532557261173593
"cg00782811" 0.253488624996546 0.248886637111934 0.179825439288351 0.321528434180841 0.506173885312349 0.163559382257297
"cg03887528" 0.336002689415942 0.247118641387458 0.31724987337518 0.184128919667444 0.552919731428608 0.231740389046861
"cg19574915" 0.173542962890809 0.138811904320167 0.18572694582959 0.135308594381424 0.486449415596638 0.357795814494323
"cg23053742" 0.145802246584009 0.153186908897659 0.117153994209039 0.158473307230336 0.442927068761878 0.145366839355328
"cg04453471" 0.256012375965851 0.234751143609634 0.187203261058127 0.171824874899011 0.513743470031548 0.134871231658987
"cg09391405" 0.0834206435414176 0.147611269252036 0.132789587168389 0.215119830866801 0.483768727060701 0.300016648757184
"cg23358740" 0.100096161155807 0.091965068074703 0.0638534653543372 0.293708730452842 0.472154654818406 0.213918643200364
"cg10768932" 0.0402889971456285 0.0709042402652591 0.0425476158762211 0.0422700922575564 0.442118663501849 0.0822626630134438
"cg10578938" 0.13803640807233 0.100961700821996 0.0782953071485251 0.120248337551746 0.553415653538485 0.272762803905727
"cg08224785" 0.255656477177096 0.165392572717149 0.167801459979126 0.220941743832324 0.762712761903175 0.545565725751607
"cg11977716" 0.326881001809998 0.094128119168349 0.0687842794986596 0.105994346391318 0.686139785541024 0.161319981425616
"cg23213217" 0.13421232915287 0.169445303796958 0.114698308867321 0.413052828167481 0.775154463318077 0.436578802064067
"cg24957609" 0.452445700454247 0.143050688203273 0.0743237696926362 0.137623508815379 0.776905525943284 0.146076282191576
"cg10639435" 0.369027595046465 0.110023422561717 0.0512631784877592 0.424294160767784 0.802283843416939 0.143379763285182
"cg03795574" 0.0888591409156169 0.123529181388824 0.159865456619932 0.0715288056605502 0.759739278957401 0.312122859113165
"cg05875239" 0.931748488956836 0.921470153635108 0.727170386013049 0.916470573693588 0.915826024405381 0.279313128967409
"cg13617280" 0.833414968308205 0.892606810358095 0.804232829131299 0.912367310438087 0.939358463345346 0.2734610920061
"cg03538296" 0.902450112515108 0.888700180293517 0.646634312579521 0.892930207115119 0.912369707337938 0.270376299061807
"cg24430034" 0.990817797170621 0.969652975961893 0.82209956454249 0.988675474063997 0.989117254676932 0.376887142929996
"cg15956469" 0.96558536524093 0.963876523306044 0.714322548551957 0.967803310941926 0.968308044153266 0.348804316467901
"cg15241779" 0.876016331898296 0.855781625973433 0.614926485393471 0.860482600304951 0.885985598441379 0.265752660147634
"cg09261289" 0.8911648163442 0.878982728102225 0.620631678026847 0.89821801046732 0.898929898381614 0.294546534698976
"cg11335172" 0.890867537878744 0.890708099775675 0.653943860372066 0.920881560721991 0.927366193295267 0.325081919646369
"cg11978441" 0.8958150984373 0.803357578384142 0.594841733280661 0.834567669229562 0.900240297057333 0.280625300324722
"cg26242064" 0.895956929656484 0.875034234318856 0.624545761652045 0.87601516563415 0.904245196303511 0.313455205846282
"cg13828440" 0.839296956292588 0.808040943358276 0.618942628209167 0.74599908288033 0.84434473530277 0.253250523658236
"cg14200211" 0.898041760991385 0.854118623515998 0.610970345150706 0.899544739912391 0.902401915084244 0.321700968645801
"cg20987610" 0.907251477398401 0.834943160805957 0.677211419886596 0.828127137084241 0.761730586964867 0.28842128193674
"cg10796068" 0.879516093806352 0.838403552753047 0.627809854755889 0.84270902239538 0.887226998489306 0.307059779697012
"cg14791799" 0.874067086239092 0.867115045994656 0.731132783407974 0.914021187740177 0.894148393890234 0.356420691194284
"cg19650253" 0.845078951032569 0.792867934558248 0.630543471287157 0.78888317623718 0.819790043653242 0.280041969501209
"cg08326410" 0.924682346718094 0.917472000184856 0.736470128150141 0.923114379295942 0.932135718033127 0.390718224061119
"cg13917614" 0.952345824842045 0.963968067716395 0.76963849248868 0.898089230502767 0.957470428787588 0.421898703141975
"cg15757195" 0.877981963174365 0.79371182900457 0.636333718794091 0.887265932874046 0.884535840296012 0.33653121247946
"cg26275360" 0.870332611778679 0.859025740903038 0.704093822047873 0.836207822734801 0.892147666667635 0.356376979484781
"cg05148385" 0.897300920741869 0.899753697864504 0.741658739411481 0.888952345742937 0.895656732241614 0.388770557447618
"cg01336162" 0.855849550175266 0.807195192069885 0.612067875633453 0.865924400853413 0.865174860709343 0.327879269824744
"cg13995453" 0.889050296144035 0.763031809039101 0.762194881058868 0.894919372006856 0.890557510627995 0.367663177157921
"cg06483505" 0.79560251607087 0.706460067188945 0.567126240311051 0.694417664032399 0.823400510768144 0.251756503754519
"cg21125628" 0.862947739563239 0.7579961163073 0.638706907808829 0.836772354844772 0.873364335004619 0.328089742165341
"cg26102819" 0.743190704311258 0.705937998815892 0.502604453557985 0.686109341103288 0.72412845056037 0.205407050472477
"cg11650164" 0.872882938822326 0.857232134326317 0.669653829486659 0.91838061475542 0.917279202385241 0.380552797775639
"cg24495350" 0.85226216549448 0.714767095027065 0.623886884236792 0.755468555604825 0.859243961051558 0.299177666590447
"cg05355684" 0.913782301059237 0.921707027511284 0.745059070838645 0.929073191391592 0.916808036897645 0.417474876850407
"cg19614454" 0.860057856124249 0.767593708005639 0.645094332598093 0.820570175880246 0.857526694490781 0.326473881477217
"cg15789789" 0.876063184285424 0.864107717421849 0.677880993298011 0.895305216061348 0.891370113069618 0.376286670178147
"cg11251498" 0.786333522738455 0.697985880047857 0.556952924991901 0.687282926295056 0.793099744195872 0.244359349132771
"cg03048488" 0.87747536870353 0.828663426379572 0.612939367281607 0.871773079091997 0.857884262566058 0.350354767443466
"cg26573274" 0.989308099972523 0.96941977453392 0.85899814474769 0.986016026629096 0.987805078784109 0.498237780545314
"cg24620635" 0.829418530150164 0.863797376186657 0.606649690568368 0.873303889441283 0.850826732131833 0.345254549828402
"cg01416168" 0.906293718696559 0.914718363803587 0.73824700583885 0.917180011295684 0.903891000534328 0.418013763705809
"cg01454237" 0.86630134673821 0.826981099813136 0.657479364734685 0.815753977827633 0.845914561923334 0.351327640681405
"cg08786079" 0.859669993644336 0.840915901884821 0.642602784120288 0.806156879596785 0.861727289155243 0.352894733745757
"cg10502149" 0.88144418168052 0.862980734610806 0.653273058765862 0.792734275556612 0.887759040284256 0.373414256994636
"cg05643988" 0.917846156786861 0.870493154495007 0.678904710854395 0.918337607007421 0.905026511052137 0.416591953876521
"cg09363243" 0.87420150913786 0.83168709474944 0.682064608861398 0.871996790490051 0.886369079143771 0.388671815199316
"cg16976499" 0.858792555723082 0.805078495501973 0.621082092541469 0.794248578789097 0.879546384874707 0.355896965158849
"cg25494075" 0.905524395766702 0.900132887746332 0.763336263082846 0.898024873040415 0.915402758209891 0.438625476237693
"cg21180201" 0.875691131732311 0.857555348939445 0.682182389191063 0.830675154653072 0.877351746338316 0.388728253911328
"cg20187173" 0.874873122344328 0.905160828697977 0.6905566015135 0.792380526641666 0.907946531436073 0.399204729385316
"cg19563355" 0.848021204013483 0.910834455232912 0.713698306916386 0.917749791703744 0.887827065469533 0.417903383772358
"cg06713373" 0.842759582726167 0.842334765327151 0.634656218445081 0.726475282380085 0.850666622824788 0.348066851136053
"cg27274718" 0.911336690055224 0.935917567554144 0.862827156025981 0.913510253577784 0.912232526979626 0.473119654567942
"cg14058851" 0.751240649738167 0.902397494413429 0.757654638969838 0.902383045104686 0.795141766672162 0.383536379072211
"cg21828319" 0.904780410635747 0.912817748115067 0.824251771346223 0.726662935494864 0.901263578512118 0.425157235300678
"cg25774608" 0.0355792860828755 0.0445767396164904 0.0724987327709063 0.0752556527917399 0.0379490045110244 0.176470440191507
"cg14426428" 0.0390302698220793 0.0427556765663757 0.080089459376469 0.0534019920633815 0.0348395086738457 0.175805273067838
"cg19760410" 0.0345882478575895 0.0310476782555235 0.060996730653972 0.0292455638840956 0.0341572996399383 0.167187534346549
"cg25296938" 0.0302782803793871 0.0352692492976972 0.0642703314929843 0.0687766594454475 0.0343952905538796 0.175984913276228
"cg08447324" 0.0339509926169197 0.0333531946189572 0.0653052917167439 0.0649866950590516 0.0421112822920904 0.181249535095286
"cg20568305" 0.314334315002287 0.307438852973422 0.349646355658562 0.323727033411167 0.318839220498374 0.461163006090121
"cg14928510" 0.0521340112929812 0.0716970194439121 0.0794878319088103 0.0463457621098908 0.0387601000870107 0.19738610000328
"cg09501687" 0.0710336545340176 0.087566376943657 0.114889088531298 0.131779245509959 0.0725950129243859 0.239473209538024
"cg19776942" 0.08697864071824 0.0712040569239882 0.0991509402765359 0.0796547251882104 0.102441346276155 0.237139878594721
"cg14258143" 0.0106899997214395 0.0118180758443036 0.036363741952556 0.0253481753710292 0.0144458536803338 0.174934121729691
"cg08462306" 0.0121080926480685 0.0132803124843255 0.0308981516827461 0.0233046908565507 0.0144095799794612 0.175730815810507
"cg00148114" 0.0838382438422504 0.0840905310399847 0.143949272542484 0.123690951898958 0.0663125098117191 0.256880402655933
"cg16720947" 0.135618446196662 0.114405581244525 0.14370230888014 0.191132769109587 0.142563926832848 0.309386061122536
"cg05496203" 0.0324367684742027 0.0645213087124642 0.114957202850827 0.0786455324596334 0.0347687406973388 0.227576589587195
"cg00149213" 0.0448964599122134 0.0441602980688345 0.120996194984124 0.0556587947499725 0.0541977223881201 0.229827167378261
"cg04650676" 0.0379695493996535 0.0574263166086279 0.124880541480023 0.0590133740531329 0.0492267874281485 0.236664210670451
"cg15770702" 0.0489586556278047 0.0938061721909431 0.110888207793466 0.0704175855118513 0.0485611542492992 0.247878298798263
"cg11393185" 0.0821543003601514 0.0594056881720442 0.151140068206661 0.1448367903274 0.0829204624647877 0.280076113322077
"cg08635931" 0.0438554395151438 0.081249215246549 0.139072856765885 0.0539511704344394 0.0375435683304266 0.24657689404357
"cg07809589" 0.0481724537628705 0.0806425872742279 0.0817929496882924 0.0644386104790275 0.0630241783088325 0.24492131713556
"cg03907390" 0.0862795956158418 0.0698824161305797 0.140838444106104 0.0572139300231398 0.0759359138313576 0.26542010868575
"cg07101841" 0.0194917958161094 0.0418783027308812 0.115549491261558 0.0438484332029051 0.0229649637573496 0.230518457595699
"cg16066219" 0.132817505180158 0.125470264186939 0.163380216991596 0.057774503359568 0.107979612342701 0.302085389575251
"cg06189038" 0.23017858599934 0.191510954209426 0.249808794681934 0.234480070615381 0.185492469672594 0.407378307637375
"cg04005969" 0.135298929840965 0.175330205682762 0.209121384191771 0.212916755898194 0.147236847474724 0.369851877727717
"cg05604112" 0.0261857413668353 0.0443485511282306 0.102110057721104 0.0538913789531082 0.0245567619916544 0.245603925527905
"cg15794034" 0.0380212361088526 0.0359665992950981 0.105748605675923 0.107942601952388 0.0370455673168203 0.269126814800735
"cg22236626" 0.0985565982875195 0.0992658648003676 0.169964389425111 0.149452315822155 0.11191159558735 0.331040663433388
"cg23045908" 0.0659582885931254 0.0948171236731864 0.130351317630857 0.0633768273724783 0.0991585186825893 0.299769537732756
"cg12983285" 0.0711522697695759 0.0753895594907561 0.126251927512705 0.148819091441094 0.0468241152457572 0.301085323629901
"cg18758585" 0.0280656453676843 0.041877147631475 0.141055559895132 0.0820706122856978 0.030549926354958 0.273656148844888
"cg13315450" 0.0628503394671094 0.0761602769488855 0.0598775300442277 0.058248899004814 0.0812544423592971 0.280263456595727
"cg25083933" 0.0510432522105527 0.0862031444047426 0.16661699426642 0.0813323438286989 0.0539459963363529 0.298725110174809
"cg16277214" 0.0627549869442032 0.0730863485870703 0.11802821902858 0.0856524294401519 0.0642875409163625 0.293375541036141
"cg24254387" 0.0451338081334721 0.0435607028768116 0.0811449220163246 0.0409426873578845 0.0428247159084017 0.271916541782401
"cg10861599" 0.0459480368558957 0.0987213906562479 0.142897783125916 0.126474479700212 0.0476385336524515 0.31520172999176
"cg23930334" 0.0328365599867864 0.0374696302650129 0.143023454142027 0.0348284116286987 0.0367882367381425 0.284345010184256
"cg22001211" 0.108962906403137 0.0617697982552872 0.162664773041892 0.0643990681844545 0.104176200000033 0.333351027556333
"cg27043010" 0.0213674340046318 0.0250133024966227 0.134056010214931 0.0497887620791366 0.0220912850475813 0.305612091351447
"cg01710351" 0.058061382255568 0.0416880312954229 0.159149278516 0.0618725595366312 0.0565974214052214 0.347969626651443
"cg25020550" 0.249310654500524 0.241925877231066 0.261030468964613 0.28307387199075 0.272316113332865 0.545173636242229
"cg23398076" 0.0569867655212707 0.092951778192181 0.179280390417184 0.0723426757120215 0.0560470686819472 0.376524357457678
"cg07978738" 0.133915170076527 0.0940296907940705 0.259766299318866 0.133056582875814 0.139111891848132 0.441916857575223
"cg09421111" 0.226698829702489 0.171771788565217 0.302941848238331 0.169401678183795 0.216752317754017 0.517139917658434
"cg18886071" 0.0455039469220603 0.0434535968677308 0.171060833365506 0.0612625572031479 0.0489982991997268 0.377988732637173
"cg14011327" 0.0502208592637137 0.0668744611184865 0.181738876353229 0.0626909903919434 0.0551453175029444 0.397395790650257
"cg03234777" 0.0752958888314624 0.0630822186312616 0.185725387714959 0.182634223201603 0.0502828210958051 0.434323669137885
"cg27122888" 0.0451614429964829 0.103289732059792 0.219870281211617 0.095659669118868 0.0478054988922094 0.427560607207925
"cg26971042" 0.141980981447945 0.102178069355893 0.274310491859545 0.0722094614292896 0.119948712815166 0.550933934145985
"cg18881723" 0.065286540409926 0.0431116588623919 0.234615271909754 0.0626909054662607 0.0591741515909745 0.543984650914091
