"GR" "CD4" "CD8" "B" "MO" "NK"
"cg05398700" 0.0911328585981578 0.96977871989359 0.969885641137058 0.964292623952982 0.922074651294259 0.965525121673671
"cg22381196" 0.0651024604988192 0.933495156597098 0.940125505825186 0.930081564818549 0.723451123738402 0.919756909450927
"cg25739938" 0.0840459508966628 0.906092962583772 0.912715255935671 0.906983414048403 0.873836031946596 0.889691419337191
"cg00660167" 0.107642340330304 0.9660314146489 0.964579714315281 0.965609091562682 0.755986762565202 0.951482816368519
"cg16802439" 0.116857609639311 0.973272905690952 0.98205950899137 0.973994161408405 0.751858586756033 0.957196856203715
"cg00705730" 0.0871682545057508 0.882846367217162 0.889752661537917 0.910361242056088 0.848297459800617 0.900612135211021
"cg08253808" 0.0785814971618818 0.917380375188966 0.923683382613426 0.896860654693604 0.746798327948661 0.901904413028603
"cg19037107" 0.0930521871520375 0.902621000106591 0.891020804280742 0.911734016690833 0.852039892829478 0.886733252296842
"cg06270401" 0.0842984009113065 0.888142365921152 0.874920397982806 0.905427643442692 0.847319312932246 0.859009571116102
"cg05936004" 0.0844803722060762 0.898408051394985 0.897545924576182 0.901782020290305 0.794268637436899 0.869232214066365
"cg03637218" 0.102808040934032 0.885879705539743 0.879970606736093 0.904898907261742 0.88266377534457 0.872370135006833
"cg15878616" 0.102829417015285 0.971829448198604 0.980622642725814 0.974996723569718 0.566702000504431 0.959132524890089
"cg00439981" 0.0695540471868924 0.920193997080912 0.929083772276757 0.924460713805675 0.607696137348464 0.896499423644922
"cg12483340" 0.0828679576076998 0.892789237248917 0.89797904875263 0.894389136385366 0.785046623124184 0.843805645132228
"cg04858164" 0.117227940074784 0.894448153858007 0.913506036565654 0.905112674116086 0.856949227329324 0.897451777966243
"cg10611016" 0.0901502210287513 0.916834774991672 0.925366320453259 0.915889897316548 0.66120111342142 0.910980389786472
"cg05627557" 0.0648294130735988 0.873739950601612 0.875996176959064 0.871589690904225 0.710740592404782 0.855618696179249
"cg06526020" 0.111879225290774 0.882968755811244 0.910895504596314 0.906773071526674 0.824703797518849 0.89198072136235
"cg23819411" 0.112335035413997 0.933341484101207 0.941565819625356 0.914367614426117 0.710543877038448 0.919004330048063
"cg03340036" 0.0857602546176297 0.877705748522511 0.894640468040183 0.884000004867917 0.731182753265885 0.890422198007207
"cg01692842" 0.0737699340284004 0.848087650589421 0.837310731270381 0.864820551763697 0.810713334880814 0.840909952720868
"cg21792134" 0.149160759549976 0.921231703877003 0.931453659364981 0.93007120757166 0.8716177796631 0.921192530443952
"cg23169883" 0.0837773749014835 0.966664432213079 0.976296298748033 0.973356017244544 0.414842424183278 0.954839197025177
"cg09342997" 0.0957273737463226 0.873368996950602 0.889205889868188 0.886460074754339 0.781942718176068 0.879801577097624
"cg21685770" 0.0733680472621912 0.87670427457634 0.889484923128036 0.854468594527211 0.705463008458542 0.87699810058287
"cg13468144" 0.114496679621419 0.803727247760362 0.896062644794738 0.908968200929218 0.8977978501245 0.884868198422669
"cg13652008" 0.110159415329704 0.899563469529904 0.905744489069146 0.903320031800485 0.77548486200539 0.883708642715936
"cg04855678" 0.0716240786481687 0.926364262367143 0.936545324133903 0.910596489494452 0.567709478800133 0.838870100236841
"cg25600606" 0.148171681423437 0.91412223822024 0.923718280325409 0.918206815672704 0.866797199178985 0.910888998311589
"cg13595556" 0.0898257588152285 0.894840139245137 0.894517915844219 0.918510295742335 0.686452328330378 0.853450214454292
"cg11014468" 0.145324368974759 0.904549221217828 0.912214975318399 0.910415069429009 0.885854773417539 0.896964438284305
"cg04609694" 0.112043749268657 0.884865287921339 0.893083873522855 0.884901394103957 0.800459809227326 0.880146532748191
"cg08154963" 0.0934841190260328 0.870406577091159 0.876411864061889 0.868860833216376 0.77222645300001 0.850816062307559
"cg17852482" 0.11121808348547 0.875762700860984 0.87654376375479 0.878948776287443 0.829988209039918 0.844973042094125
"cg25605731" 0.0781672001164495 0.936400555331622 0.943745988968333 0.890666618079839 0.460358162658969 0.947300628045452
"cg21285555" 0.085609473713425 0.867955973518116 0.869620980680756 0.871027716172595 0.769463705005817 0.799301282937554
"cg03146219" 0.209602090238403 0.962843695574485 0.968175796382486 0.968207121434622 0.933977937891437 0.960718393716907
"cg15724534" 0.161512132582393 0.915370662055793 0.919594159041777 0.916257688565558 0.878864411512771 0.902552469633026
"cg25006077" 0.136553592839278 0.882388534451439 0.898419897262553 0.907883624980886 0.856288839561312 0.85555702534521
"cg19055828" 0.072901183891087 0.889559594776657 0.905227410856143 0.891334439861001 0.531699527002304 0.885644794560115
"cg13178361" 0.110487912593691 0.891750757663756 0.902401719229075 0.88562497788357 0.716214191978785 0.878037675297512
"cg22481695" 0.108095476625533 0.876523122961472 0.889202064807618 0.876735762694413 0.734357016431046 0.87459485051815
"cg11070172" 0.207695672146246 0.968207955334815 0.946226069031544 0.966920319610486 0.904821773642439 0.950753774067953
"cg02021919" 0.105804968249308 0.871491373216253 0.881432505646139 0.897649051902465 0.712937434027013 0.869487153404805
"cg01699630" 0.136904525379903 0.871682988083749 0.870544368481591 0.877223547104791 0.872923606186975 0.876702681674881
"cg06465076" 0.129775203592946 0.8993922270195 0.909005467230569 0.904719455083634 0.743988918270838 0.883941709190418
"cg11313468" 0.0815403964914383 0.837166666318362 0.845052745829809 0.853098731721214 0.727523574629757 0.828149446494057
"cg15658793" 0.124278159332788 0.925243717551318 0.892194120164486 0.894758082717537 0.699385386186723 0.897388086316716
"cg13852284" 0.10463884865501 0.826934004978607 0.817434164616433 0.877729368663397 0.844900821643173 0.826098499338975
"cg23661721" 0.0826479598769506 0.872130934997897 0.893300066456066 0.892410133995634 0.575749715107362 0.873221626921163
"cg26724841" 0.849674154092298 0.179306392361352 0.126179533897283 0.538167689321856 0.716202989158337 0.252961172773954
"cg23828876" 0.865745246555484 0.177361110366169 0.253236867045359 0.517020280390573 0.777073740961 0.128915818095486
"cg08817540" 0.66590822995047 0.0853594794754086 0.104336981918168 0.384383862686087 0.0853530413981463 0.267147176852997
"cg12897164" 0.822944042267477 0.458127134460567 0.329760418895309 0.0690190130718871 0.623771853197699 0.134140282442507
"cg01735277" 0.718715601546632 0.0733562145944243 0.0463385670616415 0.229930477963191 0.653164088901119 0.112883833187775
"cg12240358" 0.875174033662983 0.423378207781519 0.531564916641423 0.121904642402308 0.333110078606467 0.537412305299573
"cg00323915" 0.796695678322894 0.0910413663378611 0.0789731252243925 0.699103504540318 0.467576836428702 0.18957376492956
"cg18011672" 0.729699449036649 0.069674431700437 0.0540881385845126 0.247689226542894 0.686377389110993 0.0850021284524341
"cg21201401" 0.668733810411934 0.0571318102837127 0.0449976704074304 0.0524106035473653 0.617793683117041 0.0608699898047837
"cg08653292" 0.86825579403756 0.264903613632429 0.413466991703438 0.119589677423028 0.557173906340123 0.522554997375218
"cg16047279" 0.6269981691723 0.0586293015466795 0.0425388020235823 0.0515957304437311 0.409790055839268 0.0609765012130883
"cg06257110" 0.849104800882983 0.127548107352931 0.156858509409906 0.414596645998595 0.812827912341225 0.178595979425585
"cg03728799" 0.82515105428204 0.133427033751011 0.137996388091176 0.144019852565358 0.812844714619153 0.326783912019615
"cg17479280" 0.899414829535348 0.722805683019461 0.39756125564061 0.0673332121098588 0.563287807029148 0.124402836481868
"cg00795812" 0.770578935714244 0.087702766691508 0.114902025176639 0.379901376402172 0.270651974701129 0.480760702915324
"cg00754552" 0.838290042976819 0.597751587585985 0.512132581986405 0.0818352650137752 0.110824361017803 0.323565217665
"cg07018090" 0.907240174845995 0.651088521434755 0.668696153230694 0.0307864987699842 0.190253300433642 0.418803289917924
"cg02212836" 0.805076411657914 0.295895492591991 0.398184401405592 0.105972786045431 0.204858567851684 0.458831734431984
"cg27051683" 0.862040021458447 0.116513263332362 0.128093613432509 0.470479633579309 0.51437010671562 0.515557629020659
"cg03722295" 0.730988116325307 0.140007311057338 0.150945768847319 0.371810993533967 0.260737187336313 0.128574280184968
"cg23174662" 0.800656226252375 0.213162878828042 0.118929376916459 0.0772695329935293 0.781987244695927 0.158613534457507
"cg15474337" 0.663858081334609 0.218538311831871 0.206000164455432 0.0591277590547189 0.0668741545180787 0.132189778809959
"cg21830221" 0.783048114039874 0.138346614389634 0.104197920552175 0.0672717451599679 0.785590505249981 0.128921037505877
"cg15625636" 0.797588998160517 0.0999469121776922 0.0700623484588761 0.562123120160315 0.495882201007124 0.0984208652797843
"cg22798362" 0.905330449413579 0.321323666728943 0.359744064045723 0.204307395280562 0.789855367552318 0.152805293585252
"cg27058497" 0.651473850855469 0.0806675806892554 0.0493606641826412 0.158456608553933 0.238285134270189 0.0657855870717613
"cg09221159" 0.70564678123223 0.0747575296673445 0.0661239708069739 0.142759791010332 0.451102575848067 0.107381135973898
"cg07706695" 0.744806823324329 0.0648340413083178 0.0424738859871396 0.0810043970929395 0.734413635113539 0.0828912953156935
"cg26404422" 0.80800395756062 0.124018633504072 0.0993372715397397 0.129485687384303 0.766809411431075 0.174764456321315
"cg00661777" 0.68430058234785 0.27168043435912 0.173986247010365 0.0766326759307348 0.0877322877463028 0.0966859795391243
"cg12810837" 0.742781072125171 0.0733597937755159 0.0508291294115434 0.056619114124831 0.669485091649036 0.115606456394567
"cg08622666" 0.842879703655305 0.182056578912156 0.13552373411897 0.140115311169429 0.835858202208471 0.159531445995677
"cg18128887" 0.655821228206251 0.0387662247792061 0.0288776256524896 0.043526442390595 0.353351007614808 0.047589486068098
"cg03526142" 0.829286618363563 0.0799451699690192 0.0440528879559473 0.327567129270795 0.79232490931549 0.0809686644684714
"cg17161520" 0.806511855567296 0.115467907139861 0.0642254395938793 0.0707134396322269 0.770887346126904 0.180398264530014
"cg18148314" 0.840831931199302 0.113259759781311 0.0664760502305888 0.2042555124514 0.849534505394144 0.113898554037221
"cg18920397" 0.799054380585685 0.0912701797744836 0.062297572724493 0.154543875853312 0.696851162757454 0.13981190525631
"cg11316887" 0.874810776392066 0.254017232346392 0.147300562267243 0.140732248608524 0.831436183691557 0.113378392173549
"cg23280720" 0.819040919095324 0.0583562187525105 0.0524846450919465 0.239135737397749 0.586290861372714 0.296829482559657
"cg26106166" 0.794255872134102 0.102056406756845 0.0844397268288174 0.114706077712076 0.649869710474636 0.104868374229904
"cg21959598" 0.859046139001573 0.124189334182588 0.135421415304605 0.101124559153173 0.836058566967796 0.10578521205769
"cg17587997" 0.878271750325037 0.13543095157394 0.122983927455256 0.0956090919092841 0.88103995119883 0.121194549419061
"cg10145533" 0.86493876756714 0.0880179011158878 0.0650451999505743 0.0853635071281315 0.857374207168831 0.141032836078575
"cg20513976" 0.794476942045605 0.0381929980836867 0.0196663193754274 0.0461501698420752 0.723476509482941 0.0534183208876432
"cg10699171" 0.811529217651744 0.0793788394194054 0.0671329557669315 0.0891108685363286 0.537442876722716 0.0959395903950719
"cg23954655" 0.737875013098567 0.0732907979044234 0.0805046091054641 0.0722297797641944 0.142492333976547 0.151236462914484
"cg11354682" 0.827367019871336 0.293004636861494 0.357966226092405 0.059675697545499 0.0948669019216098 0.121227148095077
"cg00446123" 0.841474232461263 0.0487365467032046 0.0314411297774968 0.0500893848759478 0.744448958589108 0.0584549878367407
"cg26341831" 0.802710720888359 0.192819733109765 0.0602490995949165 0.0510311295296516 0.216478996592995 0.0960688931818053
"cg09993145" 0.838978009466132 0.0697052879531089 0.0379179378900144 0.220025494311019 0.0838015644100883 0.0495361278771697
"cg07679948" 0.960659528224179 0.105767103734167 0.398253524410339 0.965746683133631 0.96984038001164 0.921720002061792
"cg00366435" 0.913493175691071 0.130685669427661 0.566845619803641 0.911020368229798 0.920246187511878 0.86335920025986
"cg16452866" 0.95841987861398 0.112415197378405 0.193988978977962 0.958953682746378 0.969523484787058 0.894133595894104
"cg03388043" 0.943896690658473 0.0710396818847415 0.0690903143738202 0.958416134810547 0.961234073759596 0.710062866670841
"cg11848483" 0.920333487179279 0.131865664599871 0.30602817510989 0.912754326720138 0.929201866769956 0.871609894713354
"cg07015803" 0.93737977076382 0.129506908307938 0.203874823478163 0.951378399144993 0.953171250521493 0.874687211592999
"cg14477767" 0.893682394489928 0.194688502932764 0.731200588635266 0.880071982937954 0.90719989307241 0.832297133199349
"cg01874152" 0.902720930816482 0.118403339223041 0.387393351974781 0.814305267564627 0.917463980368503 0.81257485470301
"cg06915826" 0.876205614771084 0.114186648108781 0.314652920168273 0.890897851858921 0.889028467410936 0.839365869874043
"cg26852712" 0.927291906483172 0.119703450126197 0.373849764182485 0.735025875545131 0.938566337152295 0.823100964278839
"cg10240150" 0.841462342221325 0.109582438957973 0.330012571838267 0.877061008379374 0.875548013036231 0.774968113310336
"cg15564619" 0.726455622600546 0.0711800205743214 0.352447311690217 0.893080409440598 0.668179788605266 0.886921273566946
"cg24441810" 0.893357589354883 0.0836075023929258 0.0979030548440769 0.846306903637845 0.910088191011691 0.78880661393448
"cg07545925" 0.885978159253792 0.0833536249640997 0.0781331478625032 0.87261900441451 0.900118233745212 0.784112853701061
"cg25893560" 0.930463686984524 0.197601275841579 0.561258655318829 0.935543260885053 0.936183640500882 0.725733005354723
"cg26166854" 0.895594754935628 0.131375281278686 0.357875013685858 0.890863088280583 0.898755379048097 0.681786907242993
"cg24841244" 0.885427860273625 0.104850574359626 0.0968783468219378 0.908756538439715 0.901421150469366 0.795682814076318
"cg07970799" 0.932891440857797 0.197874316997891 0.452765643405106 0.932859918918717 0.94525294311547 0.784366495694003
"cg23723835" 0.883984153229811 0.117450723502996 0.396832379051659 0.647200137458074 0.894952213328458 0.797695572860758
"cg18758433" 0.908114739494419 0.122159356623907 0.28745501231705 0.863605694255475 0.893514185082339 0.674617806580608
"cg16173109" 0.87584962359768 0.155849342684905 0.37610602662828 0.873690223588597 0.876093854686021 0.806704846841129
"cg24612198" 0.896672803871786 0.110240738563773 0.108136704017258 0.910844113808025 0.911758308167984 0.735618771655646
"cg05705140" 0.897109513413567 0.135058639835324 0.262919684100993 0.816357135181161 0.908370249017356 0.795961141598221
"cg13651908" 0.850816013166005 0.149044431551859 0.395794034855609 0.86421600439282 0.872158660619374 0.768182345066841
"cg04340595" 0.903915855912097 0.114036982357591 0.227200802992469 0.921147561606029 0.941315654383806 0.538937226523972
"cg06164961" 0.894744435952027 0.100340712361688 0.082747430848568 0.903604988787605 0.906978854517387 0.683009277556734
"cg16871561" 0.438467757045099 0.152508246995972 0.778585462891537 0.914996774319404 0.817318187683632 0.85492818514994
"cg25226014" 0.907429995788694 0.108844915085845 0.22775561569417 0.895659412329426 0.913396656142742 0.545213502374996
"cg06329392" 0.946211762582355 0.257118353010784 0.48405446861702 0.95578523001935 0.958692153381393 0.92708533221463
"cg05070273" 0.908568150697658 0.228058370602432 0.521240703311412 0.904903051788615 0.909432211174938 0.882626687631578
"cg05074138" 0.858823021939875 0.164368525840372 0.374060370271109 0.869224525237432 0.880557665675914 0.820055808174068
"cg08884752" 0.783314248544627 0.133303944149844 0.450942177248393 0.833780120774185 0.74689788481539 0.844957283167505
"cg10782923" 0.853768270134642 0.174791535170935 0.438929549355258 0.869242493203524 0.866277119776853 0.821563396350257
"cg19001909" 0.95952409509765 0.229907906671539 0.317679642192225 0.966229145998066 0.963365950311104 0.897803347824252
"cg11465943" 0.89260218586399 0.228457682088694 0.543325093249795 0.878876985954424 0.912489348003644 0.877191481136125
"cg02661764" 0.793780937180003 0.145765885700021 0.434393037449437 0.844110643498515 0.773273801315945 0.855636920928007
"cg01154505" 0.957931901656518 0.288658108407948 0.729093700594591 0.7994063062309 0.966291025222336 0.937432265124154
"cg04180114" 0.865269936870683 0.144886453193516 0.24894690063493 0.861098526807205 0.858647186681983 0.825073551768674
"cg01381829" 0.844766033895907 0.113611836523614 0.184617706821795 0.792281681387181 0.873950105960572 0.796726385294123
"cg01178899" 0.891580784873055 0.129704374572651 0.24535695092045 0.906587761210837 0.908696923201675 0.591421409159772
"cg25325005" 0.882838145183936 0.186729565405543 0.424565738058476 0.732877939578588 0.953173445973552 0.863235489632616
"cg11236515" 0.954130972067425 0.222460355950836 0.32967217910032 0.927707060528053 0.972004054773745 0.842055898010835
"cg07930673" 0.879208333062585 0.122672655161457 0.132710048523231 0.878712777583654 0.882155643518992 0.748762423450056
"cg13750061" 0.881564166284762 0.12576152412297 0.116399434516186 0.877182495342451 0.854004102042783 0.809370531747082
"cg17615629" 0.91052507529718 0.130368766808941 0.134743322254943 0.830654725794499 0.923123273694593 0.744116907336198
"cg00620024" 0.894491621973835 0.201869565380744 0.398683895352348 0.880362565631859 0.905878048962519 0.840871914503734
"cg19163395" 0.928766331896678 0.162801655109658 0.22110381190767 0.870455892381886 0.893002883412588 0.79990027159947
"cg10837404" 0.917948198602659 0.295716831463991 0.735462629881555 0.920760568069073 0.921767601956538 0.894893374518475
"cg12048331" 0.885706020647974 0.196116440933051 0.350371202756928 0.904414508809156 0.906221321579261 0.832302148070326
"cg09016797" 0.841624187934918 0.151592903668859 0.284586308131976 0.863884377954975 0.873435076884075 0.791433738458169
"cg15232539" 0.101943236816133 0.713711134035377 0.489157455360475 0.285712636292987 0.0934288955725913 0.173448633318628
"cg11230435" 0.0530433638211802 0.636291639670205 0.435018871483498 0.119485964818584 0.0578653178148357 0.0708185684493929
"cg04244970" 0.0630663353550548 0.662429444170181 0.302748135682446 0.341465989005992 0.0648246073523334 0.0961712948418069
"cg18055007" 0.0445825342677444 0.571689015556606 0.206031529002983 0.0596594382567426 0.0337648531077943 0.0622296993609387
"cg02700491" 0.0957951317816794 0.718051597358331 0.675955568820022 0.130153328984276 0.0911034076279928 0.156658332216905
"cg07837085" 0.0717514435030794 0.667835820450781 0.337721557440118 0.295476893006551 0.0762352877432035 0.107588909716526
"cg18976418" 0.079328542243297 0.728089574596717 0.707693037404723 0.144665115977403 0.0713007461247465 0.198645408507815
"cg25210609" 0.0737732728210073 0.745219700617185 0.677219692018768 0.0500733959280429 0.0564897354704675 0.446644017166816
"cg20391895" 0.0951455085423781 0.719845249487972 0.69540987454483 0.109812613515373 0.0971844185161718 0.138696887735474
"cg27181375" 0.0450534204861917 0.707811331838366 0.70554859060276 0.105914819184732 0.0383047700929641 0.192022629025144
"cg19210276" 0.073695663547975 0.78032096054267 0.783037148400549 0.23065877004752 0.0655401985287893 0.305896062795248
"cg18067859" 0.204776331092489 0.854093731796699 0.851098253876375 0.253629686885303 0.179715020834068 0.315653412828423
"cg00026290" 0.0427186982818154 0.634692649753007 0.50684835858529 0.0366166494726641 0.0351720696442461 0.0693758794910032
"cg07598385" 0.0840180259698581 0.735509863447336 0.624794531654701 0.303092640756377 0.0566698839484409 0.132000835463893
"cg24706505" 0.0855050527726339 0.716907082746446 0.519528490540928 0.238009412283343 0.104722676251205 0.149116467375116
"cg18739675" 0.0670095098280123 0.76544509360856 0.552312342470778 0.560774745214445 0.0515146595691159 0.111105687719187
"cg24904788" 0.0556173163225586 0.662945457652408 0.378945282292602 0.256703758511675 0.0516823642021105 0.0728426228723116
"cg17744604" 0.0899851502462468 0.795793592119322 0.669205791131428 0.129279472345654 0.0498311182068818 0.60494982674319
"cg13506288" 0.122747534236337 0.779570823715108 0.67619481183192 0.334270186697104 0.100321586736063 0.173495269731853
"cg01233897" 0.0872831286365461 0.715565913852567 0.592649578125903 0.067310473282966 0.0753239298100236 0.268647035346267
"cg07948875" 0.0795925860752114 0.740574153888879 0.577015896473948 0.333656236671571 0.0738032661986138 0.134256585932857
"cg27485845" 0.300023446778234 0.707599100052262 0.305307776118581 0.170278852502824 0.0931976026666867 0.111449431215093
"cg21069500" 0.209729235339668 0.752350746199674 0.523095818080627 0.0752283801989359 0.257189398734112 0.106487330450592
"cg10099758" 0.157850134335937 0.73320863115502 0.580650678823419 0.116725368105811 0.0883902679784389 0.127481429140957
"cg16563370" 0.138986506696203 0.826062301704956 0.828345382114053 0.221368754211082 0.1218635556093 0.240851566257075
"cg16922167" 0.131528070303811 0.841010776440742 0.850104450980992 0.192033068262512 0.110446976410684 0.356647973404677
"cg00421624" 0.100892243668933 0.775164883345048 0.468111992609461 0.453559556119951 0.099463988620669 0.167836815593981
"cg09895920" 0.180585271682725 0.909042642088914 0.889464889972065 0.315425839832969 0.194864844549443 0.392367282679975
"cg04642300" 0.0612002146305109 0.68813100603751 0.486113205554896 0.155096681491101 0.0543522323333759 0.0800216173421544
"cg01987702" 0.0744368702239384 0.686821780253657 0.472310292886056 0.0891766171371823 0.0747468952298494 0.117917446304168
"cg12101498" 0.135218204934018 0.739446336468865 0.607481651093719 0.0882452655942605 0.118341314075987 0.131976418927431
"cg06650256" 0.0638051133755948 0.798549391673714 0.625636577916238 0.414774552851073 0.0606394170959188 0.227068424221507
"cg07350262" 0.0853370132160214 0.735970673889917 0.60049717219104 0.0990021400653654 0.0818888235326852 0.184033248793621
"cg25394505" 0.181351328416997 0.819497501137809 0.722537471260907 0.227370129304938 0.13717313558435 0.160055926777282
"cg04905719" 0.063077717005975 0.751411288371915 0.746727460317494 0.0789436716928811 0.0457083715933257 0.159013358922676
"cg00113675" 0.116161097626681 0.772129418422759 0.62774715424177 0.113502796955149 0.0875909272883782 0.233663021083424
"cg09885622" 0.196857034425249 0.810876202334884 0.632811879900198 0.236603148194171 0.136764235595536 0.147548581828728
"cg20455854" 0.0883852189807957 0.770799292811102 0.738719172773915 0.100040619578792 0.0481154765680355 0.193554436900197
"cg26579986" 0.0484371025900371 0.783320202168318 0.698677244495019 0.214966030536373 0.0352938778641479 0.203101196390685
"cg21400549" 0.154637301744245 0.862084809803651 0.686729238454449 0.503574175272415 0.0805246200858336 0.155263036258922
"cg09662852" 0.0691572362127657 0.731790536449834 0.535680010095399 0.148718738113832 0.0654405808875295 0.0984126704005599
"cg02046552" 0.0654681067901089 0.821197619602287 0.616978662592066 0.111890472526475 0.0450783488888551 0.563045457165228
"cg14564351" 0.0761158103139556 0.702948901899157 0.322523888312439 0.159764357892054 0.0577660486713302 0.0982691911332841
"cg09572125" 0.0529938206396578 0.834067526899153 0.672237619915633 0.215150787434568 0.0367920939613129 0.347480808826112
"cg07785552" 0.0906364099014431 0.80158035397858 0.70407623767988 0.0678770118246834 0.0675061135677591 0.191567700716315
"cg12465678" 0.0802651617910776 0.864020622018069 0.646516385158788 0.489309453727667 0.0730799273464111 0.128280729371242
"cg19628988" 0.0936923899540985 0.866341030520766 0.837177539349302 0.213820779474951 0.0546440157054536 0.164222772589871
"cg13448978" 0.0782319806616011 0.898548629644877 0.894454981052345 0.108663636137407 0.044735233149178 0.33175137313977
"cg13468685" 0.0691604101860466 0.827072897173657 0.573160042749773 0.196266421726454 0.0630481826262881 0.116761094449055
"cg02380585" 0.0514449986754066 0.863920012668617 0.837190156726989 0.0373859839174562 0.038044308665928 0.134033760120175
"cg25939861" 0.870669427303462 0.798669273652257 0.104700237208651 0.862998638784347 0.863737124504996 0.628453357800495
"cg00219921" 0.892242049429349 0.785658404644924 0.164409390220357 0.909468089753445 0.894749014087388 0.8403506529823
"cg22512531" 0.887487464679668 0.513235594682721 0.0857914225690387 0.898914203933256 0.899249182192697 0.395746026658972
"cg14094409" 0.947020682496014 0.528863097730723 0.0945301628584498 0.93580392460399 0.964281935527329 0.184044116033009
"cg11531557" 0.884222580981393 0.522224659825626 0.162391369026481 0.885257960249323 0.894435234704682 0.784187116820265
"cg10977115" 0.880597814661603 0.35793565371093 0.064735536331274 0.88964970824993 0.891840677963348 0.386623542513753
"cg27316811" 0.967632351004041 0.452819232339673 0.238312861296489 0.934695757109887 0.967955305058947 0.896256143337304
"cg02324835" 0.863332885360436 0.360215001859305 0.13785197441415 0.860292443293202 0.870435645606578 0.724571160749831
"cg24456340" 0.87615592504924 0.615810093323476 0.121252757468786 0.906596706149751 0.89754090915254 0.188363942667522
"cg18857618" 0.872413504785704 0.790686801795527 0.266826157084905 0.863098238200617 0.891189306813766 0.85733241076719
"cg20105257" 0.949857954686552 0.306731549449008 0.189810639278288 0.89674426609727 0.948033439662502 0.801299950617373
"cg08777095" 0.867393213058589 0.419029663520015 0.153201197189694 0.85601830246584 0.877297393942151 0.63374036504866
"cg04329870" 0.86330377610358 0.826993341206825 0.269015125302064 0.858099408117845 0.863675546218006 0.817796377761513
"cg27111890" 0.837478368724017 0.150499322149391 0.121639808295764 0.891892670528624 0.875032781555068 0.73982836753777
"cg03172657" 0.706646327119982 0.291583362954191 0.0941686580792573 0.869519412520514 0.760732368994313 0.727295152328753
"cg04759756" 0.882131256102901 0.357023925428626 0.17420365353113 0.898369396798227 0.898422334048429 0.655869795265393
"cg07661835" 0.778875028688451 0.395006517942716 0.156253622085303 0.832662445824627 0.82181510581423 0.752406661639153
"cg14506192" 0.886240609338599 0.47577364096084 0.129174746756421 0.888206461002005 0.893207774184718 0.198936904584927
"cg22999502" 0.835350621770787 0.277690094132048 0.106585583185712 0.748308185894508 0.852214459093847 0.571747353742251
"cg09232358" 0.848936332545846 0.183470457848764 0.14667778533481 0.865177667070337 0.841375699907284 0.753090180704242
"cg23752651" 0.833472769341911 0.727644584398307 0.211387806699066 0.918863070808243 0.897719203750009 0.346873976187577
"cg08659421" 0.889178764989311 0.17788122308993 0.147515021276394 0.834683583574163 0.901071817390254 0.666086005953786
"cg25350872" 0.928063475882823 0.839604762723747 0.32592615982611 0.920167525336248 0.92847323402132 0.711665013780591
"cg01771871" 0.872334016908843 0.224622621512693 0.13882785146125 0.766065267947055 0.877783044964258 0.680397389235042
"cg11218434" 0.882468265844855 0.292600251809295 0.160130270068072 0.880599758865327 0.894686364918609 0.533370255850189
"cg08418872" 0.890768975410185 0.703850382713198 0.254370943214474 0.960252217625786 0.940482996182676 0.403397717229224
"cg26234900" 0.871080455128606 0.214124820362024 0.0898708170731644 0.682847891216824 0.886371842121822 0.424069957555005
"cg08622923" 0.787066784810404 0.508433587167014 0.116695279981937 0.830151328058131 0.842317372578493 0.201442185146801
"cg03030267" 0.853917201541708 0.235103468533359 0.0959220510468515 0.748449244575695 0.88263551030742 0.371395733008595
"cg07016730" 0.850588704808292 0.618675349061041 0.225697037334058 0.689339726400561 0.863811122323162 0.737834839488481
"cg18174654" 0.863006401412496 0.766654269594916 0.308048260597328 0.852019780804969 0.868490634373676 0.828569584115614
"cg08691577" 0.875216518112539 0.712690652213865 0.151093017869095 0.618944319309088 0.894859380618977 0.158948251506392
"cg18782488" 0.857826036026882 0.617885775886565 0.212126745163048 0.599483974626633 0.859492964967978 0.695603629049575
"cg01673307" 0.884912672748284 0.287037644342988 0.159076111583318 0.75973870200668 0.898657985129661 0.51566719787459
"cg11583544" 0.861417470182155 0.690469832530939 0.203526820137521 0.874632241884183 0.870361320281812 0.21128885166139
"cg01666652" 0.840743227993312 0.220044311267618 0.196033305049562 0.83499144728781 0.846336836654157 0.792120320224836
"cg16235995" 0.840947313079559 0.64286541062124 0.248588357022402 0.86291761757025 0.843534705356629 0.537129331499943
"cg13988440" 0.840629309919989 0.310381701064159 0.147873822527517 0.831899983064489 0.872160890567456 0.34684034791386
"cg11067179" 0.854233124841079 0.816674607746857 0.337508303771446 0.803015201208553 0.874424877944196 0.825365617066398
"cg17113883" 0.880752835716587 0.258901066818403 0.248095197002498 0.888963871818398 0.885328769942178 0.819620540155901
"cg23001918" 0.825984609142291 0.352539863797165 0.219915578292714 0.796508983500184 0.845757214131463 0.749936622122008
"cg15345437" 0.854543252142251 0.391237133794573 0.14415275304909 0.740598416897606 0.869612777634705 0.261318367046224
"cg26472802" 0.955751289604822 0.446870487388913 0.313643202522127 0.868610441385876 0.970036807107939 0.775514666429666
"cg26146569" 0.871311815264477 0.587296652899719 0.171350019854216 0.452270074126507 0.876444617575391 0.456830789871484
"cg24150662" 0.946183129089824 0.380685489276907 0.3147826288733 0.934343742106253 0.959748648906604 0.795992967944392
"cg19235893" 0.844219653474916 0.309780494971657 0.176084070855689 0.637638793411057 0.859337349617744 0.656735894911142
"cg06419846" 0.950836854433179 0.927560658701884 0.458756465543543 0.957901454728243 0.958482748243428 0.916225673664006
"cg03318654" 0.713370303129014 0.706716471487645 0.220104167656253 0.703148434918695 0.718700308316453 0.660915689793746
"cg05723552" 0.826445345817612 0.516981037887543 0.257955653416279 0.770268400022321 0.859229092761554 0.726825155031774
"cg14573478" 0.798319501479318 0.284113609111156 0.186406932765252 0.766782377060377 0.770944330772324 0.74061469819421
"cg04132186" 0.073016900050323 0.496659613915305 0.693610266204155 0.216571608308394 0.0583493259203235 0.376692579737373
"cg01305421" 0.0703523490158126 0.488897615892905 0.733426850885338 0.235426276773525 0.0716491663386407 0.558989993390456
"cg12616923" 0.0774554192961422 0.609175971442797 0.728713400376839 0.116446140758542 0.072572498005341 0.497285456877234
"cg19296671" 0.175008291243616 0.521516905693081 0.771636992104381 0.182873165777549 0.167535215633446 0.540810099555872
"cg15165154" 0.127669353936687 0.639396445285767 0.7057710577953 0.182945585251012 0.0869759289481819 0.17107988862614
"cg18158859" 0.0625360050759582 0.659628138410413 0.718388425795833 0.209638424609596 0.0649492395315299 0.283701051382951
"cg06689816" 0.0514015468000182 0.62908251075763 0.743463742469108 0.293867556725513 0.0568153455991745 0.376557359728947
"cg04678315" 0.0490122738154665 0.594291980968391 0.665033791102761 0.0629252683400077 0.0400232050176288 0.233798825101485
"cg01565130" 0.0711431688246281 0.636974155903877 0.686041034246715 0.0585013597950755 0.0556004598463028 0.260205689604727
"cg19440734" 0.0610860305603038 0.485902188902015 0.643371840348892 0.0591470515504967 0.0552166583568748 0.203777022088444
"cg08691775" 0.0786092871937768 0.669839632967977 0.737958036769903 0.148555481465945 0.0511895377733811 0.398133097900499
"cg18814344" 0.128811043173434 0.67401799626364 0.734508050843636 0.170677194169782 0.0738296903212309 0.258904921862432
"cg04862556" 0.129801846657933 0.633770487600709 0.717348447941334 0.134978434022298 0.099638050966808 0.21164274089295
"cg21912448" 0.116305697518962 0.528452022806025 0.748615114219573 0.100668890662547 0.0888458655651516 0.581291264408888
"cg01513913" 0.294854370403226 0.576916237380868 0.801691559216617 0.0826979644227536 0.193985696310428 0.50171629559059
"cg27664496" 0.180068688901948 0.747527156556709 0.798644030609216 0.202369371071456 0.17651732086152 0.299028141778075
"cg02198513" 0.185693664459808 0.523593160163636 0.755437698855888 0.0994377420524588 0.15190336337889 0.459528304412788
"cg09022607" 0.259227086046284 0.704261717777621 0.865041642543022 0.347460231027576 0.21792471744943 0.425830287349305
"cg25365958" 0.121337835072496 0.67961776978691 0.747973795564221 0.159228880528637 0.108252519264098 0.288457048692584
"cg13283635" 0.0670617231844435 0.643786914573604 0.762944295270328 0.27995366317302 0.0510785033419185 0.40954655681226
"cg27372452" 0.0439818807241976 0.5808509731183 0.698449866650967 0.0855650934824156 0.0413044929723772 0.368228996689879
"cg22807449" 0.150495355100145 0.701345701248056 0.828975763781473 0.279595757825901 0.149652411796049 0.491006199843094
"cg01610979" 0.109956573115845 0.670799508909208 0.754290557426859 0.183201460660913 0.0900785915490089 0.295792622207773
"cg05872923" 0.0686355097380851 0.615053794662747 0.740895001680548 0.146777296671472 0.0604662128934984 0.410568606228353
"cg02470008" 0.0640427765940009 0.691215599959261 0.775766939809094 0.293422301930136 0.0610511168559894 0.351497370473954
"cg01620165" 0.121718860354192 0.701110672038588 0.800942355330382 0.256329321481796 0.104019226315165 0.384598624021294
"cg10680621" 0.141294987377905 0.674621386112337 0.78095922184727 0.253892129790856 0.122438963044858 0.252857039982003
"cg11714320" 0.055092640655733 0.384930143121062 0.638945382658831 0.032023975967918 0.0362488583823817 0.243021953972781
"cg21340621" 0.0901933356086572 0.587126537771024 0.779121703075563 0.372104850546493 0.0702439348865306 0.343102487521798
"cg04597393" 0.0417800356337687 0.437321153487222 0.666981887704635 0.0751121898682322 0.037336312399107 0.279463936202343
"cg16810279" 0.048313624832142 0.176304299987921 0.616330940310282 0.0537185736784652 0.0382114749871187 0.306673627345824
"cg19482025" 0.0648990541221462 0.494731411747752 0.717719046912714 0.118458275937773 0.0622553787086462 0.377846161788043
"cg00188748" 0.0624925836654494 0.651171992480832 0.787061271067901 0.18683119043207 0.0573511940251531 0.497748694358904
"cg05768044" 0.114036631264346 0.783014842037493 0.829314151054099 0.32486890565326 0.103600112469208 0.27142042076063
"cg04813880" 0.0482857088798743 0.553028438561573 0.6938280457775 0.0324604135775892 0.0302092207477133 0.249790102038696
"cg04173396" 0.111060079439592 0.556672963349304 0.788859515951861 0.0660553616036262 0.0826764819250537 0.600343582586618
"cg19563510" 0.0568347284508466 0.645238360631213 0.746337247057013 0.206126697284795 0.0338259414835476 0.212326089172746
"cg00159523" 0.225320096325957 0.696296617225015 0.861447502367608 0.291389477497094 0.168452000269106 0.3414338741117
"cg06109482" 0.0974656628609399 0.720671625334705 0.772701471017224 0.167893333587892 0.057774549270459 0.203446182716898
"cg15244101" 0.0781649499164602 0.709953233931578 0.859351762393335 0.302434543322654 0.0695032423027313 0.575844437768682
"cg14992144" 0.0542070810701415 0.64633083574577 0.738458533205173 0.0341814487744639 0.0300862278103431 0.316957062555392
"cg01208318" 0.280563413846208 0.536793051736739 0.82279897014584 0.0589081374779081 0.158411009057118 0.466887557429948
"cg07133930" 0.0614861123462003 0.581535811939929 0.795113714335347 0.212435589992998 0.0532819189628383 0.47505589388912
"cg15497761" 0.0599980809900902 0.645556873545079 0.771221708606028 0.185885765870223 0.0546864947002419 0.278459692644361
"cg13443575" 0.109194122540766 0.726688317161763 0.798645317806931 0.125255495207011 0.0711464471476696 0.221931332824376
"cg13247398" 0.0840869344105887 0.501953556078917 0.751518865634312 0.115209331969795 0.0585590503474855 0.208650567832137
"cg12426092" 0.094229739015279 0.786993155999956 0.847890410133414 0.177143098631134 0.0802580135601489 0.307044345352582
"cg21593001" 0.110758678501423 0.775621591451481 0.841773575104689 0.15165839300279 0.0815534887866517 0.274943640545011
"cg04354393" 0.077953293677771 0.707767708807034 0.79737639348693 0.0704307653905666 0.0515111332603684 0.154654415558629
"cg25711558" 0.0659010407929834 0.80783498451761 0.847179798254897 0.0774982753994714 0.0476026940561673 0.297699694799587
"cg25131632" 0.951134870795736 0.917349132797534 0.89862806527891 0.0715860584189665 0.948724303609429 0.921806744106247
"cg27106643" 0.944740037771594 0.934037298831748 0.941826819518671 0.093437760461681 0.934452175204503 0.921694692475891
"cg02212339" 0.952888238324932 0.944817418640785 0.942053380941201 0.108984169620867 0.94994934157201 0.941647807233593
"cg15348679" 0.878876102627997 0.862406346718034 0.952852806613767 0.0565890025820685 0.858214847088122 0.921446289289256
"cg04828493" 0.964136201098845 0.947538158351062 0.950550952745641 0.0845966809350795 0.859792969603909 0.868411302006668
"cg13738327" 0.966227058698892 0.942515108207533 0.922272165365354 0.114983455814384 0.96350083550849 0.92794521527236
"cg26692003" 0.964859527169653 0.961205443979968 0.965108642016091 0.128821911625276 0.952643525428103 0.942116635150102
"cg19276014" 0.960685843696046 0.947616257880225 0.957487145732271 0.126141429892949 0.949593692507998 0.943747899119896
"cg01024458" 0.928342460959009 0.840915594129399 0.868479638332328 0.0647957425083071 0.922484808905632 0.888874038213128
"cg17768768" 0.961975772262971 0.957403978325634 0.96370060646966 0.142678334744831 0.959196316565121 0.957136411679154
"cg07721872" 0.89880690567734 0.868204697907075 0.895307079831859 0.0716317668564994 0.907306226687134 0.869552503818981
"cg15241519" 0.932977015316507 0.918963553591756 0.888644170678686 0.0821820664620591 0.843248029380608 0.90843261672157
"cg21596498" 0.88890411921179 0.909781720042175 0.918689927402417 0.0882755531765388 0.90376954859098 0.898738680885542
"cg11661493" 0.873919690605898 0.881659986139841 0.887599590490379 0.064536134339983 0.876941470037324 0.874607696946146
"cg16210395" 0.909214043187346 0.859857011233078 0.833241145658684 0.0646011422049275 0.911619825432015 0.860204662028003
"cg22212560" 0.878958366059254 0.913040631593163 0.922348004831643 0.0562571553150249 0.73920206403928 0.891752206182387
"cg20602300" 0.908156384041687 0.905792547271551 0.910505968329097 0.101541625799945 0.911412943884096 0.899764751076082
"cg25683989" 0.877784125767424 0.890350015776764 0.896784722564394 0.0787756182213881 0.885611394235517 0.869084335789168
"cg11774624" 0.908207688168766 0.920749515978776 0.928468752019839 0.112537256449572 0.91254286213523 0.895921677761469
"cg14936008" 0.912132950942272 0.908290349679639 0.917466267118778 0.112966877079341 0.913922571959147 0.913970818057711
"cg21248060" 0.942394920332786 0.942129431280912 0.937827460048809 0.134872682594507 0.937884806754093 0.908748711208332
"cg00760938" 0.863428455234062 0.866077396608323 0.865977137825003 0.0649816838755407 0.874719391174205 0.838799405943464
"cg26552743" 0.845856469559778 0.883735403378447 0.886967287156954 0.0674595956950006 0.857390958084737 0.845776335226455
"cg11699517" 0.941790998567761 0.976365437212549 0.975738807113486 0.166548631882435 0.952917818728595 0.966434778106925
"cg17232476" 0.886643731501997 0.875671610781222 0.875289852039925 0.0758173905765613 0.845911931473008 0.872751982166367
"cg16148346" 0.879682438366082 0.880249540290077 0.886630671612187 0.0839794076861972 0.873053050122986 0.869129147345289
"cg23683962" 0.905249792799867 0.899187989011103 0.902698220477183 0.107978780156496 0.904915276299984 0.895126963204104
"cg00464927" 0.961890923879234 0.954144467173632 0.959015738672232 0.158645918297249 0.942323201264622 0.937327300511021
"cg15035590" 0.906457158933164 0.906460788203311 0.911990027082905 0.116891912007315 0.902093727570354 0.901749139159084
"cg21743182" 0.867072109283451 0.852392276109697 0.869858688999902 0.0721708771428518 0.867714222052946 0.836052110582215
"cg22498365" 0.897927693080501 0.851650749459259 0.87498907551612 0.0928022690948307 0.895076896330592 0.876989770496376
"cg26438284" 0.875185960818218 0.90353485286873 0.845059700245761 0.0914027812727725 0.893188708447806 0.867676594288464
"cg26810157" 0.871311488936911 0.882860706684802 0.868446654992169 0.0741337195780653 0.878973535678216 0.773961140815998
"cg14482811" 0.9080896397009 0.927893616102466 0.914795887979315 0.0900806137068658 0.908093190373234 0.676795824851228
"cg27565966" 0.869867148001524 0.88314927682498 0.872053053378691 0.0796538550385754 0.87159488289048 0.808866354373455
"cg17995557" 0.869140923083848 0.870706809496618 0.871616803025262 0.0699044204866001 0.878360338408053 0.74930138992016
"cg03860768" 0.866070426887048 0.842527267732374 0.811661566493666 0.0695373290572839 0.88924504974597 0.837987679488706
"cg16654610" 0.870474370234195 0.855907812406216 0.847266381796264 0.0872166381882623 0.891930732889384 0.870796775853753
"cg15532942" 0.879591759421425 0.848963595303631 0.857438387951626 0.0868782266158406 0.89318581343698 0.852913653458704
"cg05480110" 0.962913799844675 0.959716958515615 0.960560934583837 0.175688489105939 0.955071819104812 0.934305737173841
"cg13356455" 0.862544588628863 0.849378059414535 0.836889816976863 0.073015350668719 0.85316400704427 0.852578200293387
"cg18184053" 0.83231057720501 0.854324691777621 0.821931631854633 0.0512491832758734 0.840308249343936 0.779835907236493
"cg18250453" 0.900260401348669 0.88479993381188 0.890392030268367 0.105327241546365 0.903972189921059 0.816990422318586
"cg07768103" 0.97701171092997 0.957702592011693 0.829227091692069 0.158246041218106 0.96677425794693 0.929854031597759
"cg06889975" 0.835090479053824 0.889594445328462 0.891924686648217 0.0957926520164824 0.868101027382026 0.875937337277913
"cg08162476" 0.900412758006903 0.912508842149627 0.914764827384707 0.105187169363752 0.790558247029403 0.883225670641951
"cg18067520" 0.800559850043249 0.879428154471963 0.897037169991099 0.0566081842007089 0.741425606149162 0.841120645871139
"cg18664915" 0.87496934650639 0.88130966129867 0.874557466969293 0.105207753135901 0.877482633734629 0.882092749415357
"cg26795340" 0.835796354112924 0.852331071499611 0.8463147129932 0.0667589062795649 0.832141461801126 0.829952542907188
"cg05579731" 0.866998262956468 0.846446886612746 0.852593460484482 0.0924270533963625 0.885919176796793 0.865889768084972
"cg25983531" 0.122677351537082 0.693873784069856 0.539360512406957 0.863183241245815 0.132551233072694 0.237913945240139
"cg14854503" 0.0744674137568242 0.630553650269262 0.410960726476449 0.856318056983302 0.367745362808894 0.188260810170028
"cg07285237" 0.63386088718193 0.144662659564705 0.191445286090116 0.817235596564729 0.152386236300419 0.358035671052958
"cg03261800" 0.250431975322811 0.325519324628377 0.403756226329101 0.81957244804391 0.244156017260563 0.263469185402684
"cg21291385" 0.0855074227041971 0.202766513021533 0.155667476644761 0.71073257189601 0.35006337788044 0.115280691614182
"cg21278103" 0.0856183336609273 0.449324507481308 0.579226073398939 0.85980268206575 0.130620579088225 0.472240342981915
"cg25518868" 0.0519325039619373 0.0598576003643966 0.062382586753166 0.601020456742686 0.0632313342696693 0.145135052135616
"cg00359365" 0.107926427318652 0.592548700648875 0.420264641515716 0.799294729284428 0.0842134855906888 0.125600912533734
"cg27049094" 0.421886808073685 0.130599984463351 0.248153508084638 0.895956659181214 0.634584892960362 0.383119749615073
"cg27507284" 0.0665629492256373 0.439465447055346 0.321240681110447 0.739833376564318 0.0863431233617143 0.122632048351882
"cg13924996" 0.121181125923947 0.452660923976338 0.102042994121928 0.742705877807315 0.232845314781315 0.104065130974256
"cg03889263" 0.0645234719899509 0.128039612309874 0.361316500218605 0.76875673059735 0.0794150146850139 0.61245117390916
"cg08698943" 0.418443237759318 0.337184290489273 0.386043379894172 0.845552953029324 0.119555209475149 0.290756644356886
"cg20450123" 0.0803004692719044 0.306370038783602 0.222678944556251 0.721082160562332 0.177559049550436 0.121395891272007
"cg00874051" 0.0658560144849268 0.567148618801855 0.574194122890868 0.88192340278145 0.109411034233966 0.438438138766038
"cg15087459" 0.120977294182732 0.136717895760183 0.156178944971078 0.767213661909938 0.307183303487068 0.45531585329646
"cg09076077" 0.082926196060401 0.544185564012564 0.519038253071896 0.815161059484344 0.0863122720817097 0.139259196709467
"cg15595502" 0.182402451426517 0.419965005787314 0.313206688178038 0.863792784179186 0.229975984046184 0.500564877025019
"cg24536818" 0.109525445005989 0.09891835953614 0.356201489563518 0.729563362431074 0.143666904806946 0.257343942993548
"cg15354065" 0.34266624536316 0.0931138246866728 0.316275830817517 0.827409886495505 0.0907807587222684 0.647503163863562
"cg22677556" 0.585923170102907 0.0797950426181578 0.0754509334897777 0.8010029368364 0.19742073095982 0.341844239277868
"cg01054402" 0.0759963884382679 0.121635680116993 0.147811485180621 0.771229081158155 0.316423849415657 0.511199671390468
"cg02779913" 0.0435260088197788 0.388522113203583 0.282926964440033 0.743889079913895 0.0479948493103482 0.233032460011785
"cg00970435" 0.0989615255058658 0.211078431701914 0.0986958578877008 0.714768534245542 0.28060801127347 0.0983038960342305
"cg07375256" 0.353486174614603 0.112353946575603 0.0644032452500794 0.865779722790051 0.734240879685405 0.254035095924709
"cg03798942" 0.103368223639554 0.127911109566407 0.130873385348867 0.775014906550694 0.560738768970644 0.0869022182624676
"cg02734358" 0.381952353890574 0.124678488851615 0.242250537794491 0.757152052291593 0.051402915908341 0.0732495800098118
"cg22437221" 0.140093907628736 0.101008516763739 0.100054654077525 0.868161551109413 0.579242504745087 0.540758751426521
"cg14574996" 0.114607286766973 0.512971650042548 0.466498942808638 0.857200742290955 0.0995020836823571 0.182029455074321
"cg17950348" 0.0635009204577082 0.555977987807993 0.491818451097402 0.848485241343197 0.0848726031764472 0.10606563388103
"cg08682625" 0.0767669570485018 0.280274388277997 0.311235536332547 0.838513172190006 0.0931193245799183 0.512207948249107
"cg25336765" 0.0740085015800816 0.567186025766047 0.39887096547901 0.860196254796332 0.0831320773916696 0.159526892546466
"cg20380468" 0.18957347452965 0.0759913666615462 0.0815123439972865 0.891967937863635 0.515547426966676 0.580480971257339
"cg08560387" 0.0394403644571637 0.0506302548835544 0.04703519847815 0.662525687116691 0.0523474324461615 0.0537127145037903
"cg15906007" 0.0841510815371068 0.104073263811006 0.0776555145163643 0.751856719395515 0.259110411509562 0.0778724325725188
"cg09300089" 0.0597971584820476 0.428828631245065 0.207146596052303 0.812207303381929 0.0721508104115929 0.104014988426896
"cg20317872" 0.621467692682748 0.0693671967705394 0.0560330463992455 0.885436902173676 0.310364647173463 0.113013877334952
"cg00619207" 0.455538009304862 0.07969350685082 0.0709794641357001 0.815070713333847 0.120048742710342 0.0931963219429132
"cg25616055" 0.0438602133308222 0.0778428569588245 0.130999608043575 0.745747142601007 0.100656894204501 0.154430472757398
"cg19268695" 0.606593453650245 0.0724863964476473 0.0648002453040738 0.851844770532522 0.135475589460431 0.0916214488563731
"cg00058449" 0.164981621817234 0.564766060433009 0.186930524537188 0.918670035882176 0.297541608878237 0.0666581488049793
"cg23357708" 0.0628590601677857 0.248536040910165 0.247509599051396 0.814898635877829 0.0700963986331354 0.134789739090861
"cg01156249" 0.0496959407258842 0.263902979454437 0.249084845430834 0.918341435230501 0.0517102483529623 0.575558873298026
"cg02606840" 0.0393154641072169 0.0609003971574976 0.0421874179221467 0.778737504665193 0.20837842598543 0.062349115229028
"cg03429643" 0.0505389631971636 0.0746707871770254 0.0504621998877461 0.759546768288834 0.0759722497519627 0.070809688997815
"cg07635227" 0.0276588591189298 0.116453857893442 0.141105493032336 0.832015793310667 0.034241782401534 0.388228548711084
"cg19269039" 0.344101332468861 0.0591484180567224 0.0471555639563039 0.838801927003239 0.111359833845339 0.0844937581413342
"cg14317609" 0.0570834189417702 0.0833036850196064 0.139015484549603 0.831280460139445 0.0565740842661791 0.0829218323553951
"cg08864105" 0.0766139320046409 0.0876433203066525 0.0908491111852178 0.855975220330289 0.0891918801444743 0.134493248152818
"cg17266282" 0.101411109792734 0.118326188378019 0.215819999422031 0.917893486946065 0.102508110630666 0.187223864389401
"cg26872907" 0.945363588036734 0.9146036191767 0.94933845005349 0.954123003327329 0.0735287541125601 0.909638051277601
"cg23244761" 0.966579694564908 0.951845698641556 0.975565405180398 0.972548324475379 0.113211953918025 0.942356390913198
"cg05923857" 0.831111900160918 0.830551942734302 0.929628562211306 0.934949112179306 0.100207359287025 0.90556732134313
"cg10480329" 0.84164318246888 0.910067579323273 0.922010368970695 0.910549768937562 0.124747248499669 0.899727397785709
"cg12655112" 0.677844196031099 0.865885559686762 0.947719335070697 0.879632380926976 0.0866033068278864 0.920526627735111
"cg18066690" 0.910283094904976 0.901565114513501 0.924418599915177 0.910811425020181 0.160254197290739 0.89904963349589
"cg20610950" 0.592242350867419 0.898001448306531 0.928503539398683 0.923324729245198 0.0946321358691479 0.901052730458912
"cg24788483" 0.887597560625003 0.88237594368056 0.959417588371743 0.951266139874438 0.172998055751366 0.924632944746422
"cg16636767" 0.879620136252938 0.898287324362454 0.911348918687282 0.881425132594575 0.145960916425519 0.882541688588614
"cg11597902" 0.221564666966843 0.93948154648473 0.968297158453655 0.956168427432619 0.0529532383578318 0.923911529918722
"cg26538782" 0.838744786206746 0.882024297922197 0.908926809362239 0.722084834351908 0.110065841787394 0.873406479586066
"cg10624395" 0.902127307740705 0.864755422260598 0.895244837019086 0.883991250193067 0.157259233656781 0.877732808157399
"cg04468741" 0.823053605598556 0.858972390395773 0.88843001381521 0.896510521594549 0.144482280439069 0.862172903475416
"cg01041239" 0.788959762671759 0.784999213380715 0.824366032838315 0.843451489378015 0.102006507189663 0.874986076663652
"cg14109551" 0.753982528111615 0.888284512950018 0.908029255742734 0.907309131913822 0.148550172021178 0.879178017838025
"cg19835973" 0.92280942882779 0.908455487079673 0.909264079451171 0.943716669774953 0.195140471054838 0.867827328018132
"cg02244028" 0.850586037150719 0.877033444324231 0.893840102112334 0.89204483300261 0.160292758358518 0.858969935531775
"cg22675702" 0.81294229841751 0.840192029425817 0.860610277828541 0.832625896880217 0.122853743924646 0.839171035618712
"cg10278149" 0.652158569957587 0.873839386959243 0.877460449592192 0.807005003349139 0.100641493927985 0.850714416722327
"cg12422199" 0.858838097581591 0.830622235926019 0.856618504442587 0.636302899052259 0.0896896523462542 0.788904448274522
"cg00701951" 0.646731647656409 0.869740452339235 0.868656416255157 0.904376842292835 0.120928356461408 0.864437592006021
"cg18990407" 0.832947477020859 0.930589681640405 0.957571905066435 0.682477367659905 0.159863224269838 0.926976897011512
"cg08694574" 0.674456314152865 0.891676711968805 0.912102952348011 0.90457006358866 0.144089721721437 0.881748727007329
"cg06297318" 0.796229876185885 0.845650494679164 0.86742908649749 0.84441072924407 0.132762428529807 0.836260214830868
"cg20641531" 0.649966874893375 0.900320219881788 0.912268765086769 0.899926710039214 0.143777900388414 0.888451803210858
"cg23391288" 0.906396810594535 0.829433068394822 0.888800118501843 0.855581983766777 0.170093961912895 0.877808149143591
"cg03339817" 0.971056840755862 0.956224905681437 0.969768353717898 0.674604683144704 0.205726647632297 0.949246959831223
"cg08908131" 0.843441174177929 0.807281304503522 0.78728708855191 0.837122650221703 0.116265226096828 0.799602272061143
"cg02780988" 0.831753017933078 0.829232063224399 0.833672861212614 0.749722265775845 0.113640325046824 0.81583866920883
"cg27366072" 0.740447987467042 0.890046738736974 0.896151863114999 0.81494909061487 0.140520061406753 0.862075785584359
"cg24365417" 0.729792464796499 0.845490553143246 0.859080043870007 0.862361519539191 0.120707912931072 0.803921250093347
"cg16429499" 0.881866416597353 0.882418119444092 0.904871456895781 0.380942083153657 0.0872202006651408 0.866219629607664
"cg19301114" 0.827667166951306 0.788424056785441 0.806733111947687 0.799596457898541 0.10291256543761 0.779387378491287
"cg11186858" 0.5140103072569 0.961477552462149 0.982139470070174 0.962022993315954 0.166056177152628 0.932005310061411
"cg07002540" 0.702143036367563 0.807207050002443 0.864141985559632 0.87320731431108 0.111964413285781 0.806539890427569
"cg10499974" 0.374793816451906 0.879757894374003 0.916347257274498 0.835362319327366 0.0724579252307994 0.867660140287151
"cg25898577" 0.730500137542456 0.88436445677938 0.890460566720732 0.913651553779264 0.156300352470132 0.840135482053279
"cg18835472" 0.631784029556701 0.838884276430362 0.881452971409213 0.808241823623759 0.106181265998023 0.840438742358893
"cg13093111" 0.407708798050302 0.907108671914325 0.918680329374903 0.851245121042662 0.0870490698807927 0.81545167545163
"cg11231069" 0.933463724753405 0.867900863190343 0.843299373186386 0.596396953257741 0.0918113124355297 0.610914317852361
"cg01476222" 0.883007707047161 0.86392348947792 0.80053186543958 0.72639012219177 0.128326281561428 0.776637939199747
"cg09220326" 0.378144376235215 0.878072249670169 0.893193287685956 0.89481458354637 0.0932608225771916 0.867541898990212
"cg07110356" 0.12438074618636 0.94756573519472 0.963011610341577 0.95641303469474 0.0888885999977824 0.916862829091513
"cg10690440" 0.102228443245569 0.937650119391923 0.947307242962536 0.954565568776056 0.0770644398502929 0.908382595230784
"cg03313271" 0.354663795041023 0.906226920569 0.918206492393504 0.884455340875048 0.0993792234398712 0.873637730805166
"cg27059140" 0.393393675024153 0.877634060084937 0.883433800751944 0.888659083649458 0.0934351382165908 0.860913821354698
"cg11327657" 0.0603341937118299 0.932311146130783 0.956901284005877 0.957255677018469 0.0659399719726503 0.876664649244421
"cg25856090" 0.436313883173668 0.887016544554483 0.907871029911739 0.90335365759302 0.113335965452035 0.848368333983084
"cg23144445" 0.532477550374077 0.871370445594897 0.878786236959946 0.723364691460481 0.0917004362336518 0.853735770037108
"cg05242065" 0.800754733191717 0.747203465814456 0.881756804505377 0.849691496222071 0.152895356899945 0.880208764655023
"cg07906046" 0.678232683303831 0.0806508548149869 0.0636605537775541 0.375393422404259 0.742385803136517 0.123374978996312
"cg10318744" 0.749451285690414 0.0987816576419559 0.0934395024313213 0.351396637479266 0.776042508967186 0.194527200657586
"cg05132828" 0.7082438790607 0.12334780434831 0.0858215104353345 0.256650150212378 0.749639164236069 0.133242039547879
"cg26217402" 0.798447953533611 0.316997659155799 0.202919412838625 0.139064502616332 0.868885731137202 0.450987571699118
"cg23610213" 0.819340734371351 0.35625440129214 0.246810455359281 0.216725867004947 0.857000432245192 0.15925755716089
"cg12216435" 0.595708294557343 0.108562393869194 0.0784113775869061 0.053242715588731 0.687549111362021 0.103773982428334
"cg04450994" 0.748143563705923 0.105045215253182 0.0917302278153068 0.287759521867847 0.77232240924912 0.121226781005409
"cg25919221" 0.80507844925738 0.120349430485202 0.152552870793777 0.247632296924618 0.846758506412158 0.428973764874226
"cg01785706" 0.779983153361775 0.214841183317644 0.197923370341585 0.169301831591581 0.813182290063945 0.183179298840265
"cg09736959" 0.814022760865129 0.167374914670049 0.145868416693958 0.12026488193185 0.832885263630311 0.373287277851527
"cg12894371" 0.689515034171406 0.0725989092768519 0.0560673080939939 0.322229539111514 0.758154496457584 0.0773563294531515
"cg08315613" 0.694533096030905 0.126714639987176 0.0706047736692543 0.558667521344632 0.844637537503829 0.214732622383064
"cg02668248" 0.760612205926781 0.123644209169229 0.0685441745925229 0.111900360009279 0.766330139362143 0.191404152721739
"cg13554018" 0.76644214311267 0.289527950791395 0.160864303575019 0.103257635755941 0.807979556535013 0.110431096922421
"cg23679819" 0.617685095690884 0.0893084480858457 0.0765015521170409 0.252053917741644 0.756225582466725 0.170553875304239
"cg25170017" 0.747596002609087 0.135079500274475 0.113598185783814 0.532137660750149 0.905113828014626 0.431393705964408
"cg08224785" 0.283327978800867 0.15489982859422 0.153990637748653 0.236553478473142 0.79795730513111 0.630087289444014
"cg02505177" 0.760580119203251 0.16577860725392 0.106354615379836 0.0565445115842157 0.784288350682397 0.180363373523565
"cg19510565" 0.758017023759872 0.0845303677630231 0.047411251843037 0.20255423424244 0.76963039426618 0.10169074906112
"cg19097880" 0.673159152808483 0.0718329775843226 0.0524273381378264 0.0548183026944847 0.719467957083956 0.0867430784755029
"cg23213217" 0.167903866965844 0.133013353488044 0.112056108391156 0.447339490754805 0.792571618816612 0.519456986236648
"cg11977716" 0.270844905211983 0.073240873778529 0.0572469573443946 0.102662906590473 0.66008061258965 0.12412400661254
"cg03916225" 0.789875872217886 0.111384221917306 0.0810680648344899 0.313152183926397 0.825561415091786 0.11848377781054
"cg24520862" 0.729677523974195 0.0928975898263292 0.0693649312352696 0.123185551282079 0.773008583866604 0.111595676655788
"cg15519096" 0.849465107389375 0.0898229448177933 0.0970819599205677 0.204637808024994 0.853539216987842 0.247631260629271
"cg03961551" 0.773935392470613 0.110418215699277 0.0774059206150704 0.181633563771434 0.812730237849936 0.128408784026853
"cg14364797" 0.218495307605039 0.169664873152304 0.046187562333244 0.521245312578009 0.756664726502051 0.0684255229719702
"cg14165142" 0.815162195009999 0.0886728336357409 0.0614234456514909 0.229621775580681 0.830406672799394 0.162365040919342
"cg02879423" 0.103719019976464 0.130575383606388 0.0996409594065312 0.664923757761403 0.777206903459219 0.122197198803484
"cg04722215" 0.780881938933271 0.124018839752249 0.0874715234989865 0.312523448510975 0.861052249514912 0.122136017701701
"cg27183818" 0.885359147462446 0.271375990429526 0.194542062972683 0.06440971383194 0.889182465874502 0.113455362758091
"cg23007665" 0.710647767623668 0.0847576383420572 0.0628908986146978 0.0657271457758889 0.788970574645924 0.0939090055060929
"cg12609063" 0.596791205479433 0.107944564542612 0.071548431715469 0.345481357401915 0.828545298272357 0.100048267119952
"cg16219283" 0.88203258214363 0.144352794091428 0.134127444635157 0.0999024050267504 0.904269416433334 0.323171095795315
"cg24957609" 0.488416312719333 0.133960327789186 0.0898765616278814 0.154703327198897 0.79100651298735 0.124016505810903
"cg10639435" 0.426474924557033 0.0940319632955434 0.0718393299527356 0.463472604594564 0.82625031545874 0.103851916932082
"cg14441276" 0.850171215984974 0.110828067609047 0.096757269814074 0.0604731788745747 0.866156356699005 0.194795370877945
"cg14597739" 0.904667301087502 0.147741732800468 0.12392181520362 0.0870545781199019 0.924822450924241 0.345082329233744
"cg02402436" 0.790969697584822 0.0915991709591047 0.0757121014955971 0.0480772355483551 0.841058334539948 0.170355922690702
"cg08169020" 0.874707380573274 0.0534698473877152 0.0380096477412663 0.300678030962253 0.897892732412907 0.124253764546706
"cg21999229" 0.885106335666728 0.13063322034171 0.0989530557196894 0.0687983598752209 0.914050511661934 0.264366649068882
"cg09621572" 0.88276878003264 0.128497814435362 0.0921559716160519 0.0700600570236819 0.906224090981365 0.205330686467047
"cg03795574" 0.0952589634077599 0.114984558947483 0.153640261983011 0.0770072552382185 0.77636376767992 0.363848388317008
"cg14437551" 0.918800704517683 0.100549117263364 0.0770431438854058 0.0586055899099302 0.940575608419318 0.181462388334102
"cg05875239" 0.93455046449387 0.925907655345174 0.836337074690058 0.921898021748824 0.927233083725546 0.154571949314075
"cg13617280" 0.871385036477113 0.929197800767689 0.88922852870253 0.938835297087512 0.947123594394691 0.17711525260016
"cg00805874" 0.952825177437148 0.951773433828597 0.565473757416957 0.974374887532309 0.965622210721203 0.170549646699549
"cg03538296" 0.902736647241599 0.870003734025555 0.729502779505252 0.892343137904505 0.907830279137155 0.158807976192364
"cg24430034" 0.979812284415703 0.9519151641522 0.867852266722676 0.97976358129317 0.977226008729418 0.250561979667275
"cg15956469" 0.956770836469335 0.94604005006074 0.788208577519867 0.957027700959989 0.961248613675091 0.230738041941366
"cg11335172" 0.894151061842039 0.892300798584041 0.7005532555202 0.929006596084872 0.925934854440278 0.192639955145601
"cg06202778" 0.864405628554183 0.838208893323708 0.554055532245747 0.896416173818865 0.838710868067908 0.132369681348572
"cg27582527" 0.869036001336542 0.743164545240093 0.434762522283833 0.817526568144869 0.877847005983976 0.0846654759837102
"cg26573274" 0.973835737869124 0.945675504153875 0.881919504527826 0.972310980165574 0.972733061689998 0.284461675880485
"cg12811871" 0.971596107812671 0.938415369149777 0.5836432535877 0.638376064639916 0.969825709907804 0.164147660560204
"cg20657709" 0.886818621666 0.874156129090192 0.633895193344125 0.891457035460422 0.895772451473679 0.177756654021422
"cg27309871" 0.891342393416777 0.874767940055293 0.624421472473862 0.889850628360652 0.901457361943399 0.180747855139532
"cg22749642" 0.891149437701259 0.842150131355004 0.530965246361814 0.871446021242424 0.922176837599989 0.161613433904003
"cg19066520" 0.92077288381739 0.57298385474735 0.655327269105385 0.918627694981119 0.953687626604932 0.152377337709487
"cg02384859" 0.896048410233804 0.83577633028806 0.534053488099357 0.879214779309429 0.902039600592207 0.161104738946497
"cg05653887" 0.86536882055014 0.820266655769298 0.547819019380322 0.882786148036724 0.886690548283305 0.159104691384796
"cg21634628" 0.894732503702618 0.742939184519742 0.574151832955729 0.783365592824401 0.892703055765276 0.136614792449472
"cg09261289" 0.89960136553636 0.866044253824032 0.679617998908489 0.896079791618475 0.902275382561239 0.207969290547605
"cg08326410" 0.910970856677838 0.897706172972654 0.795801834293385 0.908191792478362 0.918517800756937 0.244557992133519
"cg15757195" 0.878418798868272 0.789820519762767 0.72072766860893 0.880949469803075 0.887188729100751 0.190809145338344
"cg15241779" 0.872515491272829 0.832735935820831 0.637569999990871 0.863962573514521 0.886012566494296 0.180586291877456
"cg27274718" 0.893003015410651 0.902127759988789 0.87776702125057 0.902234899044592 0.898974629343039 0.255543531292062
"cg06040872" 0.861380801619269 0.834403943169804 0.507713964447565 0.911983239299316 0.907249289787784 0.169226828425067
"cg05355684" 0.897549273807414 0.894236076297156 0.814448634784088 0.911037422655171 0.909027982216016 0.248930529806832
"cg13995453" 0.901178013315542 0.757440557298285 0.791131450621549 0.894146889586742 0.895077999167739 0.211590749086577
"cg13917614" 0.928875195701045 0.925518022346524 0.847746117502087 0.887649198833068 0.933644361533625 0.270583415263025
"cg13209388" 0.841147675001587 0.902870725734413 0.715473196565198 0.882150480736823 0.903764201038762 0.217730818227242
"cg10796068" 0.877793233958419 0.830371827529138 0.662396782525462 0.845337961247526 0.887275826419235 0.189984243456016
"cg01940139" 0.894287765901433 0.760574485715749 0.575345195983863 0.901022537176028 0.90081496683815 0.176732382564413
"cg21474838" 0.893649163788687 0.737309504468074 0.563501715122094 0.903598364509286 0.907341400018145 0.171406765807001
"cg26012482" 0.862260313661227 0.714828798567358 0.576399782982026 0.855725463846803 0.884447699811503 0.149675071066189
"cg22488278" 0.902473187386175 0.881279848671569 0.681038112880779 0.796079731332062 0.90201471777409 0.20470574592864
"cg26275360" 0.877296330780666 0.851036445094807 0.757301064326282 0.843085176626455 0.886304465626815 0.213931970725474
"cg01806427" 0.838471783956092 0.852154297903287 0.758432406944192 0.894476852782681 0.668284514394954 0.171381258467077
"cg18310515" 0.876963962742665 0.809600917084984 0.609408782006501 0.886272139737914 0.887341136591584 0.18704000961919
"cg14301562" 0.811190153156438 0.829674859968336 0.584829798330734 0.861341602716173 0.859060886895737 0.163543267214226
"cg11978441" 0.876444391652078 0.745354469408604 0.606288738398661 0.796011773297627 0.880698889094979 0.156536004982779
"cg00719568" 0.873292818320086 0.829149516271358 0.628727628788177 0.691925585899641 0.877287702346068 0.157933532700452
"cg02150910" 0.859151569342511 0.804365639771884 0.494369446439351 0.767552712130269 0.887653526743938 0.144946806271572
"cg25383568" 0.937327322641054 0.838461789089915 0.634501600339119 0.926275173247562 0.944715328008137 0.236993889647825
"cg12111137" 0.867642432937588 0.787650542608284 0.429273436465316 0.894394069846483 0.890270757013167 0.156008232583224
"cg12294633" 0.775825855292115 0.863103458680718 0.547786906512028 0.914441089880236 0.872593490298962 0.17515782399903
"cg21333217" 0.966524294604014 0.946747290528662 0.672506181383012 0.97196292277061 0.969095801317596 0.288594270091429
"cg21828319" 0.903276795145674 0.900117560124458 0.860644752043283 0.750947075066918 0.90083893815928 0.245453804731232
"cg13449535" 0.850992780491444 0.704061970599428 0.58167312638622 0.818126166096157 0.863172902255781 0.146565881064262
"cg07307830" 0.886970156948743 0.62667344894995 0.489586983778554 0.869198233290296 0.886645916664391 0.13524606645992
"cg11100450" 0.898279398482759 0.797893446973911 0.616256377394171 0.896955863297635 0.902361577837714 0.20565771507482
"cg02240030" 0.897826257000083 0.862127225478195 0.708872392571772 0.86934981359405 0.892924659981442 0.231834347682041
"cg13828440" 0.850031454482533 0.781467390016411 0.674638338620681 0.7569297341616 0.851767010093745 0.169596620137665
"cg25975690" 0.180449104829142 0.46776301827214 0.561517983689594 0.293366471353453 0.162251994064254 0.700144960109384
"cg19090861" 0.0704739741729854 0.345109898392318 0.372836424207537 0.166493093500114 0.0693216134051093 0.576603302640431
"cg11115622" 0.067407101493858 0.147627169480926 0.35059962515968 0.192257283698115 0.0889477365660668 0.541527875792249
"cg16719404" 0.445257233316502 0.200115206085334 0.275822772113639 0.477131489087785 0.0767863229515736 0.668338296318775
"cg18886071" 0.0577658480470174 0.0667027642742231 0.173918205336558 0.0763486162697622 0.080847122719438 0.468860774550786
"cg15773312" 0.0517232038665024 0.176527803180487 0.34619348528578 0.361116976774238 0.144369401973776 0.590283993424759
"cg13318771" 0.127752280890499 0.276673760145497 0.435694198634874 0.209182019537223 0.0649232031184566 0.598944167092445
"cg27437304" 0.458032038097266 0.366979048344503 0.618386384890024 0.433437076782291 0.174368146768279 0.786079883925863
"cg23045908" 0.0849865442275636 0.123997405576201 0.138666283946605 0.0786759433181613 0.115980777716874 0.490033440366491
"cg22644321" 0.0536706521803083 0.103686119470783 0.314761240526994 0.434039472173494 0.0654953008792798 0.569610852282014
"cg09141835" 0.28338103302422 0.60302585953333 0.441758857597634 0.198540460968429 0.173444613278414 0.723796176729374
"cg07978738" 0.138831607104986 0.101540231867536 0.239586187980477 0.125753812705761 0.134985300316558 0.530887539392821
"cg16013543" 0.077960555928205 0.0941861821285355 0.257311280130532 0.0669633355493483 0.0828388327847535 0.498782516079689
"cg10439456" 0.39336654212212 0.271468421341313 0.232278129026372 0.616927642976386 0.230088901274281 0.733391368926489
"cg03989617" 0.0898277447175879 0.18753047023681 0.329274568805334 0.129806374276603 0.0808682664625465 0.552442924660991
"cg04910877" 0.171019036417254 0.285970011891812 0.253335098598505 0.170613629226028 0.137969883801738 0.595841156241432
"cg00695799" 0.0792723755209907 0.202279374084887 0.381472036202346 0.0501287416025965 0.125630990304243 0.558712898897057
"cg14011327" 0.0640010487830241 0.0938544625352162 0.14015266904611 0.0707188542015771 0.0675664467945714 0.479551783874278
"cg22897715" 0.0428409190180442 0.179236113242149 0.141645688067864 0.113795601868014 0.0434306137398215 0.500779131363345
"cg27122888" 0.0599936074419791 0.132613802550096 0.223632357529705 0.116224715874208 0.0682433668509178 0.517145345039528
"cg24138325" 0.118477129980021 0.452721583597755 0.288977248914656 0.187152961817834 0.372668309374041 0.684838845928487
"cg13942283" 0.203241313098391 0.4505826559843 0.473000099855493 0.369966662558938 0.218910444077665 0.74538290181034
"cg01447281" 0.0651081019773439 0.0913526600074017 0.247579344572135 0.176055284541628 0.0690712618815246 0.532514476393713
"cg14219124" 0.0675321160609303 0.286505960703297 0.514872932077566 0.091913579052456 0.0447872769665695 0.604496725499703
"cg24088496" 0.40351117030115 0.205519966807143 0.337750859617281 0.37000417881874 0.254992761834981 0.723225232053304
"cg22589728" 0.18098478402876 0.344851376416777 0.489511054107683 0.245236465587056 0.148807339860161 0.691188293827842
"cg25719851" 0.155744936810544 0.212987279558763 0.420811344870235 0.363074547725759 0.252271163262247 0.702434601349326
"cg06875488" 0.24414390988675 0.474100155921132 0.583751895895735 0.311677491355243 0.153630912633447 0.778193851986781
"cg16651877" 0.23314190200807 0.299886317064853 0.556537629373787 0.256238675155996 0.0999509294422507 0.714483562479274
"cg17176894" 0.0822558091086879 0.292106211593482 0.504864512642009 0.0804147648872407 0.0926412622693595 0.637239652202781
"cg16893868" 0.0559838039704341 0.180775621429832 0.26051073436723 0.118103502635061 0.0579807739753918 0.565948022447167
"cg09101151" 0.178177926528392 0.47107414579185 0.571878553465872 0.0816585795202405 0.139127292202503 0.73422044428716
"cg10096215" 0.0508062840247183 0.118362083954932 0.351462079143496 0.0882146654796205 0.0903394348559441 0.587941010758706
"cg09284949" 0.0735620659352738 0.400142870103239 0.443960270200073 0.12445155055288 0.044314422411506 0.665978509284774
"cg05756780" 0.124458121646142 0.23087856195075 0.588910496214424 0.369521395337362 0.0716094370128018 0.727055020232728
"cg15694422" 0.0711213145187026 0.317755116361984 0.200412453137485 0.143996087616451 0.0655482866944045 0.617847384179902
"cg24315421" 0.046973613673636 0.248691318514017 0.478305882904286 0.34050748321247 0.0475123729290411 0.688085369306927
"cg25887844" 0.0743113619783804 0.156558719017257 0.282924814536755 0.319130955774674 0.121776501796392 0.651449601832401
"cg06832898" 0.0513010888177159 0.212382180573999 0.507986089767878 0.104758663539812 0.120768573610959 0.669844712032026
"cg26348226" 0.0878139418585248 0.25921854696254 0.461002159698561 0.0524951800088621 0.066215240478711 0.660125667180805
"cg07675477" 0.190750962080042 0.146197363926509 0.296964126263008 0.247576339564601 0.18234444635315 0.693742333262689
"cg22442430" 0.334414996573873 0.127775263806588 0.187777212235809 0.134693344796759 0.186120525282184 0.680708635938319
"cg26971042" 0.13116972162698 0.110627748559027 0.224817307106356 0.0721359378099615 0.109289310312414 0.632079097194014
"cg09001226" 0.0742275442311723 0.420612657813617 0.474304405103003 0.203655480776988 0.059875093360357 0.753971789073998
"cg04179740" 0.0575138505530568 0.121385642624021 0.358851769003759 0.288924358356009 0.0577709652542968 0.682788473755297
"cg17766305" 0.0920313619550096 0.530322019976492 0.655054441071687 0.17939037643351 0.0582556623767678 0.823365637756044
"cg12273325" 0.133821886022809 0.196332770718852 0.414486045442798 0.0710392213982958 0.0499995878968291 0.698382824538253
"cg07381806" 0.406114256182624 0.189621544725952 0.498713850084583 0.0782862836656572 0.105750033696535 0.792058669637741
"cg18881723" 0.0720161041969872 0.0604087915687127 0.211643884433043 0.0661070708648872 0.0613209065537387 0.639645835117902
"cg06117093" 0.0911259382449646 0.135638814087314 0.392706051705144 0.164209394727553 0.0665955386019575 0.772061110803992
