"GR" "MO" "B" "CD4" "CD8" "NK"
"cg05398700" 0.111776233682814 0.889204708440718 0.964224805946965 0.974659779291108 0.973834136603871 0.974977581383641
"cg22381196" 0.076715112686458 0.756082280932063 0.945336218866489 0.940282633447567 0.959387740230705 0.937950024557674
"cg00660167" 0.112352910814525 0.756331524539183 0.970230422231792 0.965498897423913 0.968848549068702 0.964767830615149
"cg25739938" 0.0907653246563062 0.854285319875455 0.91381143157294 0.912118406322362 0.920471839784439 0.908064598338063
"cg05936004" 0.0820747378362617 0.776804809525588 0.907995005557369 0.926260084171895 0.916289224140431 0.894724021246888
"cg08253808" 0.0816464163747845 0.714483824225567 0.90824341623004 0.920505990561758 0.935721175132155 0.918173004092426
"cg12483340" 0.0793902225625567 0.775610391266046 0.897467523097626 0.900894435484379 0.901895937152197 0.899980402402235
"cg03146219" 0.16121809845052 0.902537193603546 0.967141515652095 0.970166157785769 0.968322228447896 0.968418039637245
"cg00705730" 0.0976075592036779 0.838291613726092 0.910915030849085 0.898194010544488 0.898374637938902 0.911511668576673
"cg21792134" 0.128638725803608 0.856538384185083 0.943473622903436 0.92817975800771 0.94772036101165 0.932624606525457
"cg06526020" 0.0923409789761878 0.823183317666331 0.915348901156259 0.878915906894012 0.905307780646272 0.885092661774805
"cg03637218" 0.0907821711261693 0.851639899553783 0.904696454880373 0.875631487450869 0.884678770028203 0.868156691667758
"cg06270401" 0.0949942471656274 0.831781383381601 0.911709037824129 0.915340489471357 0.880709350363922 0.865453543151116
"cg13468144" 0.117220538464759 0.88072328241795 0.922545814204004 0.870667171463015 0.924950361768196 0.904803707887213
"cg10611016" 0.0823767042315753 0.63926325594761 0.918981014938262 0.917803028068898 0.929583910823969 0.917891223937975
"cg19037107" 0.104321472606818 0.841068272531253 0.9087448679757 0.912980489158306 0.889160373857192 0.876778193492135
"cg00439981" 0.0708633532581621 0.549859760737002 0.940047018626949 0.913025088595676 0.948358841530026 0.904055745724161
"cg04609694" 0.106284934054417 0.807048702891034 0.904087366049154 0.905525141305282 0.909942815489116 0.892217696091091
"cg03340036" 0.0830940181406304 0.719451561273973 0.868575746326595 0.883017041071547 0.902900709835907 0.90069623086388
"cg23819411" 0.117474700663993 0.679781726307073 0.949414559862273 0.941564692824252 0.943153466816252 0.931588100138556
"cg21685770" 0.0724903157156249 0.70911408434766 0.85391753920556 0.89358362170079 0.902793599107607 0.857832575273388
"cg15878616" 0.127741528219526 0.586458486757031 0.979577576160511 0.965844601088987 0.992453288286985 0.966004385961829
"cg04858164" 0.121039686334228 0.833550951523907 0.905874624584768 0.876342740919785 0.917687973413762 0.899285250767797
"cg11014468" 0.142524669360449 0.865069766638437 0.917327268757535 0.912773921353141 0.917296442152627 0.912205733265365
"cg23169883" 0.0963382381335378 0.41612495565447 0.977246035370289 0.950621203215731 0.979731749224988 0.956903618295153
"cg25006077" 0.127067353282538 0.85267296026883 0.918416611038846 0.889922971776369 0.900305824333067 0.872287607804516
"cg21285555" 0.0858682405076314 0.767624825261391 0.866650769820782 0.886682590878353 0.877544066744164 0.82745907137131
"cg09342997" 0.0955399723514301 0.776428982261778 0.866571966999706 0.861903907122057 0.882985263477386 0.883128489628115
"cg13652008" 0.119840572498205 0.777208455946601 0.904916526757894 0.908971397978572 0.909146164032199 0.886776260622014
"cg25605731" 0.0830832626601677 0.502977818132216 0.865708367519076 0.947863519938229 0.948693098362333 0.937834055038615
"cg25600606" 0.159653632020194 0.852515793583719 0.933047438206831 0.930655951200799 0.937315031548076 0.928472076360618
"cg01692842" 0.0748414542935162 0.798728393326251 0.843552018968471 0.867777483640663 0.838220356576272 0.803167519999417
"cg05627557" 0.0823834792386796 0.709068476958104 0.866704106922453 0.874818410409478 0.865719069801988 0.85577171308291
"cg06465076" 0.115847317969698 0.738570109634048 0.908631550493348 0.897204667229077 0.904821000138539 0.889209089058767
"cg17852482" 0.121540702257611 0.817759591000288 0.887065510735928 0.902988579539522 0.889623329538814 0.867632102687462
"cg15724534" 0.154932415835242 0.852939039963518 0.9201368953269 0.915453541100878 0.919997766774752 0.91454344279414
"cg09859659" 0.135343260901486 0.8478895690171 0.878796167636992 0.914448057005042 0.914333094112569 0.867286061654129
"cg16802439" 0.171953033848343 0.720064720611351 0.974159930075881 0.960224330051963 0.984193588672529 0.963281211262031
"cg01699630" 0.130848016176813 0.855328493611234 0.877424455147176 0.887818243677517 0.882219848447633 0.881018273541231
"cg12809098" 0.125220066368069 0.698087539292399 0.921664210566468 0.904709766027213 0.92367170165423 0.902965830506766
"cg13595556" 0.112684016574975 0.68645183180933 0.929327788351451 0.903588209023893 0.898705728845572 0.86450055128472
"cg04855678" 0.0844229225688079 0.535042699135575 0.900629754085464 0.907696873405112 0.931017429119795 0.865443361371115
"cg08154963" 0.106460862168806 0.752017934576904 0.873758193489188 0.885073271264024 0.877991866874245 0.854887514898132
"cg15086439" 0.0927437626878916 0.638512606666796 0.882564146603993 0.865074660870875 0.903285436076119 0.883138525632492
"cg07409471" 0.157231103560893 0.83315753862777 0.924720984664641 0.919811165947613 0.915739660990619 0.898974460339636
"cg19460836" 0.0798851772582571 0.623549786661178 0.873361813156805 0.87509304886671 0.874850234167429 0.857859178849439
"cg07212327" 0.0907403430880515 0.673564170471394 0.876682012918034 0.860720581967074 0.893090691203448 0.847844224272578
"cg15520845" 0.143968854528685 0.825866071787082 0.896814343026319 0.884818879343336 0.91267624751756 0.890288270904557
"cg25757820" 0.1533642089286 0.761169000803661 0.923726289734876 0.928250768518496 0.931751889089039 0.901717577030384
"cg25968394" 0.117261618896281 0.649321328029344 0.89478565374094 0.901096847488578 0.918327999787098 0.901704970352802
"cg01582066" 0.684350273490544 0.17643920129415 0.374320301877673 0.337995526372355 0.283592537833554 0.132965397304298
"cg26609120" 0.656200201431685 0.106119262678768 0.0447166910845605 0.415520744181334 0.349660523659793 0.230749272631195
"cg17717866" 0.870829298476929 0.517655326372216 0.527511292285471 0.298747292661928 0.363703229379398 0.481504471432581
"cg23651889" 0.692627399930877 0.237252752634119 0.0808609420629701 0.288737953140245 0.433424219683063 0.240154990102675
"cg08608952" 0.788279318696915 0.389239722120179 0.333307264397856 0.37331687968914 0.318327039126589 0.335469341074422
"cg26283496" 0.8665349441627 0.419827810190389 0.509645554674507 0.50360608306854 0.443553161918342 0.22082724097255
"cg10825315" 0.507251241473099 0.0819910299701168 0.0541112542265319 0.051343110202801 0.0551759673922402 0.0509453830295003
"cg17486314" 0.738545396882078 0.424107899015341 0.481913330196762 0.183300446551104 0.127026875182853 0.21887935954325
"cg21761853" 0.581378790630491 0.163387422304966 0.167422110425287 0.125392381652657 0.0785573468840534 0.0868279858476826
"cg21052932" 0.589976310903748 0.444964757121055 0.0482439921463893 0.0644871639097423 0.0331272558173167 0.0717936124983517
"cg26562691" 0.868943070561973 0.44989390932985 0.284528194334643 0.466581397313197 0.461857626029803 0.394059020322806
"cg15535471" 0.833511811498242 0.402661856526501 0.417064664201343 0.480748675641118 0.413233477900812 0.160729886782426
"cg21221767" 0.55333837326538 0.0951078394313098 0.0418923623799734 0.0634067764039398 0.131661736934302 0.134765481480956
"cg05021589" 0.707938628048376 0.108860648180255 0.0661975598403087 0.255423883633102 0.390355359878004 0.40997066262413
"cg25133951" 0.751530775524983 0.466334145578795 0.0644033174601949 0.419036753113177 0.272587930288067 0.215126202422513
"cg21057323" 0.687675618919267 0.363588155797754 0.251369531002946 0.150530460816524 0.142697809181909 0.209416267717361
"cg11906021" 0.82815135882837 0.319374860398525 0.408564256715971 0.521428045708766 0.374120128257267 0.188116364859662
"cg03889044" 0.765347024540248 0.501858729812238 0.33156019033841 0.166521592100342 0.131581288321516 0.360143988712427
"cg26169783" 0.667429482355167 0.130147757343748 0.229932400207108 0.223016056349428 0.245244511462473 0.154115154023469
"cg17694130" 0.852306839060369 0.395132665721426 0.385945445518818 0.409837835773327 0.372918823104764 0.331160129440304
"cg07248223" 0.603415487757073 0.366882135648221 0.0593928658741802 0.0717452822050952 0.0584002313190839 0.0794248069800723
"cg07754940" 0.725796524803935 0.277456909485582 0.315156160787472 0.227275947431086 0.209850534306652 0.213893271612764
"cg08653292" 0.850583859320585 0.573031330506793 0.134553763194581 0.31717780524715 0.434100405691418 0.404697846869156
"cg27051683" 0.817411933906135 0.519928278798989 0.407661459309844 0.179094501727867 0.144208051227552 0.439131158061124
"cg02212836" 0.801869137694969 0.255548666005697 0.135019769655968 0.302286944896992 0.418803362092768 0.490225631219234
"cg08428292" 0.830043124086717 0.589255589917082 0.211527626115453 0.214017134305499 0.320464378234194 0.369007681891241
"cg05492387" 0.774158832320045 0.148268518626549 0.192311481426426 0.31934083702989 0.395921085619196 0.347665647734466
"cg20146241" 0.602272639709754 0.30359839299693 0.0519733641014574 0.0646464864471704 0.0385199169281256 0.061107601204641
"cg16047279" 0.62309829982208 0.367670049314212 0.0503748805643187 0.0695790182351332 0.0435364169821529 0.0570694874344429
"cg02007288" 0.880837962111636 0.165121611356348 0.398204476058203 0.444660340954441 0.454281805378214 0.393735769259657
"cg12240358" 0.869869259927328 0.34167526051958 0.0962465136245805 0.433322736505643 0.501678284291785 0.409957197802316
"cg00795812" 0.754784774596861 0.301798459143825 0.30744697126538 0.0887263129938305 0.12547131823091 0.369469560396408
"cg08817540" 0.661283036478623 0.0874314938373593 0.308198039149921 0.0647221946800503 0.0803750166505686 0.170724224170582
"cg10502324" 0.70656678961465 0.121026988905352 0.373428621744031 0.0906101507196998 0.133282261851112 0.214156616362369
"cg18128887" 0.620488184523171 0.312462622394588 0.0356424362278377 0.0475110415904155 0.0182032437167449 0.048233690580821
"cg24314564" 0.85303060329882 0.103944536329464 0.453717899047197 0.360825156539891 0.342861588518022 0.352049019695769
"cg15474337" 0.657746723127327 0.0749401345926182 0.0590369144917868 0.209413210582034 0.187659287117183 0.0889599418501932
"cg27058497" 0.638352825556691 0.233992108029625 0.116358720977523 0.0728703218208424 0.0398021697907069 0.0563024261355578
"cg02331830" 0.723708333022649 0.156198528652483 0.24154686656047 0.0898094379252875 0.11158131910925 0.322923096454718
"cg12991306" 0.790451515155787 0.118193729762421 0.0727986288422288 0.466226702026837 0.360787330392135 0.235937075630998
"cg09221159" 0.715487055776624 0.450446559666021 0.124385010791159 0.0972314003791157 0.0588182136788158 0.106435339798004
"cg03722295" 0.73147045884596 0.260937564643524 0.287631995992636 0.131639040707461 0.121926712738055 0.103303560850928
"cg00661777" 0.677211279525876 0.0834890814911476 0.0734364401147051 0.243958487995688 0.148411785538889 0.0770390994413035
"cg23280720" 0.821501286525852 0.59149787391012 0.193361037164038 0.0982263470530596 0.0569183106656766 0.21252374680967
"cg23954655" 0.71752890605119 0.16366953400568 0.0714494442861263 0.0666540034743737 0.0760409454910814 0.131450411352822
"cg10699171" 0.794278868304128 0.52403411931885 0.0917198389073564 0.104049989009522 0.0600800899757789 0.112875712716772
"cg07427475" 0.813907915074204 0.16469428165958 0.0678061536157122 0.192523356459128 0.166182465862826 0.321067511173201
"cg11354682" 0.836964547618085 0.0911225612376393 0.0512623482382451 0.302046253955521 0.313442140288665 0.0895752011805868
"cg26341831" 0.809063530299777 0.235805572106834 0.0479824397754584 0.183435585610661 0.0492887493759836 0.0842554800830716
"cg09993145" 0.824496455857466 0.100208371243363 0.140209935518904 0.0596616544843724 0.0262349443453077 0.0457505802857576
"cg26872907" 0.956983751749084 0.104377614778695 0.953197481004609 0.830721865030834 0.957734888586604 0.859368864860321
"cg23244761" 0.976495543715985 0.149583520384396 0.973114067006225 0.896833716091148 0.980186787156909 0.906209709858412
"cg05923857" 0.858860301196896 0.105749845113399 0.931121412264907 0.774008976510567 0.936017346849913 0.853413973359892
"cg10480329" 0.86752245796657 0.151490729906629 0.916431892557733 0.891955886963327 0.930376230322141 0.890081547805277
"cg24788483" 0.925921250131234 0.175250172320905 0.950013476997289 0.851108720861234 0.968854078966867 0.885334656857671
"cg18066690" 0.919445113188904 0.160779922253973 0.911435130259653 0.864011431717848 0.913328763573571 0.881390846759684
"cg20610950" 0.581671045344689 0.101328347306252 0.916573326965252 0.864243546985547 0.935188931967467 0.884761242357621
"cg12655112" 0.672405614162214 0.108396100473562 0.869529005182677 0.843698881527215 0.949037439637846 0.881528000935131
"cg16636767" 0.877176410991811 0.163442876245513 0.868317440023223 0.858474796446897 0.910578104171009 0.853268092427674
"cg00701951" 0.654359443307165 0.103895489773116 0.901485291805559 0.834228624027799 0.86402279811113 0.812181761315608
"cg04468741" 0.859162944302055 0.162742798338222 0.912566257524672 0.83988939810932 0.902359041401647 0.843627755320781
"cg11186858" 0.446078070601028 0.141940006503453 0.962118424368107 0.928271709416464 0.990319082935079 0.923607217884656
"cg20641531" 0.66444046780436 0.147212908568565 0.900829220162868 0.893013558770967 0.920579886493892 0.88619645486321
"cg13093111" 0.429321597665935 0.0810115210361991 0.88232417014216 0.883795325652874 0.913739348143405 0.824487599879102
"cg26538782" 0.852387913070333 0.115398547773081 0.630141292485068 0.853969752216191 0.913244842410543 0.852504455840557
"cg10624395" 0.918006585451716 0.174769255501116 0.882351530804206 0.846632378830122 0.894483005085398 0.848839840264699
"cg09220326" 0.403703701010944 0.0795665093380141 0.904112088225573 0.84945633033951 0.906498121852514 0.846746516337871
"cg07002540" 0.724500193652563 0.114294775961519 0.880193286834194 0.800983312064691 0.878352254988259 0.793764313193906
"cg13430807" 0.86341653965796 0.135168794271655 0.820216109608822 0.808697323659584 0.891316374972203 0.795242776896282
"cg10278149" 0.661386660695524 0.113696248079958 0.848124799796751 0.845014780550353 0.887852040504012 0.822301308920601
"cg10499974" 0.370503998296861 0.0717972648128265 0.839812038927493 0.854428034863097 0.937259875048921 0.850973769342256
"cg14109551" 0.778578686353642 0.165998078128142 0.915700948232557 0.853607659455728 0.912273094172883 0.853079784043904
"cg08694574" 0.690320110477972 0.147445146106226 0.897847625442642 0.856927370958087 0.912961093068195 0.855677603003926
"cg23391288" 0.926598859985085 0.171190259884366 0.835066178660966 0.819116322753938 0.901580406708425 0.840604535434228
"cg25898577" 0.755420195229955 0.154027759381356 0.900752101524612 0.856084237957339 0.881434535879333 0.824205200997472
"cg18990407" 0.856190575986829 0.153421471270475 0.573332792630538 0.920316283478129 0.954955481881226 0.909126726990711
"cg27059140" 0.4166479301132 0.0904745663060273 0.887070771701456 0.865498038875671 0.891697370795636 0.832525284542678
"cg00208012" 0.864542232292045 0.143845584046698 0.79940676744356 0.808356222398486 0.872756827488025 0.809134772438308
"cg03313271" 0.357917297990199 0.0936727000819597 0.883519286810163 0.870534758500081 0.918239419201582 0.861744216810651
"cg06489037" 0.354291621612874 0.0897636226391174 0.909374726857297 0.846654895261958 0.906371801189022 0.853077739864083
"cg09351156" 0.128278880027661 0.0811341160387114 0.856578631809875 0.825344552382892 0.873427629619984 0.809971696318117
"cg06297318" 0.780903224802246 0.135452673810609 0.827443556417025 0.810700913693753 0.842807786971355 0.818734604914739
"cg19301114" 0.824538559963152 0.0850325297618035 0.775043716433546 0.740408197801938 0.799681937132333 0.688534673071953
"cg19358608" 0.504019868910934 0.104200279543468 0.87543796389791 0.838654758697721 0.875753780731982 0.825868016565383
"cg18835472" 0.653831041598046 0.107116420847961 0.77501261626571 0.803209388222255 0.878119980278493 0.814654616325299
"cg09322573" 0.573476216136176 0.108597429508164 0.79860640058967 0.846165138215706 0.895592562343212 0.815609141133089
"cg25856090" 0.47392127165493 0.127082645662597 0.921649545396772 0.86006709526598 0.927335475104846 0.836110570850663
"cg24365417" 0.740882396830505 0.138969143109507 0.861685306989289 0.828158746823748 0.860822446935355 0.785019448733624
"cg02244028" 0.862960759295481 0.186565733678819 0.881116635358269 0.849955540112336 0.888925328862566 0.830637962545646
"cg02861504" 0.313115414941846 0.0699137196217647 0.826416933221368 0.853996288682198 0.902775359770585 0.826757124919804
"cg27366072" 0.746287054904514 0.155264635944492 0.790988715682983 0.87027164289233 0.899840180981711 0.836328182421812
"cg12207930" 0.599225485237101 0.112939858995866 0.821036089505917 0.815993107734028 0.86576153606846 0.825097264173551
"cg04851465" 0.806221326076506 0.19398271115474 0.893714673413454 0.859360237588717 0.899749592005801 0.869768058822612
"cg20978247" 0.429080802491108 0.124007343367801 0.876681701584942 0.874450231533441 0.935158276755551 0.859544877820752
"cg16429499" 0.881344679265734 0.092768889892686 0.373429076363312 0.836470831000293 0.90503822162151 0.821880416150498
"cg08908131" 0.868955839713876 0.132444204478746 0.83189749192209 0.792103096248916 0.789447690054371 0.710275096887707
"cg24238409" 0.325911471512151 0.0965565667222649 0.899045016379863 0.861387217445217 0.898264954221819 0.825477148141227
"cg05242065" 0.802678184782227 0.158195757711048 0.841891434403616 0.724017737392501 0.889707230958208 0.859286025903767
"cg22675702" 0.80638449995018 0.146158812266825 0.803770679947837 0.795446297909669 0.846914654608248 0.792708679960784
"cg01041239" 0.768767713050434 0.123994413725869 0.826740247520828 0.702557616842451 0.831559328982319 0.793960531475052
"cg26270899" 0.217750632110786 0.40822474304322 0.216892103023237 0.250801887750507 0.12929546780263 0.144229976861756
"cg08866634" 0.176076406644095 0.319392105087072 0.144977367424411 0.0589594902566935 0.027816419850098 0.0618723747232496
"cg25653947" 0.397274636260841 0.594612336391621 0.452693105521695 0.336337886053366 0.26259640686566 0.371258426866083
"cg27506442" 0.156839849709251 0.298689661765779 0.0493356372716707 0.0435232120490127 0.0168361946834564 0.0467478837572463
"cg18582260" 0.136296689482509 0.355055698029398 0.155016840663037 0.0602757103082939 0.0789216186502196 0.0824079325821243
"cg13112407" 0.25832603814324 0.379386857626535 0.135911035491972 0.0733978213251253 0.0302521590605781 0.0645493682729772
"cg07283441" 0.267214580579074 0.5591797976563 0.328138148373195 0.20508457893744 0.240556112947124 0.362784557731031
"cg18257485" 0.442011934080406 0.744661847809144 0.55368308824831 0.467199821584985 0.422309734626315 0.457552820072306
"cg06015525" 0.249352160811621 0.462705259277781 0.280447563883312 0.152570073871979 0.0897535649420919 0.156959583150116
"cg27133780" 0.319885266091085 0.4488348293741 0.193669337161275 0.147218371936332 0.0720398631602609 0.109520017202918
"cg19574915" 0.169594412812532 0.485814242312543 0.162320379472219 0.159240199805682 0.188217516551803 0.344067281637693
"cg00782811" 0.258441855599323 0.506901527893779 0.272921635474625 0.267588737173968 0.170817212915877 0.135410021278931
"cg25376651" 0.271358317856455 0.497458329870781 0.261874686322673 0.171395148582128 0.167973251615723 0.181358064630751
"cg05975710" 0.595126413472112 0.745599022355773 0.323888082241435 0.431499008510655 0.415933516055268 0.504193635429187
"cg11706849" 0.616216193327334 0.887728869154581 0.55463349370677 0.667066431893205 0.492611953815243 0.628223667438262
"cg23053742" 0.14489361907286 0.454633353553704 0.15318185448824 0.170173400425569 0.12478650071011 0.150985924401721
"cg11497377" 0.507539528842696 0.647569246860667 0.271153577948804 0.256481511043869 0.291193470326434 0.370489082804177
"cg03887528" 0.341678431890072 0.557692332932833 0.155384321100394 0.255591744090181 0.290541306474521 0.191840843929222
"cg18808777" 0.235251963436959 0.494226878557428 0.306418932072518 0.107786471835696 0.0738955491385783 0.171880481459854
"cg06395232" 0.320799627262426 0.497195435287625 0.174842305027327 0.121981615072437 0.0828170781848134 0.195478656386845
"cg02908942" 0.491525537669757 0.724485595657864 0.261960740759278 0.423946160415775 0.350018137298081 0.498156431445718
"cg04453471" 0.256764172709472 0.509568884320843 0.148557944103414 0.238105603785866 0.180151408217727 0.111429631712448
"cg23462242" 0.0713596611796167 0.492475831025377 0.182884458625617 0.104902651046908 0.10446615264462 0.336425209384969
"cg23358740" 0.102640539875459 0.48090127969246 0.278912349639968 0.105120061711512 0.0615798313908258 0.191804360779747
"cg11775828" 0.399485835032999 0.58833005305135 0.330348658839494 0.200218240804998 0.158120963274225 0.16752426075834
"cg22651103" 0.0551227897451009 0.421582224852011 0.0850078653783507 0.107555176465354 0.0493047134069972 0.096296869710146
"cg05056497" 0.395835526738045 0.696306633595714 0.501707429046752 0.247491233314519 0.31640154990278 0.215241490140898
"cg22843803" 0.219850025577544 0.537657508623966 0.275563183672198 0.0776859229250655 0.0594134881107582 0.201615047893868
"cg08462055" 0.405039299851191 0.533035619616353 0.0636761466105721 0.115436596522785 0.050251156214295 0.103135042870969
"cg10768932" 0.0411252284291577 0.443105850623119 0.0448765785072031 0.0824352246260843 0.0408833307161891 0.0775460704868958
"cg19159011" 0.43994050979768 0.594854220976323 0.182009158268961 0.101145650389786 0.0654695817060703 0.210143973535461
"cg18923906" 0.22406453255376 0.577668952153016 0.307923702784307 0.148301382913057 0.0863710227643189 0.139116322013313
"cg17177006" 0.125161521728174 0.637496481293034 0.18566511667222 0.150709288385794 0.225847416842708 0.495268071264603
"cg14655843" 0.401172133203136 0.604822137826947 0.185217698888671 0.135023305373257 0.109242988498427 0.173584357585091
"cg03771282" 0.542478612497534 0.769617254506087 0.412051690934071 0.180131809315905 0.257723923800998 0.427124902036717
"cg17830204" 0.324579191547229 0.533351401490574 0.0610094198521068 0.100065356358202 0.0342222364292785 0.0978273428422333
"cg10578938" 0.138716759076528 0.552617287942049 0.142599180630958 0.11646979661363 0.0801141575370944 0.219448579085856
"cg08425678" 0.163799877460069 0.749093191913777 0.243371261831504 0.539136151332121 0.363290037131732 0.357127212088318
"cg19215266" 0.535367362848202 0.798791408309937 0.462251080445762 0.336695621154698 0.282123998433654 0.295213110798484
"cg25096745" 0.175471512062261 0.65449013591149 0.490001767790547 0.142425432364847 0.0908113810845557 0.145423506730344
"cg02291020" 0.0338327912859659 0.600979666814038 0.379324051169767 0.103449243738919 0.0374659423200034 0.13118739287397
"cg08224785" 0.249781780402771 0.76132422880917 0.220327211577969 0.184838705958764 0.168708968771818 0.479457968129158
"cg11977716" 0.334831411434617 0.69172603895831 0.0912478649159411 0.11580966747161 0.0672699397168334 0.147516953370408
"cg23213217" 0.138544694897642 0.780805169662201 0.34468156249801 0.200008215526325 0.110880952406634 0.376646932515324
"cg14364797" 0.172042709112068 0.729790177459657 0.389581496191573 0.199746956162241 0.0412943799483006 0.0797618084896982
"cg02879423" 0.0723515584249948 0.767957050645148 0.539061719349405 0.176545593249769 0.0727532020491652 0.153784559597271
"cg24957609" 0.457817591266464 0.771579969663933 0.129110976707618 0.169372741864246 0.0728198069593622 0.13771255780897
"cg12609063" 0.611646824288365 0.83312709494558 0.299092527515639 0.136211927855487 0.052179133027799 0.122457172268406
"cg03795574" 0.0872392012240458 0.749339925759639 0.0719749173459752 0.143500324246124 0.159539572125458 0.332305993643115
"cg10639435" 0.357488511165221 0.801473562457121 0.345647500637891 0.136055364721147 0.0487231305317231 0.125948963350951
"cg02665297" 0.98443217811716 0.976449547942611 0.072011047775234 0.976852179802625 0.97932729949393 0.967584732666022
"cg27106643" 0.970205967520245 0.944416521727782 0.112545070172291 0.961999232602904 0.960431205395194 0.936339738645623
"cg01024458" 0.942639982068336 0.931068699071481 0.0724989284738633 0.890724054032553 0.877266791286969 0.878085314634852
"cg15348679" 0.919620345091648 0.876476344481279 0.0904606292203183 0.920505445978157 0.961884311933835 0.924320290043005
"cg25131632" 0.955863927465323 0.949605044648544 0.0882674991740536 0.926979161449273 0.882762356710719 0.874447861232568
"cg21596498" 0.910265230160365 0.919186095025756 0.096890101948576 0.929422470773276 0.935301167835725 0.912036303458789
"cg04828493" 0.975193448981597 0.886058710677415 0.111820622812641 0.957121707297211 0.956603006441137 0.882590722128791
"cg05205074" 0.921254238128115 0.905369441763272 0.0852923150327944 0.897440356480727 0.892157024516698 0.878679816376774
"cg13738327" 0.974140988748826 0.968103444892538 0.125461694042977 0.965689184752553 0.903902342848858 0.882904415586637
"cg19276014" 0.987064844814947 0.975695320318826 0.165166426399742 0.980947097945934 0.980281440254438 0.968719491127299
"cg14936008" 0.915112578347498 0.914051728055526 0.100517860959513 0.913598450955197 0.921265944205779 0.90499931709702
"cg07721872" 0.934441808589413 0.925495927657856 0.11807608674451 0.925051465163951 0.926706054247639 0.925403162932252
"cg17232476" 0.909590813299041 0.861437975746538 0.0825320000130551 0.895391661938177 0.883918922851942 0.884203770088404
"cg04153882" 0.952797278519441 0.922639452442056 0.134234807926211 0.960024506302876 0.945029135678377 0.904443954263156
"cg15035590" 0.915475740043256 0.905529276332186 0.10775557543861 0.916560317532502 0.910863181740846 0.903608323405524
"cg11661493" 0.877709562069712 0.880118343882644 0.0764391142514852 0.889670281226013 0.882638071534222 0.863432971311732
"cg16210395" 0.919377581001571 0.924133716107308 0.0777904700004016 0.891208833105408 0.833646290069464 0.82106271236549
"cg20602300" 0.919408069309444 0.920296085347529 0.118486247536834 0.923656450281894 0.917288828298544 0.905008803493025
"cg22212560" 0.898397749921525 0.757011611448035 0.0796044878164743 0.910092905777314 0.911433207296125 0.891956717461383
"cg25469923" 0.8973829655076 0.888750689272133 0.0924036624060453 0.89957121127658 0.88948107422134 0.846787618610627
"cg11774624" 0.921495647221396 0.911999266934528 0.139076099814544 0.95401431541777 0.949824864547986 0.917425688833883
"cg26552743" 0.863553781105119 0.864277116802473 0.0815411031432869 0.889659020629813 0.892996039517752 0.851506190748552
"cg00760938" 0.883614103765932 0.883707996010491 0.0872093680659819 0.898959718942337 0.876873572448841 0.846462659974239
"cg02212339" 0.963873512887173 0.951653721668387 0.159303922323053 0.959538859094438 0.940517974364734 0.932283829408
"cg16148346" 0.904954293600846 0.881529178099655 0.106958711062506 0.906089917527779 0.895566523648189 0.897441176173263
"cg17995557" 0.900244451600192 0.887964531253373 0.0791687373515974 0.89819758866835 0.876335682684086 0.781767669181444
"cg18250453" 0.909629456875881 0.912361185579916 0.102551942771475 0.901834001973422 0.878000094388608 0.852361012348148
"cg25683989" 0.877835452563012 0.877325466845986 0.0960908529836336 0.892793367934757 0.893887244081253 0.875997239417118
"cg13356455" 0.889851953490929 0.882453074193348 0.0848236568605121 0.88790052213627 0.850788896563554 0.847493904832982
"cg04838847" 0.980864430499293 0.969917005762433 0.18945892033387 0.979912691373842 0.979488285624242 0.96774913416678
"cg21743182" 0.885088047755724 0.876324805203808 0.0901112764851951 0.879360708981384 0.881807926537112 0.857483531181395
"cg22498365" 0.914457158659105 0.902787978290368 0.111498259991337 0.876895520188225 0.890198975492886 0.894270524062364
"cg06889975" 0.860958201642886 0.882175466333626 0.103797453456569 0.912859317651115 0.895341516071701 0.882199438602736
"cg05579731" 0.876136295261598 0.893636505288605 0.0819345985752494 0.858254623579132 0.853508610745906 0.840828220739383
"cg26692003" 0.985034904958746 0.957599964839218 0.183754159485376 0.974525647602316 0.970446288243641 0.942704427968488
"cg16654610" 0.879209486549769 0.899568615471604 0.0865828027974931 0.871070081100866 0.840515863739874 0.851240809456058
"cg23683962" 0.90111660272921 0.89847422790472 0.115510600696668 0.892630678762208 0.902223874331531 0.883528092143277
"cg16308790" 0.820174013183707 0.836923074284592 0.0695474699788152 0.856759621589479 0.863613329529171 0.857297532242198
"cg12976793" 0.922026622640646 0.924513667168678 0.133300713636145 0.905524496834286 0.902532553097694 0.897036325198288
"cg15532942" 0.895735369031394 0.900829974904394 0.101362264299245 0.883818268324998 0.862688105928559 0.845755113192333
"cg18067520" 0.814392769290127 0.756290669394664 0.0651366827119364 0.887371207857068 0.902172122788041 0.841642384174629
"cg07597976" 0.824384714438357 0.814170991972814 0.0592980812420001 0.870068438513751 0.867473616712775 0.78621921743305
"cg18184053" 0.858216055921218 0.849829723994677 0.0571201038259073 0.883759654828512 0.810401595895208 0.742341538570357
"cg14066207" 0.955018952880363 0.948933831580992 0.133985945802155 0.857006733981676 0.856918146369914 0.906650515502315
"cg27565966" 0.874539191247194 0.872306499045218 0.102883310346942 0.89369894151246 0.870731318736641 0.857187002158084
"cg03980424" 0.936168801448554 0.902017609927861 0.136124811937676 0.868106067147643 0.928262455224417 0.899371201623846
"cg03402235" 0.854390659940869 0.888561147991885 0.119858704858107 0.89767040228238 0.915121556370555 0.887672802312561
"cg08162476" 0.908322220085639 0.759481808711176 0.100096008529795 0.908036527361725 0.906399409803853 0.859703210684856
"cg00762029" 0.927037982330976 0.927372132187233 0.15836279757713 0.932255389034746 0.924200070773393 0.920430297361053
"cg22907103" 0.868634062542338 0.833892583153754 0.0924141316384632 0.877953849383968 0.869095606007351 0.850575645965549
"cg00159243" 0.235645781964018 0.466635433992813 0.876610820353502 0.569144674051391 0.347078138351785 0.246384038814695
"cg00458681" 0.154186789296098 0.330821019895242 0.668115432069199 0.0814303463012586 0.0786796241902839 0.170747626113679
"cg09849688" 0.0526991602203745 0.0631200579743405 0.636812356424052 0.216606038906279 0.154853449775815 0.163880359936348
"cg22632840" 0.0205843923873659 0.0359925004685273 0.569734960325708 0.0652952644236163 0.0959006796336547 0.0772514861443984
"cg14284211" 0.0375571862261032 0.0430548584740212 0.673624832083211 0.173506187045027 0.194273856037446 0.360766716339241
"cg00052684" 0.503168179377259 0.115375968553053 0.776447883493261 0.228579009987091 0.233849051967147 0.220731279240518
"cg24838825" 0.0691605811392679 0.0505831458019382 0.596723263071513 0.157087508579883 0.0752714345669876 0.0653613623076173
"cg01008602" 0.0426775143819067 0.234313436850103 0.783117785018963 0.159530960541436 0.377862487263039 0.52856715445985
"cg20450123" 0.0720471384624571 0.145088850303269 0.677221286349194 0.271835787554967 0.195280719990247 0.126934587941625
"cg01054402" 0.0494116131180068 0.299552243846106 0.728794128758161 0.125190570081566 0.152859479653762 0.434039257137092
"cg21291385" 0.0665762735977899 0.337611158426314 0.695084521823637 0.19408492314303 0.136268014467861 0.140332068314051
"cg10054641" 0.289492652240644 0.380876788436146 0.713374059590078 0.136653415657721 0.0560170754699859 0.0949355145935998
"cg27049094" 0.380905267065284 0.616711757779444 0.901471821147069 0.14135566035749 0.292362656889611 0.461889608182265
"cg10825530" 0.320416109525584 0.16817000099834 0.765309302192853 0.215523515927607 0.268264758349907 0.239391954721511
"cg15821562" 0.0839812634638107 0.504860561102066 0.742358788113274 0.222838380515872 0.111106962084978 0.147950336903917
"cg08698943" 0.416105527368257 0.118000810463135 0.831778128460581 0.308086344610329 0.363175916314944 0.30320262597411
"cg27507284" 0.0585932259938777 0.0706171039914968 0.721547408093927 0.435992716222342 0.278935954210263 0.103568934606671
"cg02779913" 0.0348185529565639 0.0353434149876395 0.716980690163336 0.400180296534872 0.290592243953527 0.134278937118684
"cg24536818" 0.102762870330226 0.139558334572421 0.771758600666323 0.0866401958320075 0.395562754819859 0.435052040583411
"cg02734358" 0.382384821608806 0.0451333062883956 0.701113524231064 0.0976765931253919 0.215569255789531 0.0566947296000975
"cg13924996" 0.095008004187235 0.221054617637064 0.737324479824045 0.405957609136073 0.0975329243201398 0.117985861010226
"cg00970435" 0.0870400604812707 0.268933279908718 0.710135104296625 0.209446586426892 0.0913205275885593 0.116641146627984
"cg15595502" 0.137769268424484 0.206605591846581 0.854295725312453 0.381219489096529 0.302633914549115 0.461425370122022
"cg07725527" 0.110000729346452 0.142688482676401 0.696889366925275 0.122999376021968 0.109901325163215 0.139493542770563
"cg03798942" 0.083642319876784 0.560123477169548 0.772726212152095 0.144556714166961 0.0903818994334 0.118550487941713
"cg07285237" 0.580262363702192 0.123728672434063 0.827186142039424 0.130207576613397 0.157786831410496 0.253344517274186
"cg22437221" 0.109134273398028 0.576482993356483 0.855175498483634 0.127865138591421 0.108393430326327 0.434045526524703
"cg25336765" 0.0652056757943414 0.0584408753537194 0.832684364186789 0.527792398503899 0.389792911018803 0.182973925753425
"cg23792308" 0.0627590704490548 0.216336822332313 0.699473716577249 0.0756598494226632 0.0879500989750163 0.100732018802498
"cg19268695" 0.572689656495244 0.121655172378414 0.766551525348943 0.0571010721440098 0.0409986074107494 0.0805906790239972
"cg14574996" 0.117410441707564 0.106698032407594 0.854361689878203 0.466631624812178 0.398357580149641 0.234139799438899
"cg00619207" 0.451720997470545 0.111480993673473 0.758184565196291 0.0690086272567401 0.055722647024117 0.0899781314694409
"cg08682625" 0.061508550870661 0.0703999980277774 0.79400569686691 0.173168945465114 0.264174639556955 0.38137843563668
"cg15906007" 0.0786252680586563 0.252682409457727 0.732046768332675 0.12186868597713 0.0803836062316262 0.0793416092770558
"cg08560387" 0.0286118235988976 0.0420122616088069 0.653946497609091 0.0371551150330378 0.0381750685195422 0.0486970087913331
"cg20380468" 0.144275027589227 0.47162098135949 0.866556137469294 0.0894769099883351 0.0817029871174291 0.393612886765689
"cg09300089" 0.0474495453089943 0.0547116856481935 0.805839709460549 0.424037409184408 0.178619341663059 0.0968767880112523
"cg25616055" 0.033992661263909 0.0921562089730286 0.764615239672872 0.0708513812858793 0.160426488733003 0.230540801720539
"cg24641737" 0.0569326008495356 0.056080963282878 0.712727055479752 0.061335491952834 0.0498971008186508 0.0700760326642539
"cg03429643" 0.0321626632303197 0.0503716406513033 0.701006917699303 0.0516864313222253 0.0398340637263474 0.0570112672621697
"cg00058449" 0.138168179644557 0.258208679152207 0.887605357533005 0.533203602141275 0.14061879751346 0.0867027955654841
"cg02606840" 0.024968452926462 0.15010135667132 0.737309807342543 0.0542317461414834 0.0305570002602859 0.0653609364887542
"cg01156249" 0.0570349636426284 0.0489847584460464 0.908668775831604 0.217847950128541 0.303832284071006 0.545657510267666
"cg23357708" 0.0584914576523691 0.0589654081328169 0.819966589374563 0.204129909553693 0.208260259228174 0.192591830108802
"cg19269039" 0.345666642798432 0.0917408412125825 0.79631300649902 0.0466302133110191 0.0344673063275354 0.0836389504620623
"cg04978343" 0.0933938074045636 0.116564950754139 0.816983692893978 NA NA 0.151270158280617
"cg07635227" 0.0248025836410093 0.0291859314929274 0.827405526714014 0.0762597964488103 0.160550704613527 0.348765722564894
"cg08864105" 0.0520970255974952 0.0627756935786403 0.770476258139311 0.0505687007345944 0.0637311966820613 0.095752486386455
"cg14317609" 0.0494356679415221 0.0493932867093856 0.806753841049755 0.068965724032823 0.158225715615892 0.134431131335426
"cg17266282" 0.122640022498787 0.109315524738367 0.896121409068217 0.162963141142797 NA 0.258841955083118
"cg24462702" 0.841993255108613 0.873122095511558 0.920283233305619 0.157316163539409 0.832683264057737 0.808696702980982
"cg07679948" 0.949107821820057 0.964095012185807 0.959494727112279 0.173555621832466 0.476939219948781 0.884776908675527
"cg00366435" 0.916337198707145 0.928619547008848 0.914146343479412 0.171769422336804 0.591914839409644 0.858804323021491
"cg26166854" 0.883272564501506 0.904195917770184 0.885620140915582 0.148332927165215 0.427006084285514 0.674628867782538
"cg07970799" 0.942592430026018 0.952749245205956 0.938984281664147 0.228327567755986 0.537171422139106 0.790004605071971
"cg06915826" 0.87413043897938 0.88313675919655 0.892563302155899 0.162199428698575 0.373012238304117 0.799245495645717
"cg07713946" 0.900803692083234 0.919637259367121 0.91199468511766 0.177230468435212 0.388101530042846 0.75975721785271
"cg15564619" 0.705766367588132 0.648491005275671 0.832988010703732 0.0837401002177721 0.351469287633434 0.822168351369433
"cg05617307" 0.884851020117506 0.91442616788121 0.895160701666239 0.282858274201643 0.756774587338842 0.888979876562812
"cg10837404" 0.915922430357782 0.931345287922628 0.925685092499349 0.296015357119577 0.753160269908676 0.875525794986312
"cg10240150" 0.856554460362587 0.879617210897294 0.882177697304004 0.160564878765541 0.370898729324122 0.731587089436696
"cg01874152" 0.895193093753764 0.911025525421734 0.788031845797002 0.173402848660025 0.413611059718796 0.776093973732209
"cg11944101" 0.54689899507481 0.607083726795967 0.817891493408867 0.122497738994998 0.760371934102716 0.749103020095199
"cg13651908" 0.874582347996506 0.886443043544327 0.880863495111742 0.19623299696525 0.445576981739981 0.746104315784244
"cg25325005" 0.954489789627687 0.965359441756746 0.729666298497076 0.226104883485923 0.471174372739275 0.860059241385114
"cg02963266" 0.909892278949307 0.897004519263318 0.912760840859148 0.235195094768404 0.440164482462358 0.865510333921223
"cg05070273" 0.910275260809929 0.905683108008614 0.916862070364144 0.271071343187787 0.577200788111074 0.869868121563221
"cg25893560" 0.951250285778289 0.955101616744769 0.956857997330948 0.315927100628268 0.689912697214541 0.843869417342412
"cg23723835" 0.866465472158556 0.889618556744905 0.623760288756548 0.152371469028848 0.420066460079597 0.772442605179064
"cg10782923" 0.838175973400254 0.853633307151637 0.859629480626156 0.206701504274953 0.484822174879027 0.797363099409354
"cg08884752" 0.800701692760326 0.764123476018539 0.802392399526959 0.17416694360923 0.484856268693658 0.81357825686646
"cg24662823" 0.907289817675904 0.920509329652041 0.92074729213238 0.24156990032227 0.526312816437359 0.724211677361692
"cg02661764" 0.782543830480605 0.760017953586949 0.81807396560093 0.170861045737169 0.471847132792981 0.801516600321889
"cg16193207" 0.897295452085754 0.903597106897284 0.901425432398214 0.240701578565846 0.469120025458084 0.810807052555729
"cg05074138" 0.865228456006899 0.882419952156007 0.887217601014153 0.205924856329464 0.412666320349182 0.747213190061074
"cg23357533" 0.881526083516824 0.897031281129355 0.910909543532205 0.279463594929364 0.557436015021596 0.867852340809038
"cg01154505" 0.942839695894872 0.960872900670409 0.765620961390867 0.322403191563354 0.732390373508615 0.924737964950192
"cg25416125" 0.825034797892837 0.838899598456442 0.841259488766965 0.19626141061633 0.433740931818613 0.754204622510635
"cg16173109" 0.88504339239337 0.882896401675888 0.870118506304463 0.219567921220148 0.433964783120722 0.728623480067745
"cg25486399" 0.705412671176844 0.747921211238035 0.833931267269882 0.14795340323157 0.411184526338874 0.743233082931184
"cg15114607" 0.862248504632958 0.87238828593699 0.817721943755172 0.192975143734201 0.44773170948969 0.666389439209118
"cg06329392" 0.949499947293084 0.95807370045669 0.9552829055995 0.338167725614105 0.586978793319926 0.940507516842179
"cg12297231" 0.923139647038237 0.918835100652758 0.936113443602194 0.317738907477329 0.727670135681044 0.758676113689526
"cg11465943" 0.896904214555762 0.916824160285848 0.864698971777036 0.284689312056957 0.58800606651959 0.84847997415561
"cg16871561" 0.407691560363569 0.814587719178943 0.902872620824272 0.197934308584209 0.750973757287499 0.803833691688227
"cg26707718" 0.905728147811901 0.909278248832862 0.892011904169811 0.288054475970056 0.551754550592336 0.867783289466155
"cg25599673" 0.886445338065033 0.879988073891726 0.851083175308033 0.284749651861342 0.606487536380017 0.879951339818571
"cg00620024" 0.890705362028164 0.89336108919232 0.876805006799437 0.239373358429163 0.434657744987689 0.776401423333649
"cg07728865" 0.88974748967233 0.905225340459615 0.890192235008894 0.274483905651177 0.563931574243511 0.784947142610717
"cg00103299" 0.822040922260958 0.837310517015455 0.692718934756626 0.192354741387027 0.4992824326476 0.76625189488951
"cg00440980" 0.893084164573155 0.844799245806681 0.889446126571268 0.237700237730563 0.497378170565961 0.692102541803912
"cg11162888" 0.842393840800486 0.862079796775097 0.856738476264988 0.22240839570166 0.403479456224508 0.773403930875703
"cg01040649" 0.879285348667947 0.900725804450236 0.737949031233138 0.237933625444776 0.509822604739648 0.787008614766036
"cg19679865" 0.861733439506518 0.877014170062237 0.855364903667618 0.257751980040497 0.527966837413949 0.790829969554059
"cg27423838" 0.826902345207845 0.817237340357381 0.773816966610244 0.221193423876586 0.550584538494655 0.737372131363423
"cg13400249" 0.874165921264152 0.874945293178204 0.854591190599696 0.344968220072103 0.85360895959969 0.851416616538757
"cg00122659" 0.81325850244891 0.855885526022165 0.808352386467348 0.194000506636122 0.384865060820427 0.68635612833292
"cg01525879" 0.823338493748323 0.887507425054858 0.920993356302126 0.307446491187293 0.652905166601982 0.822496336396417
"cg00445959" 0.77888848460487 0.831922728419255 0.860702594680238 0.233887464825284 0.475934985215914 0.788368748518469
"cg20737812" 0.847629468281114 0.863303403309802 0.776442259796195 0.292502078915761 0.710507211245132 0.813457214415304
"cg03992638" 0.0682470428778064 0.0580577561982172 0.081268383941032 0.558489324489013 0.363835370706673 0.118805143145676
"cg11467506" 0.0424363918595903 0.0797895837600531 0.335940625092952 0.572784288305976 0.239821045157781 0.0477336537076125
"cg27202779" 0.116172017347859 0.0635807822970688 0.0699931386790119 0.577544218216338 0.344449437019666 0.174370992698494
"cg27027151" 0.184889198452744 0.174564647442681 0.0688788363605925 0.585153635924956 0.240288358863969 0.12780724115813
"cg19503640" 0.051501458900243 0.0348685937510479 0.0315658931315414 0.553301100929036 0.398109558547573 0.121050582275696
"cg08306076" 0.119485347952544 0.16894042056383 0.367257527009625 0.677803539206721 0.437011274698324 0.163235622163557
"cg00034336" 0.0289342283280168 0.0245014244088027 0.0413945321701116 0.532983594983972 0.386035728816786 0.0445206629805004
"cg07881210" 0.111984253146042 0.0869839094509508 0.201200075607388 0.645581191190543 0.378143989952099 0.29928844228076
"cg19933595" 0.0729324797383495 0.0457278320710491 0.0767933703245826 0.545238260265201 0.21838830287206 0.154923524922949
"cg13060970" 0.0967643262181406 0.0791431384042446 0.080932863728392 0.601381625585757 0.453255555176908 0.107014005505042
"cg07111834" 0.0603350617017274 0.0555280949145312 0.0460643704527507 0.56384719919191 0.380049057259958 0.0660275076662397
"cg26501007" 0.397528300727025 0.128851166726861 0.088038798735335 0.677022685050227 0.423547185762051 0.124116445429455
"cg00431549" 0.0653142383059272 0.0584180608083349 0.218681087690641 0.633508114216064 0.455219086064281 0.140469327227357
"cg23279756" 0.151731560472943 0.136821380065142 0.410182394426928 0.69908157659652 0.45547620687505 0.10936650932312
"cg04307083" 0.133839718850556 0.12028095501632 0.211634827788287 0.610862077435718 0.292248349562287 0.0625488843080796
"cg03766174" 0.121318085424917 0.0967045566393208 0.109921122271198 0.640560978629402 0.481106160982089 0.158760254184269
"cg13133835" 0.024829954448123 0.0244970995826882 0.0805134891480434 0.538227235426572 0.237203659755265 0.0761401089585829
"cg02402946" 0.269427116156594 0.244514513772757 0.178429899551888 0.719252646047358 0.355416040959427 0.248964532242438
"cg13695076" 0.126284248603948 0.0945976324521683 0.304933870696402 0.665244304944283 0.333266895534732 0.159817100556192
"cg26986871" 0.0683545717519687 0.0527603751134252 0.152978165641982 0.544234053074444 0.0614016204619226 0.0659499605328397
"cg25978218" 0.0713012218055732 0.110960307401821 0.309614356122715 0.657218953188194 0.405483987879616 0.0687542816488327
"cg14729344" 0.220182223795113 0.231035419626944 0.338205679889788 0.76784749463295 0.565119695228151 0.199725116061724
"cg06449334" 0.137455559623157 0.176648624638719 0.305229423526709 0.635173766072137 0.137479142058271 0.0877551804153263
"cg24904788" 0.0599650339245057 0.0539969975642048 0.289589537649701 0.627703523764492 0.333284901697313 0.0629558358308952
"cg14134003" 0.0380949421046428 0.0365356742121063 0.154212192137965 0.606409004401363 0.371930100982277 0.0836965396499726
"cg20194973" 0.15261470801165 0.163409961868393 0.480485935758657 0.721472087695826 0.325816163421684 0.132042247432924
"cg08645860" 0.361171105965841 0.195227491892542 0.205515578696164 0.752212104166289 0.489578779819895 0.144216491621657
"cg27653384" 0.288926088575789 0.277865088253364 0.579760030994548 0.879450019095133 0.596564824573197 0.279986697291426
"cg24049629" 0.0555749579725223 0.0601234519360285 0.139061541382069 0.614691955261618 0.375159845326407 0.0675815280102059
"cg21099332" 0.0462405993360769 0.0497463151082427 0.289623831360888 0.647295052794793 0.384020177210491 0.0649523845000612
"cg21360910" 0.0837364819250393 0.0871747726770899 0.0968786415826861 0.685247351459042 0.482818054340196 0.240603892787558
"cg18055007" 0.0314534188506454 0.0187919930471426 0.0393663140586062 0.555355671154202 0.169552259406793 0.0535934593538786
"cg10152449" 0.149666743595309 0.0895436453283886 0.424071311231947 0.717321963766136 0.382295227850601 0.070054648092111
"cg05255351" 0.079000559065423 0.0702812433995117 0.102878359034464 0.66056946780655 0.458296471701438 0.116500989213084
"cg25729350" 0.0770075405773644 0.0511778643930328 0.0933365446510298 0.624433250475746 0.327727859016976 0.0880618457344249
"cg27485845" 0.272660447494148 0.0782883072996718 0.127593935933219 0.678744890958536 0.292345422750278 0.089674855164195
"cg00421624" 0.0761565354507437 0.0665290990962898 0.498960370967535 0.742531241791258 0.361747203068888 0.161561438895431
"cg21069500" 0.192498740903319 0.257712333013421 0.0762291810868203 0.749189741691994 0.516623778278496 0.133623715708998
"cg01987702" 0.053793387293862 0.0494713806387008 0.064095090844332 0.653300469277353 0.397892219966161 0.127631129049424
"cg10099758" 0.130438443253289 0.0697127939708972 0.0879415183509295 0.725241893189572 0.548058697760545 0.177428681027308
"cg07837085" 0.0708475526708428 0.073018395029177 0.224924893061453 0.688557031606842 0.33683854440673 0.0956395638421238
"cg04244970" 0.0562740283140081 0.0489528577146956 0.236359261888254 0.66643871153899 0.267699771576765 0.0674890180647277
"cg24706505" 0.0723406928237365 0.0820735432057097 0.214512212211524 0.723539840538722 0.458314757270171 0.129122765596053
"cg04642300" 0.0555218369481681 0.0513768833324805 0.187775033311631 0.696331568560852 0.449356947820972 0.0752083283629631
"cg14688179" 0.132730199535934 0.128564800037765 0.538333909271356 0.815253468620324 0.442054788581499 0.157144221089695
"cg11230435" 0.044485911719006 0.0527561741200974 0.0884885667865337 0.670463257772626 0.400053155519103 0.0608502454126069
"cg14564351" 0.0811573090002108 0.056397297004192 0.146862008415806 0.693100789829201 0.301363966779609 0.168761856288983
"cg09662852" 0.0715698096031288 0.0573627572108604 0.117803675752858 0.710730322706106 0.448888251283834 0.0974398184246624
"cg09885622" 0.180906817723303 0.119583443611411 0.220204887369462 0.819689259525774 0.59648461259696 0.135922858419104
"cg13468685" 0.0727304924622083 0.0650521787215393 0.165888684925739 0.800190920054452 0.528971556407781 0.103977171678821
"cg25939861" 0.875480296644048 0.865280146503435 0.859688515905998 0.832185474754648 0.112839449094513 0.571065684394981
"cg00219921" 0.895663517546197 0.896638841104084 0.911246069523385 0.825379867034636 0.180605749032303 0.744143429969712
"cg08777095" 0.911015855059005 0.918555244003361 0.907441816939065 0.577143628811136 0.216373940854529 0.67840105389023
"cg11531557" 0.868363539187789 0.881572906436291 0.867950124719858 0.497931105652635 0.187499517862745 0.601815188825897
"cg04329870" 0.859154392436255 0.863152618536141 0.847764055730727 0.853304967077101 0.292053696860457 0.724922593571222
"cg18857618" 0.863693901883168 0.891970366307327 0.848856041716037 0.814306079128814 0.316362348205462 0.762276097833634
"cg18174654" 0.865412107287994 0.862483461300007 0.835445091824284 0.792575238005887 0.303957640300822 0.747871816090667
"cg03318654" 0.752652358895928 0.740084537930136 0.744146199464178 0.763690826341208 0.251728682077861 0.655023240341936
"cg25350872" 0.952221506616416 0.951393278482263 0.933475586733105 0.918136899958576 0.423836936036581 0.743986423247965
"cg05723552" 0.836360819391477 0.859339688577013 0.74372559102919 0.588738995878256 0.248343865709545 0.571520656522197
"cg16235995" 0.833344078071111 0.834959612890918 0.847354183971209 0.648586230571933 0.256856947423136 0.477592389636705
"cg07016730" 0.858254543135403 0.880013584881705 0.626759305436835 0.657365164851518 0.261776155959733 0.61155416915081
"cg09654116" 0.870377592765247 0.876785388222199 0.866910062550005 0.864046076861548 0.383846483106784 0.708087501504934
"cg25535316" 0.867252706041976 0.879756185724783 0.733592056431155 0.688049751309296 0.316705700570698 0.677971290257083
"cg03196485" 0.524621478766839 0.551339951593536 0.804251295191908 0.378450794266566 0.107131637747811 0.498365563994952
"cg11067179" 0.872929511671196 0.880417015447342 0.808221022831115 0.84373349117017 0.396875036247774 0.788098909641825
"cg06419846" 0.956658401150287 0.952448282897985 0.955036492210624 0.946722632701817 0.499664451082134 0.868258060339394
"cg02598071" 0.835906367170471 0.841641465774347 0.868047578737811 0.619378246898803 0.368102903141873 0.762984511982145
"cg08506127" 0.58828910942692 0.592462292075885 0.582046186599804 0.652391371374553 0.172362257412803 0.527217041495434
"cg16596052" 0.94003564227613 0.948397929257982 0.947723527114491 0.678945656886068 0.470581463464658 0.91063518859504
"cg16681873" 0.772901023013303 0.795544284531522 0.76543177803669 0.575600295979005 0.297756287214863 0.624964411219169
"cg20997320" 0.853346723922603 0.868942229046112 0.87862239428457 0.753603593083809 0.368268442016326 0.512294310759855
"cg05496363" 0.845035731208526 0.832829251916595 0.813299779768713 0.832474426409099 0.409928882761715 0.74191141028234
"cg23325335" 0.740809371833139 0.753129121390111 0.749675807684401 0.666874668915572 0.29621289265647 0.548430878634957
"cg01002223" 0.937704747502166 0.941648842427475 0.933978060288141 0.821931997976755 0.512775670925672 0.885144688716602
"cg24345747" 0.503999699995971 0.504210396137226 0.529989392102737 0.684516010290289 0.159470622226645 0.504375876065381
"cg08769189" 0.575066331886557 0.734018755984931 0.798943736285164 0.663624810048359 0.27178703172316 0.470139586502132
"cg07702659" 0.833354133962542 0.828445339249629 0.840447046611943 0.784598265646932 0.436742457288802 0.767547870189444
"cg25235205" 0.850216891688487 0.852809453947027 0.836767362214406 0.674785399613905 0.426172399675096 0.770690583772295
"cg04658357" 0.89455510732377 0.885156928699607 0.850543509195326 0.730362762597973 0.446538144542948 0.721954000056583
"cg16754613" 0.617090778488025 0.652615172541273 0.782386739155166 0.437914405817571 0.239996520174802 0.555435928415576
"cg19594892" 0.830794020966533 0.812196984169729 0.78512765871945 0.626306252396954 0.359469477587551 0.537354143108127
"cg18149207" 0.826659208797308 0.855815670041526 0.819616271450833 0.615056529427245 0.401790291931156 0.679592087142232
"cg19410791" 0.494142840025927 0.499510566329143 0.547090370374301 0.477363736118799 0.155961337799571 0.484855579772092
"cg18546384" 0.85893502014775 0.891919000679439 0.92159266974157 0.866852871181098 0.518075376005699 0.757638947730223
"cg09318840" 0.51259151963425 0.511228555645171 0.474981467091779 0.615970286841197 0.175101687186221 0.46583523084653
"cg02021288" 0.838027412610906 0.864339913922875 0.882999694442256 0.698964470987715 0.4524667603972 0.679541896746606
"cg21220520" 0.607842061070227 0.613325464784653 0.567415966964088 0.479171060104461 0.200195953527831 0.423179786260325
"cg13543915" 0.729971157285684 0.754805558862535 0.704475685851672 0.67763343783084 0.359918656118971 0.613441378573286
"cg21091766" 0.668639469160102 0.766213206290633 0.729706114247677 0.860854517402389 0.383921567494539 0.571121250143969
"cg12032027" 0.880924505802244 0.902793772026376 0.850320748722863 0.693535253498015 0.482010044608882 0.732733000545745
"cg00702872" 0.878480974230686 0.86949605867265 0.881993114940319 0.766797261111534 0.480973021936103 0.656480333567656
"cg03024489" 0.81968971389397 0.850227745114019 0.750387508255037 0.689172196831522 0.43143296376305 0.67887784242886
"cg20840456" 0.860108296658732 0.896402073586834 0.891867376385957 0.764826795752017 0.513782660996588 0.784417181457529
"cg03984502" 0.892420428297588 0.905218718904097 0.896002149945045 0.805095009397762 0.53743666554837 0.807395436126548
"cg00644351" 0.930005101273487 0.950978843699228 0.946474627745211 0.783605888226769 0.58788976027888 0.936302325553028
"cg12344862" 0.833097953047491 0.808510889803106 0.818594938234361 0.815417426917002 0.475148273641482 0.707334569746874
"cg15014975" 0.919065171569866 0.956244319674527 0.933279668723984 0.901675732536213 0.58310611264455 0.808856959553743
"cg18830527" 0.459136298155522 0.446676722100914 0.461600414904286 0.476719830536575 0.135479274337554 0.428460791859218
"cg17851021" 0.889004115364303 0.904377468799876 0.895133067908673 0.910534824651166 0.573003321398971 0.837448533542157
"cg09082441" 0.0529366121868446 0.0440278407241055 0.0519799543852818 0.17567981485978 0.304516843485851 0.161253512286725
"cg16604516" 0.276339833314143 0.271191739404353 0.312587097382673 0.451712297102614 0.542601277105128 0.355137881335491
"cg22306344" 0.0311423573976428 0.031940798677755 0.03830488719175 0.141900785632629 0.291162693866556 0.159482587324432
"cg25607121" 0.145955803994348 0.146939488421737 0.153345211309691 0.254121096339769 0.411351872858551 0.296301790985107
"cg21222743" 0.0445551540676715 0.0413370788606829 0.0480410718884618 0.140626388429323 0.296473588016144 0.147482642967838
"cg05861567" 0.0444848637700712 0.038451680921109 0.0809684549120314 0.197102246394396 0.318593121157162 0.171000176388159
"cg00473051" 0.0498344899354842 0.0424192018774448 0.148439955462143 0.157954787607127 0.327794053758196 0.173324667331056
"cg10717214" 0.0686322776381293 0.0698152048188824 0.0758328753508927 0.177299518626487 0.330346759762319 0.18824368740851
"cg10536999" 0.0223102262806722 0.0231057308854074 0.0573083641808836 0.165472831025847 0.281262024709086 0.0552138358321585
"cg06007201" 0.0521365994529947 0.0565880685427976 0.11807799116858 0.162719083158745 0.32064352613805 0.127629865523168
"cg01435401" 0.0491475623794218 0.0435347594911806 0.144839788424636 0.10200931531847 0.329902389094857 0.218482311717574
"cg03767970" 0.102147554109601 0.0979390553013757 0.101273284970075 0.128646044141159 0.352800843701131 0.24101906996934
"cg16821992" 0.0489328390930555 0.0342764378979207 0.0733143153051659 0.160390348963631 0.322766246155605 0.20219273449376
"cg02610723" 0.0497372652617234 0.0559449426234478 0.0927814717930333 0.220122592719583 0.320883455326066 0.0840347922600279
"cg22753630" 0.264894574774623 0.314393118646506 0.396363242331344 0.433307661362408 0.594554652122908 0.455630778188847
"cg25848037" 0.0498151522449358 0.0477172535558101 0.0818764793652961 0.0799896038274367 0.31811525742114 0.186629454051216
"cg20931973" 0.0620603525588245 0.0558600642355703 0.122781037482983 0.198276560997814 0.366624539592528 0.235412917277811
"cg01896761" 0.107269242470346 0.0875674687988862 0.2117694222513 0.202708545628371 0.399999614446723 0.2180933208792
"cg11198589" 0.071875647767324 0.0621243222187497 0.108429586695721 0.208333650970148 0.379010544259796 0.218418148131381
"cg19392656" 0.109925494091062 0.11192515915948 0.170114261363897 0.265791573710931 0.423109525762093 0.224136733439183
"cg20594304" 0.0445165602108679 0.0456614625711452 0.0540107335711039 0.208722926140229 0.352790431504852 0.170617321749949
"cg21467614" 0.0819102868965449 0.0917270889199656 0.0827601867804191 0.194326045562972 0.383306823653325 0.212601746935097
"cg13354934" 0.324243349898563 0.330861095863194 0.39573723054172 0.498668752744218 0.650207829610184 0.433227500975008
"cg24441440" 0.0528169305233786 0.0481199740553606 0.119813692930986 0.206829322104214 0.38855499062738 0.220870183196092
"cg24892362" 0.036077244053368 0.0277104864242412 0.0762282077454079 0.150419561335733 0.365515145078576 0.235356741819151
"cg26268145" 0.103757689385251 0.10324210396073 0.180657588424341 0.249690032288144 0.443593835942627 0.275600926853915
"cg23068939" 0.0351632166036028 0.0274521525469126 0.128952866367547 0.204285514181864 0.392818022249134 0.210775311513817
"cg26584337" 0.0324474411565487 0.0323488879692185 0.0400456186470662 0.132354874413854 0.369820784599757 0.247514366671824
"cg22620363" 0.0406726199257861 0.0305390462274508 0.0745793533916338 0.150617676069166 0.376907430177921 0.206577068782306
"cg09543427" 0.246298582735711 0.249678432794229 0.297252260819625 0.389084706608095 0.573965639073757 0.296800527294437
"cg11958495" 0.382188039761594 0.379304851691884 0.414017023087632 0.583444728591434 0.733437896863764 0.507009185739025
"cg15887754" 0.0653121448624179 0.0534269203050799 0.0654117994272746 0.145043114159023 0.389213289830944 0.201333807421018
"cg11429292" 0.0823277468565975 0.0525828946473724 0.0599503178395373 0.126234003672382 0.401680390761679 0.267983067091095
"cg11689625" 0.0490216880131833 0.0364679555985054 0.108619851247822 0.257313266796936 0.426759562450378 0.253592077821168
"cg00851088" 0.0532259494212588 0.0586298432722686 0.107543575101186 0.24006555602348 0.445538573374333 0.252751925211911
"cg21543859" 0.0674820475481234 0.06756340170575 0.0820485902361665 0.171490826382739 0.432285631435205 0.228268552406467
"cg24215978" 0.0907637943753495 0.0797439578961744 0.12784125589346 0.279924570637651 0.497169615686757 0.312809799127288
"cg07998213" 0.119251743410529 0.0858569526699565 0.115754053578404 0.301789661187698 0.512535845724748 0.336722929222264
"cg08812897" 0.0243109660156317 0.014876221813774 0.0209523966786032 0.201845052603715 0.415615768349119 0.212543774480676
"cg17332306" 0.0749163174103924 0.0417695704020165 0.190815879701455 0.269456439890953 0.517204018244996 0.330063193905471
"cg03835801" 0.087990241915727 0.0922398351394047 0.156420168886644 0.286674638074696 0.529077071849287 0.3202459219771
"cg20945853" 0.0634379577387493 0.0623074452550025 0.114232738891731 0.263820483822518 0.492901375490582 0.275895682254372
"cg12480903" 0.127551826834875 0.115958339149686 0.244787422078973 0.212770200898204 0.525988254688199 0.222376502744035
"cg12477370" 0.0533054550635981 0.0406212950258271 0.0575411743441531 0.166111510468619 0.483469872513077 0.21883871655317
"cg08899626" 0.131059431790213 0.112303064413218 0.183815251936317 0.341579567988637 0.649709158547088 0.425573708897877
"cg05520031" 0.0918604916561775 0.0833205025982979 0.0911599932850919 0.249147511340477 0.596024869467473 0.391200318773471
"cg13247398" 0.103638230411312 0.0663488239619915 0.129258887568891 0.434902733863494 0.705460012090921 0.409368611011618
"cg16810279" 0.0594630543620018 0.0373097233381326 0.0417188797970453 0.16866630162965 0.641072377785706 0.44840789511017
"cg00813999" 0.0460377983046218 0.0401117946597001 0.0352032052724647 0.231007354443162 0.628678695759449 0.28220253905739
"cg26848126" 0.0769014074390285 0.0590377024253467 0.0756383966814179 0.351348348291368 0.759428489852562 0.367143608501282
"cg27582527" 0.881138102603948 0.89340851721064 0.802122035937117 0.800318700912109 0.391473560598592 0.0968863822839391
"cg06202778" 0.87510251380642 0.853005253245658 0.9119037696932 0.869484296270042 0.510047172275963 0.16320643414668
"cg05875239" 0.92873525158873 0.91913006785343 0.910479338404328 0.91886402150509 0.735729513125696 0.264089047679613
"cg13617280" 0.833998720039929 0.939358463345346 0.90848247286909 0.894168203592923 0.794000326400333 0.271591322156295
"cg03538296" 0.905194485566334 0.912698952182186 0.8992616500991 0.898508916378947 0.655690057402833 0.240072452924055
"cg05653887" 0.867949590893785 0.895027036860133 0.888764396742437 0.865113045142144 0.49789819756914 0.18981351970565
"cg08234149" 0.799931047675526 0.837554294782067 0.864841836927963 0.813170375974769 NA 0.222242814374842
"cg20657709" 0.892071699773444 0.899169986249234 0.897203778058799 0.889388855874733 0.575400962814664 0.223316891665844
"cg06040872" 0.860966488088881 0.907100548535246 0.914057597877952 0.862764448751229 0.480595311268381 0.199615482485408
"cg19066520" 0.923027123971513 0.956586826817975 0.883291548032297 0.620487242751357 0.584916141689397 0.189133897266929
"cg15956469" 0.965485175555664 0.97006152643065 0.969349319602439 0.963236732480927 0.704322826408366 0.313781119089292
"cg02384859" 0.892380678504944 0.893999435743967 0.86043152677494 0.853474883235947 0.485822579678037 0.197491404237512
"cg21333217" 0.962230076791978 0.967237332212999 0.974122517167871 0.954161818268758 0.600625397585091 0.294014191503983
"cg07307830" 0.888352759273462 0.895974122637424 0.869182020808888 0.69578887677666 0.458524558856342 0.165857872186674
"cg27309871" 0.876403424869412 0.89944706217861 0.876776795489023 0.890303239661389 0.56876745325911 0.228078472941997
"cg21634628" 0.901154749851793 0.903832811004288 0.749251189061393 0.795563407332095 0.500021817294648 0.177230242275547
"cg13922442" 0.806309773902808 0.791217994834374 0.876770260620549 NA NA 0.232097814395785
"cg00805874" 0.952236699024561 0.972951915689502 0.973684367278804 0.975724408763534 0.471556520485481 0.277121562296308
"cg19696012" 0.869756681420409 0.904998478238862 0.869517452666806 0.797598836722402 0.477447780978172 0.192885697248279
"cg21474838" 0.891812754848834 0.910275487503598 0.898920195769327 0.788241374423705 0.522801211573017 0.211591582486076
"cg09261289" 0.890861921295598 0.903159744331234 0.888770942845115 0.880630373245477 0.608035467265997 0.244050587178244
"cg25383568" 0.960681186059899 0.967207910045943 0.931321261452741 0.912766597926729 0.626137299103131 0.290573829804101
"cg01940139" 0.895190594485066 0.900102721751675 0.89629953654711 0.805554213340603 0.518092663590767 0.215540480702359
"cg14301562" 0.814263403797459 0.861758480461741 0.859644894072593 0.856440300804628 0.545131682960598 0.202381775900608
"cg02150910" 0.86889177391063 0.889792464366195 0.737201908981133 0.835812913914388 0.462751171551622 0.174963146305299
"cg18672716" 0.820852213351702 0.874014701967029 0.849128934839353 0.828362985605519 0.446838726794842 0.181093508849932
"cg03708221" 0.825489033169114 0.853433142089419 0.816842107157733 0.787976156995773 0.438537908071538 0.163870928905804
"cg00369058" 0.847393813233299 0.882950757465907 0.878896596088404 0.855997945906248 0.489283759172854 0.210768682924956
"cg15241779" 0.874449506715732 0.89378801462197 0.843096196120714 0.846716379989942 0.590870475706719 0.230226394544068
"cg12531611" 0.905405738920138 0.8998765053496 0.901783575703456 0.893108621897375 0.594094569970328 0.2593833894724
"cg07590102" 0.897859418681255 0.808495874161528 0.723191260604313 0.8646527029812 0.502039095791326 0.184481333609482
"cg11637084" 0.926995111188635 0.933332860008103 0.906464920263188 0.84230343807815 0.521511226894169 0.252065000365306
"cg11335172" 0.893096338961409 0.927082711915014 0.921033150783591 0.892994238031752 0.665245722771103 0.286263659957512
"cg12111137" 0.873618561191134 0.897249874171036 0.889480000818906 0.834694085534136 0.416445294918894 0.212087934316216
"cg20460771" 0.844363337983527 0.85418287554133 0.867035164711987 0.820347162869927 0.478819983466584 0.204932660879716
"cg12294633" 0.806062923790183 0.878448438218554 0.920027424469525 0.885161765670555 0.492478764914903 0.229186812027419
"cg10628126" 0.903750891340131 0.792217886177934 0.871793853663624 0.792134311927292 0.58628102951371 0.22375714439393
"cg18800235" 0.927663109185756 0.923997703420373 0.928636457890094 0.922871358491673 0.686248015496613 0.313832627997048
"cg26227465" 0.859966863797346 0.859285665703418 0.804004070328498 0.703673782197167 0.437246635717978 0.169442039450038
"cg03605454" 0.807914800069025 0.838666795805241 0.824597509825033 0.810760675635016 0.483378987940362 0.18984143389084
"cg13613174" 0.791265215668284 0.891681069407781 0.889133053536315 0.736346577814487 0.397289091423951 0.182551375795018
"cg14384416" 0.884120714374311 0.880773521332297 0.876650687154926 0.857603689250559 0.512308352926601 0.244050606624802
"cg26012482" 0.87035685379364 0.898482465611059 0.842875218507431 0.739225288014636 0.506817815844213 0.216749457201484
"cg18310515" 0.871019626897442 0.88893470746599 0.886198272454732 0.829935663455064 0.561909340643731 0.255978333633946
"cg13828440" 0.842554458038954 0.840398699280239 0.69062183544065 0.816535113779822 0.601075359436828 0.209964676365088
"cg10142452" 0.843049819225859 0.864594730316765 0.813469979650055 0.804414348447431 0.519923512913452 0.220950311520364
"cg14496375" 0.776815744455943 0.815311514807748 0.867559553289137 0.872411166992352 0.471345346537938 0.213478797124004
"cg14200211" 0.896384842418175 0.899752878488375 0.897872358055331 0.846913257801225 0.602996165138097 0.281844548472862
"cg00719568" 0.879405217225435 0.881305406628873 0.661470634187362 0.856537191002351 0.564471462781164 0.222058703562807
"cg03886681" 0.880652451641729 0.893113584881683 0.862739115419262 0.854049851885275 0.488192920422589 0.250832492737477
"cg00629585" 0.0988437402691941 0.0870406086456961 0.114474565727522 0.160655182557602 0.22448439438503 0.40500518033045
"cg05828925" 0.0923894349625017 0.0936454704223364 0.252956005998956 0.0445480643743443 0.197779169860276 0.406418920367583
"cg23398076" 0.058101865934746 0.0563203221274131 0.102216015121917 0.0997649916836173 0.191508979302971 0.377542943549672
"cg15691199" 0.0388340225330866 0.0337380087696413 0.0407343941553358 0.102468249321525 0.232383646310317 0.366706187515647
"cg01383401" 0.189132242863569 0.184050725062777 0.11908421080649 0.147635321490526 0.359488023153734 0.478407176043901
"cg14025053" 0.0607071468250246 0.0596212397644244 0.117430155502699 0.103503396039639 0.27979096143479 0.403345620814279
"cg09421111" 0.219911652025083 0.21112051133083 0.186052195669842 0.175603212856286 0.313347859156363 0.50192533517586
"cg22442430" 0.369436567248459 0.210734960524378 0.140774683887717 0.121882238019395 0.247090276318625 0.504143167203086
"cg02256631" 0.117422701261169 0.121669079213828 0.121536729624614 0.122679871280117 0.246517910052906 0.432280127700051
"cg14084689" 0.18082441008196 0.121846028203164 0.202264514981665 0.239075339851451 0.380729941817426 0.516905739135229
"cg07978738" 0.136384457852816 0.143663697303769 0.14892049398597 0.0968581294288539 0.255750949580802 0.448329427328282
"cg22014398" 0.097810060399865 0.0868243266425742 0.166106623018671 0.154886053996953 0.323390112170514 0.459809633641276
"cg27122888" 0.0478326950923434 0.047704679522696 0.111854003605225 0.10311045900251 0.217713303905821 0.399869822346963
"cg07616394" 0.0707743713378439 0.0620080558416811 0.0632931333530641 0.11088695785817 0.187940027511548 0.400226743560561
"cg14011327" 0.0511400201731431 0.0555608815180242 0.058981891835383 0.0672303482922919 0.17377761082171 0.384036953466668
"cg10879992" 0.256851190260251 0.134502321488788 0.19294992621262 0.251232625389467 0.40504463858472 0.55101747736702
"cg16256390" 0.0963935772255051 0.10013350311001 0.209746742177501 0.0782460275636159 0.289777680776851 0.460387275478435
"cg03234777" 0.0783870553880839 0.0489372367873232 0.240932515253857 0.0642613383723471 0.196673933591109 0.431774180641588
"cg24088496" 0.38275192116069 0.239042583858693 0.287778643860597 0.164961996580267 0.316221740054315 0.586382412372054
"cg19790640" 0.0525320272676583 0.053979326751834 0.107475627002107 0.174694907760883 0.304080006056499 0.447244474238092
"cg15258980" 0.050628979006317 0.0452069199072429 0.158233413251643 0.118161766574917 0.254031076011298 0.434301646366135
"cg01710351" 0.0573864442242046 0.0546923668531089 0.0619244532204191 0.0429343504562475 0.151789276667525 0.383374499763235
"cg27043010" 0.022021237129967 0.0219568234232902 0.0691865842559288 0.0230605549374528 0.122066803815717 0.362687864172623
"cg04910877" 0.155265348855195 0.148937847931604 0.234459908264476 0.274772263726288 0.273885689928992 0.529735129947663
"cg03989617" 0.0797428986074021 0.0642382559418905 0.114110232374463 0.164825158335501 0.324280791459895 0.463140580330328
"cg16013543" 0.0706660066389945 0.0754772004666188 0.0663587114396667 0.0737888763823534 0.274224993485777 0.43710033386553
"cg21254939" 0.132467320622764 0.0806574132415239 0.174075745218199 0.179091208589427 0.373778384278554 0.513853361355421
"cg18886071" 0.0465677519067153 0.0475217368837821 0.0632182280222165 0.0424984927344558 0.160170121887374 0.408402736539004
"cg06317348" 0.111584692156355 0.109980448963713 0.271386249504092 0.0888047206119914 0.297210708893821 0.514089025273369
"cg09747445" 0.567851723858477 0.546433883461627 0.412976570854125 0.393040412931818 0.576778702919893 0.839473637437511
"cg25719851" 0.162500881123146 0.242058756309226 0.316673107095043 0.197842072330735 0.431887203825242 0.616031164749069
"cg18168101" 0.0525664549727117 0.0556693559676922 0.119324292509544 0.123538786269035 0.326423847803765 0.482650161125733
"cg03268893" 0.0423506293792473 0.0438707659148948 0.0647780977472452 0.112596890018314 0.280937230999671 0.46315111190758
"cg25310233" 0.355182848920358 0.344845877010374 0.203487213749732 0.191300784237421 0.495580151615282 0.692610926310393
"cg01447281" 0.0535903991786267 0.0527229236123611 0.171432421382197 0.0605120120017631 0.274475953101412 0.497531934754656
"cg13163919" 0.11351867933719 0.0866697099848355 0.120864797157349 0.152530201477764 0.415129873863001 0.553691677677995
"cg02512559" 0.115111750621073 0.0985327163246392 0.191984833891501 0.093010791637108 0.389282277115353 0.548709585055561
"cg25887844" 0.0488387839744714 0.109551908884529 0.294047465201382 0.136046476036488 0.297173067757977 0.56346648041125
"cg06398474" 0.174649497504469 0.235490692146954 0.135656218340203 0.123338041107837 0.333271903383469 0.600435135719189
"cg26971042" 0.145601466179723 0.121893090009226 0.0924514628933148 0.100400958791512 0.290906761865557 0.556268202652401
"cg07675477" 0.186090126263003 0.192827422900293 0.24800905396756 0.126887853408907 0.34005249053825 0.632200831655179
"cg27295118" 0.102955568390802 0.0713219798473066 0.142521573865732 NA NA 0.524043610734227
"cg16893868" 0.0476148856087867 0.0439736448996417 0.146543237963155 0.154287311286442 0.298897967477651 0.564405470046531
"cg13942283" 0.162933539876469 0.188283482409477 0.288224883349549 0.385418451825678 0.503276738477744 0.738028119741301
"cg22589728" 0.161421963197275 0.141951287674252 0.282898245959736 0.313982665805936 0.517657830359542 0.718110024099161
"cg18881723" 0.0685507733696559 0.0580621918176992 0.0633336831074797 0.0456709145026394 0.224433924443207 0.547040308564127
"cg10096215" 0.0482540219457665 0.0764789201224214 0.0680807973706614 0.0889890962123864 0.38337472977319 0.599845568904007
"cg12273325" 0.121884203839732 0.0374925567066167 0.0735904697397874 0.140886611694849 0.463871244107513 0.667540846866432
"cg06117093" 0.0862406914505393 0.0481253814072438 0.127248553350681 0.097632334079819 0.432848440229576 0.684620530865256
"cg07381806" 0.397945476199649 0.0972778254378572 0.0701346744525648 0.124286982698877 0.495165875928614 0.764508193391564
