"GR" "CD4" "CD8" "B" "MO" "NK"
"cg16802439" 0.0522489240346859 0.977665006503324 0.976958797224915 0.979212568517767 0.754045293072219 0.94897844237686
"cg05398700" 0.0803133885088926 0.962965963712736 0.958289617511894 0.949302522951865 0.90253644455031 0.973986571885472
"cg25739938" 0.0541746057088388 0.917152919986214 0.917089401822729 0.919142147793239 0.882345140064099 0.906117918934173
"cg06270401" 0.0498982609431144 0.901299445945649 0.894466373023461 0.919523126105468 0.866479762657344 0.87200786671801
"cg22381196" 0.0460815070070394 0.941586219148041 0.93808647539101 0.943042502397634 0.729926988599045 0.929345313252402
"cg05936004" 0.0483663932374294 0.919739189553005 0.912187221421939 0.913591577708831 0.803573546472583 0.892138974757663
"cg19037107" 0.0638057929780076 0.914027859138206 0.908319140990092 0.917761929306551 0.861534249232687 0.890384277261357
"cg08253808" 0.0514229791780289 0.920616030796013 0.926431447944862 0.909538954156608 0.762320056571705 0.908282182848845
"cg25600606" 0.0845568229128191 0.927805965463949 0.925251628933922 0.92530819456337 0.868482775168134 0.927625305619288
"cg05627557" 0.0335720818415327 0.899912430906017 0.88852839744268 0.898169542950553 0.728019102173168 0.848625723670045
"cg21285555" 0.0600225725190771 0.901400513834771 0.894705383714153 0.897708892407563 0.822038242742561 0.827149787251729
"cg13652008" 0.0786903773939101 0.917774066298463 0.916554756925542 0.918655806230246 0.815663328093959 0.891166959288057
"cg12483340" 0.0610427188281851 0.898456296979125 0.897051224833215 0.891178646013127 0.802816292575569 0.894331270868878
"cg03146219" 0.140977307574366 0.961370439682167 0.961671003362961 0.956751096747861 0.922723793188866 0.966652345274484
"cg00705730" 0.0659622032964604 0.883393413879381 0.869392098177624 0.891554691556194 0.836601954643047 0.913336379486732
"cg11014468" 0.103454072469497 0.912798798701902 0.91209538255298 0.915295369877718 0.89111219538622 0.904849296648747
"cg13595556" 0.0543703107512457 0.906605274479599 0.900249698170848 0.921254135706963 0.713855716499962 0.860608651859713
"cg00660167" 0.122290351318949 0.969027274076469 0.965964852612798 0.968914041635215 0.802476693725058 0.950016335131407
"cg25074794" 0.108061031567599 0.940407817489968 0.936575156340701 0.934295062164923 0.83522960547416 0.908898720148196
"cg08154963" 0.0648816636543684 0.890028973631941 0.892795336011413 0.885199193828556 0.806214001619043 0.849904767460264
"cg13468144" 0.0791131893302048 0.838726201431637 0.89891088044919 0.906932314037213 0.87521758643838 0.894662422588083
"cg11070172" 0.138235372814492 0.956858115836732 0.930814762950579 0.953653411682518 0.916995994736268 0.943328095594904
"cg15878616" 0.0695464369692484 0.979099466046894 0.979569611520946 0.975122857125448 0.557247440394067 0.958799089991785
"cg10487428" 0.0737326855232532 0.897058166432714 0.895063372075432 0.902106763248754 0.799923712090841 0.850286084441011
"cg23819411" 0.0904332112602736 0.938746110938902 0.935078618677659 0.932636027946934 0.749975638573215 0.932529264372682
"cg13618969" 0.0956494286748807 0.903020915334659 0.899708807603435 0.8826009766629 0.875117259710551 0.889883599466665
"cg21792134" 0.108729107953775 0.914784088058324 0.916396730780821 0.922523349878743 0.852866743051605 0.932997100392689
"cg17852482" 0.0779702473111706 0.884398257049193 0.879226550523097 0.877070189414402 0.844558347841178 0.86006802078257
"cg10611016" 0.0576527222724917 0.916537647196782 0.913764676057666 0.905655614633499 0.670875450154809 0.910983121819741
"cg15658793" 0.0576907562372315 0.926617387807256 0.898142733062804 0.872723118137365 0.704356507970809 0.877179207119037
"cg03340036" 0.0640602327508416 0.891026010701825 0.89774802130639 0.884331953037595 0.743635325012982 0.895181079198226
"cg01699630" 0.0964301812500957 0.891216342980927 0.874745213099375 0.892354885939891 0.872764189800852 0.884890167100237
"cg01692842" 0.056806338488781 0.854951213046222 0.849557015668458 0.861932943000229 0.808285132286678 0.835689379043686
"cg21685770" 0.0518263194039177 0.892356526248441 0.892218867461309 0.845092929707946 0.702245529932125 0.866431785212058
"cg11153071" 0.120605706063843 0.983226268745599 0.980524507145918 0.980736731736469 0.651387648742262 0.967903969334557
"cg09859659" 0.111321713513685 0.900638865412926 0.897894981092936 0.879550633325081 0.869694700571288 0.847813612743465
"cg04609694" 0.0885160216718406 0.885435675619448 0.883570822784531 0.877568279750302 0.805850487948808 0.888510263889524
"cg24737761" 0.0869845411634812 0.889204319850408 0.870877647387413 0.883956070674504 0.805128591002232 0.833713120897445
"cg13852284" 0.0831291265758556 0.856380291017979 0.839753983110297 0.881354094011117 0.848693454050255 0.822728725334622
"cg11313468" 0.0592856844083195 0.864109136280802 0.853571055766694 0.862566251499585 0.745893932831322 0.837857353373856
"cg00439981" 0.0515388415250421 0.906798930070054 0.910277917326583 0.903990440531291 0.577536422322177 0.880448343159427
"cg24504014" 0.0819223050469631 0.918250065690551 0.914703223733462 0.910843097622475 0.672248407872143 0.842995291265068
"cg13178361" 0.0875577438106008 0.893552700413044 0.899195448350591 0.889276009597131 0.747880590076935 0.863355917558059
"cg04858164" 0.0940611423753051 0.888310357378199 0.883198803229374 0.870741324006178 0.804505316945391 0.888076387145923
"cg12809098" 0.0944276203734537 0.912552328695062 0.912179447848558 0.916960299084756 0.701693846305396 0.900198226544926
"cg23169883" 0.074868094836275 0.973357800794227 0.971262203712963 0.971692772263173 0.453301888478227 0.949041777793147
"cg04855678" 0.0731602442892224 0.927211523074021 0.926878375508648 0.911616169301353 0.594055404228924 0.847666153070915
"cg18023065" 0.055299558636198 0.965539405736188 0.9723188225091 0.976140371799393 0.380573534439415 0.868344828279123
"cg07409471" 0.14493351039989 0.920154167716643 0.922426404598082 0.930335307437443 0.854952832893 0.89925288034232
"cg10206397" 0.114155962758455 0.904140263833178 0.904100227695218 0.912787761675166 0.765883009121744 0.892245444519844
"cg17322655" 0.928585393055772 0.0815641177910935 0.148251870663077 0.501026662858411 0.82573748351076 0.483286264125673
"cg11316887" 0.885899660557014 0.252852004535138 0.150795184436669 0.144415491585778 0.84109517000552 0.144569268977223
"cg13815684" 0.929725602031569 0.149830068021784 0.216752015298949 0.234112792721882 0.913491472959874 0.680476272644401
"cg14165142" 0.842952335481747 0.0667555231707936 0.0662546644022969 0.209678680102225 0.852819665834816 0.226766652419937
"cg18148314" 0.856965892208074 0.0992362791346715 0.0830380585351981 0.216646641435207 0.858375416644355 0.179161310004179
"cg03526142" 0.852438435348597 0.0616256646022654 0.0620993523468727 0.328760760103601 0.791165678058685 0.120561229573301
"cg16219283" 0.875181033850569 0.137055245678866 0.196994889365362 0.104996994213222 0.87008896857114 0.355929011585408
"cg01867764" 0.780963495383837 0.196095167732529 0.197502923534827 0.0705299091251063 0.43807924602583 0.614034013617656
"cg21359303" 0.92251440474803 0.115309585491741 0.132338408174549 0.336664655252943 0.910908103604802 0.22508938011046
"cg17587997" 0.859717044366144 0.151244729891846 0.147597806801992 0.105560463128058 0.839476458845395 0.149529255580925
"cg09621572" 0.899230490651999 0.155586167677654 0.196393975436869 0.121083874469069 0.906317307174147 0.237300928150502
"cg14597739" 0.914301120987235 0.162254936411839 0.218039141620999 0.130026961551174 0.915845906317659 0.346133069052651
"cg26404422" 0.825127751516749 0.0977862064755381 0.108200396060358 0.117732508773822 0.745128584142704 0.201594502706967
"cg02787852" 0.92186738096764 0.117392350277919 0.121595463315614 0.270416513169965 0.917005768107672 0.522716130736557
"cg03889044" 0.856446231390576 0.085340911466276 0.128681472779219 0.444027647575199 0.520655068327325 0.397695213950632
"cg15519096" 0.877580224897002 0.0753802096566745 0.109802485146166 0.212282679429721 0.848755352243144 0.244356836834866
"cg14480046" 0.912334242641703 0.0881957773441071 0.0898741852911741 0.31503045407211 0.870238588165277 0.51975802055455
"cg26106166" 0.807249621615271 0.104933158091286 0.102610076291033 0.123224848486221 0.640342400713774 0.124905521523254
"cg09221159" 0.758746633092662 0.0684733179897942 0.0734328306022157 0.144943346707909 0.483785545752273 0.114339080364315
"cg07069934" 0.833117176969896 0.0640824113109215 0.0644907376123393 0.0689191698596349 0.834173976096039 0.324164751828023
"cg15903956" 0.872359855961108 0.204525165857929 0.1870047253293 0.0709951482649113 0.714971695857928 0.577132990619753
"cg12810837" 0.798220112362779 0.057339581665031 0.0580496485893454 0.068866568228212 0.720323013215494 0.129312828673445
"cg17078393" 0.882118158834869 0.116708647104511 0.100812939964185 0.117961756322779 0.876515802545123 0.442604738256128
"cg02402436" 0.84951255137936 0.0767370194555671 0.113083042288254 0.0500368805250288 0.859537166235182 0.182485530267355
"cg17161520" 0.830676304044788 0.089424686975823 0.0723738041066153 0.0660655974461639 0.78362595523803 0.227491199259724
"cg01170124" 0.903623562809198 0.0603822342798509 0.0555799594245778 0.292303585445213 0.88863921765427 0.316084762730862
"cg10145533" 0.858977379120766 0.0936707824083677 0.104249293262296 0.104455641540895 0.821196761490118 0.177941942260092
"cg21959598" 0.873682629134086 0.107778233342726 0.158080156717984 0.0930053375537581 0.828597477860197 0.13290566619759
"cg21999229" 0.910584466345786 0.129496528727389 0.181943290814402 0.0905486970508273 0.912685463762071 0.299032773399811
"cg14441276" 0.871607039249433 0.0948083727950892 0.120303032857693 0.0537654211578261 0.872174372105028 0.228430996311205
"cg02212836" 0.803322737294523 0.278635521487659 0.357771197159864 0.0771093635895551 0.16111515697749 0.474989720023222
"cg20805133" 0.919907999198949 0.0503907424450186 0.0577451847609143 0.319489687578478 0.894587560532862 0.334068537502195
"cg08169020" 0.897925332718914 0.045124962430523 0.0405088625843834 0.237530638096743 0.888046352569759 0.187903079210504
"cg27377289" 0.909912731217641 0.102886039936552 0.167525611139127 0.0616852706022187 0.895135580940367 0.535325742606052
"cg18920397" 0.84113117194112 0.0661921381147778 0.0577173666288941 0.132664709773804 0.726361250047407 0.193205054506997
"cg17169196" 0.922311688681308 0.114310217236244 0.156090023612113 0.0890067138351038 0.916143292198079 0.370931907196331
"cg11354682" 0.837042171250029 0.362258997544244 0.420237666370091 0.0791636371909371 0.129473897176042 0.111943947461464
"cg00795812" 0.813037570592753 0.062124304664364 0.106159810361456 0.385884832690066 0.250108634803846 0.428404652867257
"cg26348243" 0.931472037351466 0.078712819285209 0.109513201839265 0.123240369362703 0.93298646356995 0.474501993655943
"cg10699171" 0.822271475852689 0.0897551840017414 0.0916051805474786 0.104243817273875 0.552220739068255 0.11719095929653
"cg14437551" 0.93468956354503 0.107815076731331 0.150111356119122 0.075815840108254 0.92958285776714 0.218600224687382
"cg18128887" 0.726040087878812 0.0233345918647028 0.0248965786319582 0.0327833540144361 0.353464631716364 0.059477092359118
"cg02737268" 0.941377550801827 0.0910605174072498 0.0862563278499113 0.060298905084851 0.934510295278607 0.465721552619323
"cg20513976" 0.843718305205878 0.0237426607612828 0.0212984228960445 0.0344905540764541 0.720413753873732 0.0814877901056501
"cg00446123" 0.86249337548166 0.0516617526477753 0.0453281179490753 0.0566645808375422 0.714468966839167 0.106611188126669
"cg27051683" 0.930712831565932 0.0551565066209126 0.118098030797518 0.459833356176258 0.496892886048286 0.462229320453749
"cg23280720" 0.873574512110264 0.0342396015039095 0.0426987154007754 0.209953699426607 0.596270236666699 0.264117799203446
"cg23954655" 0.765865134416027 0.0708653636249168 0.085106281445448 0.0735483086132519 0.128412201410307 0.148054559780592
"cg09993145" 0.849206424586442 0.0934991784282212 0.0773531024212828 0.238455528290874 0.11374418751192 0.0462127177093145
"cg26341831" 0.858377172818229 0.179450876053808 0.0595324905087334 0.0483419114645481 0.199505779057136 0.102739406131277
"cg07679948" 0.971703780847845 0.0831610943133041 0.373237007980368 0.974078302251014 0.96813474103386 0.866670374262822
"cg00366435" 0.929797176553881 0.0940261351970972 0.553127992656575 0.923448552361459 0.917939557720332 0.845041658566368
"cg07970799" 0.958424833165165 0.120213676142675 0.4834187503017 0.950283882023151 0.950372773520213 0.771272335110938
"cg11236515" 0.976273801938516 0.109769362273401 0.350140799614214 0.938847136554389 0.976033009245903 0.745833099224348
"cg03388043" 0.958270175254383 0.039535803240851 0.0464070835675535 0.957059808301381 0.946581874100291 0.548497253886367
"cg11848483" 0.934073744619623 0.105937305279994 0.352275437370054 0.916521892746306 0.932015233940411 0.842252219971573
"cg11465943" 0.931857480783096 0.16733702907812 0.619849513794955 0.900826266122942 0.929668780822395 0.876161107714959
"cg04340595" 0.941209739879724 0.0638934513760482 0.154685939707085 0.925170207738482 0.947977810876509 0.472407947039762
"cg16173109" 0.891932152822533 0.104282840395594 0.442887136578228 0.889292030738532 0.889530501617798 0.761582035078924
"cg07786657" 0.954414721604378 0.0515969241304987 0.047365790542797 0.968498293494087 0.959004282276268 0.254997471717483
"cg09032544" 0.957355122898705 0.0522788008452683 0.045233546855627 0.965902206898419 0.953203460051953 0.334440054827671
"cg16452866" 0.957954710722734 0.0981809420592165 0.215505046966112 0.956787638721397 0.938792443927968 0.807061230305786
"cg25226014" 0.933301682421037 0.0830626233061944 0.195865091524958 0.916046681695628 0.929065245868811 0.529296212529629
"cg24841244" 0.922643489332649 0.0521724314826412 0.0610643134813501 0.927672475148791 0.914295497312513 0.657863030752004
"cg26166854" 0.891170927961576 0.107162957084256 0.428146173419631 0.874747051326904 0.861325781499569 0.627185472074737
"cg10240150" 0.873385087748092 0.0922439518407165 0.327255062061708 0.894779348510635 0.881935686455879 0.728984803204753
"cg14477767" 0.882794170074074 0.174521860200856 0.727054674448655 0.853355911789483 0.856357974135957 0.760491244141568
"cg07748255" 0.955831734364848 0.104653630679438 0.202123386011499 0.944777939686936 0.943358265309078 0.315025674230601
"cg05074138" 0.887144805646029 0.115481630756619 0.382745869813952 0.888132356459966 0.893528956294419 0.773782599437198
"cg25893560" 0.917726614084391 0.161375560722958 0.50916949104781 0.905877849301376 0.899501363170154 0.817985626643322
"cg08884752" 0.840759637993575 0.116010696943565 0.530832760197974 0.856709655044237 0.806595651508284 0.83027283199098
"cg13619891" 0.940179993765921 0.0952130741477307 0.111496599323647 0.939170298570863 0.940388344361182 0.72100383859512
"cg13606287" 0.906777540240227 0.0988284093398272 0.267421905793178 0.886139089897569 0.898176905518796 0.445194034174472
"cg19001909" 0.960068491326173 0.153866367762803 0.260437057043286 0.962691624529532 0.959232108251448 0.856509592045198
"cg27583604" 0.84983059524385 0.135763251330102 0.561207874792676 0.776103243272459 0.892018656621515 0.811797499421359
"cg17984638" 0.91959847197056 0.0990882491865653 0.21388474372292 0.923569216483038 0.915351923827979 0.236181776959836
"cg08450017" 0.930037113830309 0.0807958299026209 0.120249735050311 0.921237473224626 0.911477727680596 0.297959998878476
"cg07545925" 0.90510015968319 0.0602815090509671 0.0587144540353028 0.89221074197473 0.897092985132061 0.685093723422245
"cg15564619" 0.766565782879833 0.0703785416371455 0.410127822964028 0.916633454794164 0.704706046729938 0.83857363555511
"cg00440980" 0.901865546001358 0.139187723633863 0.450453545300017 0.891080767130863 0.828422198889581 0.712529324337762
"cg06164961" 0.901315227581868 0.0652535015915624 0.0680286542201046 0.895818836506877 0.889454752245288 0.65568001132495
"cg01178899" 0.908857785975048 0.11480859287295 0.263632455794098 0.910529239169059 0.891481123351957 0.523317172962591
"cg05103064" 0.924388285145652 0.176887851650589 0.491679164961764 0.918470249212427 0.918150329980775 0.321111842786496
"cg14522718" 0.924626879603041 0.143082083481943 0.270723625746863 0.929469229146838 0.941357208751124 0.740670684211603
"cg18758433" 0.910290874398894 0.0993386494982984 0.237892332782298 0.870133333830576 0.878024672408211 0.624163769911685
"cg02661764" 0.819505991387589 0.12082418510971 0.545653613070584 0.841607670841484 0.769894192588608 0.80838906521103
"cg06915826" 0.877565023403288 0.11252545458424 0.334693714023261 0.85763849958493 0.855932437000499 0.79922374035987
"cg06329392" 0.936351826461895 0.193892525307537 0.440101886250682 0.935958101560345 0.934345717155203 0.933140931812888
"cg10837404" 0.920064816346225 0.246996882610697 0.735659760508756 0.914161346991165 0.907017528018893 0.868230980746268
"cg24662823" 0.906884086002932 0.1686138691404 0.452324846146666 0.904880651645561 0.900671024253709 0.68161272707423
"cg15997393" 0.975988252169299 0.179433107667219 0.398471429074342 0.862189984576731 0.9630021006802 0.683812934526766
"cg05705140" 0.90857863383812 0.103468189508578 0.251135573979035 0.820892145768779 0.903290164540264 0.71604346782957
"cg11162888" 0.896935084860943 0.154299147806815 0.38006825334923 0.907539300536361 0.900777164567793 0.768789580814952
"cg07573020" 0.889448604650661 0.0621402598629218 0.0822129023016564 0.872393371517392 0.885862809042878 0.401371343264987
"cg04180114" 0.879282915828418 0.110626563387203 0.287445337137774 0.864746649812539 0.866307489617375 0.750175166730625
"cg24612198" 0.911228709405616 0.0956975251041032 0.109248387743797 0.91031872765146 0.907475297991267 0.655902044102495
"cg09354050" 0.88817076267739 0.0612760379126982 0.0565701569167407 0.890804767872886 0.89010114501827 0.318602679541267
"cg14728071" 0.902284978194518 0.0453878418894232 0.202172188510674 0.626417995582173 0.902020472209808 0.510579044562373
"cg00620024" 0.907782179117891 0.163328797839732 0.40885561195909 0.887092917030443 0.899408461508792 0.788461777282817
"cg13651908" 0.847973524775555 0.127637419812983 0.392118041545443 0.858133427054364 0.864715739821083 0.73449151497902
"cg09145126" 0.0695681150920518 0.835184317706541 0.882486731270177 0.0987337579089247 0.0819242204053675 0.648124449456371
"cg21400549" 0.103943476775172 0.883852195029267 0.647618878427513 0.517124721573254 0.0830308327334036 0.268096920665967
"cg25711558" 0.0506555405294586 0.810430783870666 0.851225356678461 0.0704311032079788 0.0589116857724385 0.426414749593546
"cg12774429" 0.0887370222158483 0.834857593843426 0.84096122338265 0.0914238032256854 0.086748676163975 0.651073015884795
"cg10453850" 0.0526691060665754 0.90045122028752 0.905739755963748 0.363865608739524 0.0606707239396447 0.695733326008558
"cg05148465" 0.0657840951974993 0.79913862583695 0.746758531611921 0.0736166152235643 0.067876278720783 0.631400656354321
"cg16922167" 0.0900564228305996 0.85286890507829 0.845810640831539 0.160419869238254 0.0900972955520902 0.529414203718079
"cg23671196" 0.0567732238205868 0.838055576518684 0.8776028873395 0.114007348548685 0.0581381550400305 0.702640380540658
"cg07834069" 0.0670246426536165 0.88248279130441 0.874077423452251 0.263460542451305 0.0778467694298106 0.749150036140114
"cg26579986" 0.0353780260084281 0.796207425095699 0.693940702193582 0.18875295362251 0.0420496530579062 0.318082124339422
"cg07280097" 0.0595325433450588 0.850741342590274 0.845701009034206 0.146347571276041 0.104313498112664 0.58279422715527
"cg09885622" 0.173750400170112 0.837827136013778 0.655543022555833 0.177632676250269 0.124566436035615 0.171676976746737
"cg16824282" 0.0663214862801395 0.882575871196306 0.877036799205143 0.208574754623582 0.109926024625896 0.724652297630232
"cg09832245" 0.065977476954463 0.833158086372037 0.828926218062448 0.0855159578533202 0.0848946966912955 0.61371481139424
"cg20455854" 0.0470713692181853 0.786753605560694 0.703236116043005 0.100670380550677 0.0400063264427938 0.374957486219858
"cg14564351" 0.0695271852082943 0.693795236103728 0.232777357305325 0.140261865252969 0.0694532681540677 0.128814601553809
"cg18907610" 0.0876287258781331 0.870459348336312 0.880499500835929 0.159292922824326 0.0639806520672727 0.7668170469035
"cg06242730" 0.0627511155926059 0.857747886639269 0.863100557908219 0.0572292562571181 0.150086420545355 0.677578794234084
"cg15085899" 0.0449205914199626 0.918696428389475 0.940410171574522 0.363241519890228 0.0447229281469714 0.635059744957913
"cg13795831" 0.115632198204766 0.900136504135996 0.938256706377956 0.133153527937824 0.103720000741378 0.688037145546111
"cg17744604" 0.0788414191952964 0.804215128177488 0.638969631552279 0.115875488351639 0.0632772180860283 0.597255714931841
"cg05389236" 0.252100685278268 0.950250394459977 0.955498770593184 0.162382570201952 0.100705309622271 0.874415848707976
"cg00409104" 0.0649083269672641 0.843781524427239 0.84614532167632 0.0698933253164315 0.0701536975999175 0.693603430850212
"cg12465678" 0.0606900345943838 0.871150940182451 0.643779896166406 0.438783315242442 0.0726048634487429 0.143779459853494
"cg08545593" 0.0742334377847447 0.876742639486323 0.889109932863289 0.137758151570859 0.0749367472616132 0.794767439346796
"cg20049422" 0.135498235324544 0.913366548181392 0.915468436995787 0.221594438427062 0.0546714699851786 0.786564692834469
"cg18150584" 0.0615513526560823 0.874495199678387 0.845178672587197 0.209873569497413 0.0724911006263456 0.527591302424808
"cg08772789" 0.0828584810204502 0.852112706832363 0.820960564314691 0.0700904277822096 0.0964360628363583 0.696978670432456
"cg23379806" 0.0673653761948817 0.840976989028517 0.828527289201656 0.069925694492914 0.0739486276189884 0.503281032060237
"cg13468685" 0.0784183126607494 0.828695230112196 0.623003672849041 0.197978376331878 0.106757248070249 0.12439832192906
"cg19628988" 0.0863385012580694 0.869778753347687 0.797670440881588 0.203755689752713 0.0763180271473392 0.301836170841819
"cg01231183" 0.144712266420428 0.907345683520606 0.875033586297533 0.104419906417217 0.15996429794633 0.61045655068361
"cg03574571" 0.0811970350692246 0.858027799101367 0.831597677928359 0.0589861946273799 0.0947106579443766 0.679866017439654
"cg09572125" 0.0400354575459528 0.81443617651826 0.605778965031173 0.212705691698683 0.0440176044817619 0.513216851149942
"cg23582982" 0.0390056306012987 0.897915001677459 0.89377567111349 0.276735928984528 0.0378438063854022 0.534562082198652
"cg09287328" 0.237863492555646 0.950379139224849 0.946482133848305 0.0978079718106578 0.127352919518353 0.815066680547567
"cg03746834" 0.0826995760187883 0.88931785321517 0.889357179128625 0.0795536356663051 0.111191018493839 0.739689394486825
"cg11377213" 0.0586930880272435 0.865725530353227 0.819633247461766 0.123389282126834 0.0659726903171249 0.655358979770013
"cg22742001" 0.0569460141801145 0.884234449516479 0.874843034909831 0.0980405703230942 0.0817300385900732 0.722924503774678
"cg22152931" 0.0647763631408494 0.891716342878985 0.90870898543423 0.0837080819742638 0.0755392905293649 0.760370257430978
"cg07785552" 0.0687550522877199 0.822848802896356 0.683611147810262 0.0600392518744637 0.069470243853836 0.298479889399961
"cg01925950" 0.0776332516324315 0.880754598133745 0.888406745495728 0.0645507433353396 0.0548814645724304 0.728635977097541
"cg10376161" 0.0697991241358896 0.886875149739537 0.879942566467762 0.0668198712028277 0.0546478351062112 0.747164781055017
"cg15935770" 0.0697854230906996 0.903073998604693 0.912139205596709 0.0801374949346922 0.0738650847910839 0.772232165381389
"cg24448340" 0.0496094395287032 0.907013422529661 0.906426438205019 0.0949743357897779 0.0620785079084533 0.795606486556745
"cg15982099" 0.0738091698173131 0.91177838322754 0.913931949714035 0.0620909593499157 0.0779815914090883 0.757569265894008
"cg02046552" 0.0425811048753586 0.834770924804496 0.600139782049883 0.10347642180959 0.0436869885756106 0.524098120668314
"cg23249922" 0.188471233181181 0.968849060911658 0.974686254986811 0.0362643059254593 0.0406188713559141 0.812166726992493
"cg13448978" 0.0529633943499943 0.93812051842319 0.92062872707116 0.0905106625277306 0.0501767705008634 0.496193785499438
"cg02380585" 0.0333046821980285 0.92003374298448 0.882614023712028 0.0324889284744102 0.0425385898909048 0.248403703607768
"cg25939861" 0.880102730384246 0.813846992296543 0.0867409032634831 0.869790161207574 0.864289634160623 0.589881597189145
"cg14094409" 0.969960335131584 0.435359279851823 0.0608830701228367 0.953407864896097 0.968515481849523 0.303902901569139
"cg00219921" 0.902500711016291 0.808719207191835 0.140684332491511 0.906174080057481 0.896917277849848 0.781151631504123
"cg04042333" 0.968113262831692 0.515489799948715 0.0951705511726434 0.882064337117708 0.965392238163742 0.218947720786702
"cg22512531" 0.890726348884399 0.522688866108246 0.0849833377576214 0.897870331836546 0.882351009010714 0.31444533510924
"cg10977115" 0.901900088262291 0.387843097020996 0.0763880175885854 0.896159241643535 0.893486079368349 0.326942746656392
"cg14506192" 0.905647074368338 0.479836887545199 0.115629439261184 0.899002436130576 0.90132228181959 0.315050769410655
"cg08418872" 0.90919527261204 0.685204997232389 0.201599168836812 0.967532961354906 0.941908057031511 0.436113387803323
"cg11531557" 0.900736724927858 0.550743298839996 0.159321315219601 0.897607694558408 0.89659855319556 0.650246884124596
"cg19529732" 0.838364657548664 0.197193591772389 0.0349994468142528 0.841173079675868 0.870087270645421 0.180034914682824
"cg08622923" 0.822215238167454 0.475634337363258 0.107560732656398 0.850707578157949 0.857700482742582 0.307089513497186
"cg20894640" 0.905805051821809 0.193962332383796 0.0841923015330602 0.90705108842249 0.896733966225347 0.253950354671156
"cg11804414" 0.812699217878823 0.301943673492104 0.0603789969933621 0.815926651179065 0.856019418156137 0.222081653966117
"cg21330949" 0.871414260489275 0.16238652115233 0.0604525710751829 0.83984862976018 0.87162266889658 0.20092725587179
"cg02374486" 0.841656946597217 0.366184792688315 0.0942614084130291 0.828471063288089 0.846848390422746 0.251066983760378
"cg00277591" 0.858304655983091 0.0734620434865658 0.0627175292791779 0.913460149250107 0.900224815787527 0.251776301926075
"cg22689323" 0.888315455733047 0.0881872935397256 0.0681748747840604 0.902823848471157 0.874744296985526 0.356635190780582
"cg27470208" 0.893952041150282 0.114233082593173 0.0753581681607527 0.885237988453005 0.890197268728276 0.336925928669966
"cg25350872" 0.935276626033079 0.863215196907422 0.292096902099097 0.916931798175143 0.925589639278043 0.774489623129466
"cg08109681" 0.881085616588815 0.100845895969163 0.0662078002664837 0.861422048656296 0.884157787577513 0.239607710717971
"cg15293582" 0.93134089759126 0.607888723857113 0.232654919433861 0.935351580097439 0.935241750151547 0.383452819084872
"cg14278300" 0.888519600066605 0.0820035219431315 0.0707295088135133 0.88399779383168 0.884315077729134 0.313582080615742
"cg02324835" 0.882828031416036 0.315403661532627 0.123647159797799 0.869533144077486 0.861123284912578 0.658678894956955
"cg07728874" 0.872421588495261 0.0639643834617996 0.0689193975877728 0.880204600920381 0.880663353411966 0.620600030683404
"cg23752651" 0.810715500391596 0.688300144557997 0.195191812104733 0.893999649286821 0.853447836967958 0.439840030774256
"cg09453312" 0.890200019937848 0.060508361314349 0.0568405878000734 0.869534109648026 0.861968822209963 0.16690525330701
"cg21805118" 0.844588287978571 0.247219500355907 0.0657959956059083 0.755252363877019 0.867083844450529 0.222475952108889
"cg03172657" 0.768465415155162 0.238472347451733 0.0750236239590509 0.903931668721565 0.81869037180171 0.51195389328351
"cg20105257" 0.96795219202583 0.329869043405082 0.190248347057955 0.906175949205239 0.959482609106216 0.765730000863512
"cg04759756" 0.906681397268494 0.389689640105294 0.172959991325387 0.907071479376381 0.909865424744173 0.587021487605392
"cg09088496" 0.89519293979522 0.140976356682001 0.0949961576675076 0.889435996166824 0.886275220111214 0.309135081139391
"cg26234900" 0.905365779601285 0.238841243210429 0.082652934924605 0.70516238002638 0.896795827725772 0.414427842477618
"cg16374333" 0.881675075341564 0.111320977404575 0.0829067971761015 0.893307275702985 0.87600004065329 0.216068055505454
"cg14001486" 0.884004566423865 0.10861724928389 0.087726611046989 0.881976055313816 0.888607413668912 0.27219825320861
"cg12433559" 0.823111597344495 0.272331783154018 0.0777796009385279 0.80637980911233 0.827798534959901 0.249234935753195
"cg09234252" 0.915748774945572 0.170946372518737 0.125169507832062 0.91145824544007 0.905054075403728 0.321635734187668
"cg15880738" 0.869395627730979 0.0725057163741165 0.0781735328272987 0.869758446615252 0.871073073466543 0.5851294159811
"cg08691577" 0.895189308913216 0.765448902393318 0.192828568306796 0.632958376787092 0.894207835414593 0.23140758527093
"cg14287022" 0.855755156273815 0.235528355491849 0.103339413684044 0.860760592589669 0.85822320899386 0.275586543206913
"cg05799811" 0.82188604499596 0.0288481294236256 0.0277538907227871 0.811770587505246 0.843215244427154 0.141326955142142
"cg18522931" 0.0691370740792415 0.69351960983862 0.798288171222416 0.0820884810678924 0.0886074839899527 0.674822062909149
"cg22900266" 0.166474048135099 0.88964531273377 0.914323545998406 0.22352810770602 0.116496788601135 0.804206906551797
"cg01088404" 0.0695759981691831 0.537946739927952 0.798402885298071 0.221782320349404 0.087911442258574 0.706020738313702
"cg03677056" 0.131153979261458 0.885593103562141 0.918042880994925 0.245248775247848 0.141961322432916 0.81394515626567
"cg04173396" 0.0880235261265635 0.553602769921537 0.767440153729527 0.0622811448873065 0.0799662631285919 0.597571708284286
"cg14101485" 0.0894996068579876 0.871905547881736 0.889385704789679 0.249676031147251 0.0874522754708696 0.569750814018564
"cg19647567" 0.0865139136949588 0.846355799579867 0.860005424830255 0.107951674514577 0.120535576154212 0.687509892902955
"cg01208318" 0.268840527546403 0.580828191151199 0.841852288489725 0.0611096857831233 0.170000763167496 0.562806863672335
"cg21821982" 0.0675121571140969 0.80036599128269 0.835447356321853 0.10520567747617 0.086989948877349 0.668435338404132
"cg13443575" 0.0599585230194588 0.710224307470488 0.79592916596389 0.0912946442388126 0.0560183664172405 0.393837263201067
"cg15381475" 0.030587998181864 0.792078213835697 0.851252897040884 0.279753530354423 0.0296136715197302 0.449115188880272
"cg13247398" 0.0653727434820068 0.54055352416729 0.773726440074925 0.113284307846074 0.0673829638566052 0.363011653872357
"cg08215318" 0.0859595241661463 0.820506648250847 0.903248743022181 0.295412926510705 0.0806404352433618 0.782240137888335
"cg23950714" 0.140206055409209 0.906773190632363 0.936958805104279 0.167770152799239 0.179363523554772 0.744315772542094
"cg22193912" 0.0469088506790795 0.870443629659636 0.930141273942736 0.438883818464676 0.0392859478278617 0.575266974049444
"cg23927970" 0.0841121292947744 0.87109250554854 0.916233817423495 0.330270559524352 0.0434083528275037 0.632116300466472
"cg24401262" 0.0375488179761143 0.824766080919617 0.85737305799414 0.165878412902425 0.0470714200673666 0.663483311119326
"cg07799277" 0.0730574149969612 0.764021482813775 0.849600904907748 0.113348578483519 0.0896036790140137 0.548869992615879
"cg17534540" 0.0341442621888274 0.60973047906323 0.812698599007401 0.200236846345376 0.0379747506388381 0.547406338845552
"cg12426092" 0.053486707098845 0.816594088563881 0.851272725141877 0.122692790142892 0.0590412736107846 0.366571181612224
"cg21593001" 0.0612132036229915 0.810375792465761 0.869286389940498 0.123487287802784 0.0632192933725296 0.461766086952162
"cg19118951" 0.0355258201723796 0.828723265260811 0.920361066683603 0.33787726043052 0.0578440444501709 0.625216557784816
"cg04354393" 0.0399319678650327 0.705700288093867 0.812885550346615 0.0441082216610377 0.0400135737834178 0.299914913287661
"cg26692003" 0.976516572124033 0.97556613503434 0.976411528688669 0.0851892796230975 0.969803315802908 0.91913418349179
"cg02212339" 0.961695527963903 0.959302050210661 0.954983426913578 0.0765888327315541 0.959193441246209 0.933232245748386
"cg15348679" 0.901473205612774 0.894971585847207 0.968043442020781 0.0310975259638864 0.886994961971421 0.927562088600467
"cg15241519" 0.960689112266146 0.948526250579388 0.914468297226065 0.0492668758072945 0.881029251191737 0.881974604311053
"cg27106643" 0.95440782147247 0.937106409738377 0.943108818321094 0.0705357281146188 0.934891597518295 0.92022323584312
"cg00464927" 0.963439805512495 0.961634176417685 0.962094501995789 0.0903289995043448 0.953528720359369 0.910180129223573
"cg25131632" 0.949964340357327 0.925669883754168 0.908755395938809 0.0759338782719741 0.943343611968292 0.905037085611008
"cg17995557" 0.915661904330577 0.914044310877611 0.912778503304095 0.0562406890518039 0.910619630849577 0.804702233358121
"cg11699517" 0.943863523021796 0.976617223241378 0.974477162793065 0.114486995023043 0.958310536635682 0.95188627227828
"cg13738327" 0.968055998690215 0.945843243459439 0.924579713510787 0.106339684761009 0.967652480092212 0.90906557962072
"cg08162476" 0.925875671292205 0.940713580955411 0.94027009870433 0.060988381781237 0.825477431406687 0.83613411530444
"cg17768768" 0.963140966060075 0.956654552758837 0.958506939898516 0.112847672900779 0.948970378263921 0.949786098855023
"cg21248060" 0.947049888965411 0.949436410025736 0.936788194743787 0.100907733146013 0.946832488121446 0.894058620407612
"cg26438284" 0.89066899611955 0.915682885489578 0.859715107353849 0.0529033725641224 0.911561055733182 0.855916306711325
"cg26552743" 0.86280955426845 0.904384099131079 0.905555698704062 0.0459455653875541 0.877180735365954 0.858163600816047
"cg14936008" 0.916869227170555 0.912402760958073 0.906571313587811 0.0701874905201883 0.903806549800892 0.911241541506672
"cg22212560" 0.899802463613087 0.926880332210073 0.929496897505162 0.0356007958318087 0.743291160419767 0.8769429553155
"cg16148346" 0.907897893587453 0.90951344046253 0.906922471482021 0.069275074188608 0.899050472176286 0.892915783412753
"cg14482811" 0.901657919600452 0.936932155975911 0.926189087953892 0.0796841263446718 0.911990389102813 0.772520797060798
"cg05480110" 0.973736171302499 0.96791808938964 0.965455504650214 0.131567069963509 0.96415938806392 0.930230873835253
"cg16210395" 0.916008837612588 0.879742751188607 0.860001085577285 0.057586311497483 0.909615437475049 0.843609157687601
"cg11661493" 0.88532112992611 0.896617648815553 0.895022181249513 0.0566802834367499 0.881952993062006 0.866434159097029
"cg00760938" 0.881232853332258 0.887597538159045 0.87895465099281 0.056534321412686 0.890477553241705 0.843507094991668
"cg21596498" 0.906211312428315 0.913126775338919 0.915451438537146 0.0819073020737174 0.894636328501935 0.901105982243715
"cg21743182" 0.889206817242023 0.87529016756917 0.877345902982014 0.0576662693459165 0.88010811480234 0.85253112913579
"cg17232476" 0.906956478011246 0.899275704138146 0.891882284031326 0.0705977831021784 0.873857709489846 0.882220166843812
"cg19260718" 0.896715535022342 0.901106873061455 0.891876980367308 0.0759030367317705 0.897459423374503 0.868162299800238
"cg04828493" 0.960366385007783 0.939427484024185 0.934853901652626 0.0951590453316843 0.831917818400478 0.877700290969536
"cg18184053" 0.857862840453033 0.882528879041369 0.852127162902333 0.0421815270458769 0.860001281369279 0.776510789253964
"cg20666585" 0.900942830682387 0.881198467388797 0.852637300096056 0.0711690299793121 0.899842026873466 0.797356941922565
"cg01024458" 0.91276458758555 0.851480313968204 0.865523410270172 0.0722400768224185 0.897949489425282 0.893306576467316
"cg27304328" 0.840911379235812 0.905863732321371 0.905744664545989 0.0666532645649592 0.863830968530717 0.827592453390464
"cg13356455" 0.882996643905227 0.876351109886992 0.866491622205526 0.0659137416590216 0.876134264836683 0.864408511981852
"cg27565966" 0.873144781625803 0.887039349671916 0.881886151013726 0.0695236385034969 0.873120330943443 0.848833886232384
"cg04838847" 0.972007425867393 0.973236475487664 0.974181186979679 0.164276761380961 0.970007894588605 0.963364369789459
"cg15532942" 0.892000833084358 0.855362770603224 0.874060076000949 0.0733961314488832 0.897254153381265 0.854313467363883
"cg26795340" 0.859014883772482 0.865240179720079 0.863178205594204 0.0541494329864948 0.849220130493932 0.829596277432469
"cg07721872" 0.888902660612864 0.83485019993469 0.861752791181824 0.0668445857146233 0.887454769744188 0.921516190698699
"cg11774624" 0.903161840136339 0.909157279828448 0.914210473486 0.104215378263964 0.896336163244869 0.890747777487876
"cg14066207" 0.95347279999926 0.833573012530182 0.823622971247256 0.0948892600485493 0.954487455641403 0.895255408665319
"cg18590995" 0.814346113718397 0.882234931544872 0.88480398281132 0.0564248849629574 0.838169228134438 0.846283877025647
"cg16308790" 0.817884144628064 0.836476188817154 0.853326383223925 0.0386355712766508 0.833359686523021 0.849350772812484
"cg22498365" 0.899603880558569 0.831044809078625 0.864551889802352 0.0768796574016612 0.891742348931214 0.8735931593518
"cg07597976" 0.81775511123175 0.872374596233769 0.868616935552356 0.0470138666268764 0.814086645265653 0.804338847499864
"cg05891759" 0.898499081264136 0.858694266462975 0.873439612498603 0.0768633552233103 0.860875682763449 0.713379298379509
"cg01869288" 0.88098092507568 0.834798910388295 0.80348430829801 0.0555244188693234 0.875233929719822 0.779771636363856
"cg25683989" 0.879703653690739 0.885418597674376 0.878211548906687 0.0878824997120222 0.869286679258897 0.869435463784398
"cg18664915" 0.888501457588515 0.887641709171077 0.881166775531164 0.0977918195256163 0.891348614294411 0.875131475426583
"cg26318872" 0.915866003994869 0.909081462477273 0.91102451834554 0.122453698892712 0.912263438305347 0.889538317436777
"cg12976793" 0.917879864852867 0.889681849661808 0.889421557652526 0.112955032860867 0.908035377796955 0.900797918273474
"cg13924996" 0.132293775431118 0.467350365766985 0.109870341654528 0.767370938559562 0.261949652391086 0.148024884839089
"cg01008602" 0.0651728733999347 0.235534898971065 0.343530124926797 0.764207364409814 0.276791085071619 0.523419457824297
"cg16677191" 0.0749195495075947 0.266179846207464 0.298423537214278 0.718629769241924 0.0969879081120214 0.419689184129786
"cg05870586" 0.0599513915424516 0.308751234540536 0.420475130825371 0.797559798901076 0.261019021796549 0.358829159794706
"cg24834394" 0.0630418660836903 0.300734577825444 0.455005365729498 0.852747972935638 0.439151394201844 0.462487877277941
"cg07375256" 0.352396856610362 0.10225216605539 0.0739485955598815 0.863524899431937 0.752289555591212 0.275962968238906
"cg02304370" 0.446315190228135 0.249146851743312 0.256392210420401 0.886701157816844 0.393563263247734 0.570809301557838
"cg08698943" 0.42986482806846 0.331941080933584 0.394685547508189 0.860331419158416 0.117822077308396 0.307133478856768
"cg25518868" 0.0498827856078619 0.0561652840170052 0.0612858827674358 0.604804852642007 0.061542332666192 0.137847494112537
"cg00874051" 0.0630704525464004 0.597553861222261 0.568130158776171 0.877488514468648 0.113741403196218 0.466960676356065
"cg03889263" 0.0782353344321991 0.133263458077946 0.329226739481999 0.714220538126596 0.092025907483324 0.63013815440956
"cg20541456" 0.0260898037031875 0.074770330626021 0.076931764044184 0.618414396977862 0.08728306653537 0.277360586314393
"cg27507284" 0.0643283605887445 0.424280807549136 0.325373001752203 0.767745013995293 0.0797432762039005 0.123842827639625
"cg21278103" 0.0685658135550108 0.436274047073125 0.54354358126777 0.846800090476566 0.134810747463078 0.517044704750893
"cg15030789" 0.069959507345896 0.285751301604076 0.331434199534147 0.749650815213668 0.0951945363189257 0.413674003725915
"cg17950348" 0.0501351528403225 0.610791731446211 0.508337943502015 0.856618675282705 0.0716757640581664 0.139907662567326
"cg21291385" 0.0779216002857824 0.169549794763503 0.140216937407716 0.746284697311376 0.360412870506817 0.148111776533274
"cg03798942" 0.0845873059130641 0.102025572484047 0.114773141675412 0.784314582299632 0.572929037468325 0.137247268173331
"cg02779913" 0.0374471475839001 0.430596358185031 0.357722241245142 0.780782272410963 0.0512390223149004 0.201185782284439
"cg20450123" 0.0692243637765917 0.301912272979076 0.24510183767825 0.757785975653547 0.154057515345264 0.147567234575411
"cg07285237" 0.533127068366494 0.137070700401683 0.201838782364659 0.828720987388169 0.151022492440753 0.293142404299641
"cg15595502" 0.130343087150401 0.363469799156127 0.268759242680075 0.818405373704487 0.210700629523293 0.50235519446003
"cg21638533" 0.0609642139947596 0.523535570353971 0.588497739787167 0.889763867894291 0.0689676144254207 0.788866132431138
"cg24536818" 0.108390160537841 0.0971920897037969 0.350431820556172 0.759396407818844 0.157328189064549 0.340908420336948
"cg14284211" 0.0458878671342961 0.23260901012033 0.188331015179743 0.71627863723005 0.0559118846427965 0.380965317811026
"cg00902153" 0.0856736012403051 0.0998994468918855 0.104320902246373 0.679825465352539 0.0692323730073544 0.417404750911321
"cg08682625" 0.0986255670741846 0.26489683082852 0.286648044210892 0.789040119048874 0.139368464433314 0.371623700309243
"cg19268695" 0.655505009252049 0.0804116070107881 0.0861423178733504 0.837296742118307 0.143563843218898 0.100748954240742
"cg22677556" 0.620115569056217 0.0564037304814517 0.0608540546078376 0.827215728729751 0.149282384812408 0.296751290694129
"cg15906007" 0.0902899770303318 0.103080092256128 0.0919436220865829 0.743246126352018 0.273464425230808 0.0858093502792365
"cg15354065" 0.345878950188994 0.0862367187469487 0.28951272681898 0.8204344861911 0.0930631205562844 0.580055044906968
"cg00970435" 0.0849132919798261 0.218874977071056 0.100486007820959 0.786407862613298 0.287004368386907 0.133270405230583
"cg01054402" 0.0642555740844483 0.0978033505827963 0.14583836490379 0.782797539366357 0.325354500436039 0.461822107781328
"cg00058449" 0.175230189566761 0.572275593281809 0.204183271652697 0.933474944248697 0.317363952897271 0.104683445317545
"cg20317872" 0.67623622386394 0.049366424584171 0.0483932492526445 0.895246264164777 0.298276461004065 0.148768940079849
"cg09300089" 0.0620557648939427 0.446287067961563 0.203951968147139 0.818128906250174 0.0840658136567668 0.122084214372835
"cg22437221" 0.150234033062272 0.0782785840852872 0.0963505268998048 0.865666086126222 0.589849062978672 0.465827651622534
"cg20380468" 0.181959724992494 0.06755757634762 0.0920916755128368 0.850666834727762 0.509851113177495 0.430189273228433
"cg23357708" 0.0617977882185201 0.246364775087235 0.218631515066015 0.806264308433874 0.06053402355102 0.16423545537842
"cg00619207" 0.488369885593852 0.0581690583170458 0.0592295561165168 0.836684371533853 0.0841017105144762 0.109058649282405
"cg17266282" 0.133788341938513 0.148556327015138 0.224778061786281 0.857435520399429 0.181529302479214 0.249223385002684
"cg08560387" 0.036691935561106 0.042043226174256 0.038650435738576 0.736906645038663 0.0468601683656548 0.0612168842436862
"cg25616055" 0.0406249219890603 0.0713735302059622 0.116137907878237 0.784005733015399 0.0871765537103108 0.216920252016636
"cg03429643" 0.0432481248036161 0.0606867779486784 0.0509559322999528 0.76013594665339 0.0625915398892763 0.0729856507092587
"cg14317609" 0.0874868916129603 0.127687261386748 0.160020453553273 0.828498083328044 0.0998246524365455 0.097748770357324
"cg07635227" 0.0323342977441186 0.124619306671279 0.142948297915302 0.800326133831226 0.0406818296417601 0.33863222050761
"cg02606840" 0.0329114281565391 0.0468874929241363 0.0407032957815096 0.798446506190431 0.185863658566675 0.0784880515764921
"cg19269039" 0.376859781838049 0.0419882987049819 0.0432332697000516 0.864593093320187 0.0847750246826248 0.105289843531807
"cg01156249" 0.0665498840075311 0.252169089387152 0.227497873643342 0.896481493327546 0.0739401334022114 0.540607862114953
"cg08864105" 0.0760652903853084 0.0841057704039113 0.0845462207767313 0.879540170617305 0.0739358423582144 0.112202185066691
"cg23244761" 0.967600852388787 0.963593119918591 0.966423942237482 0.967648899360551 0.0877448637893499 0.902555679111626
"cg26872907" 0.935838688332109 0.928413625736305 0.937198488939592 0.939189083009175 0.0695400672814556 0.851411146076985
"cg24788483" 0.905150008631445 0.908646943816423 0.961042008830116 0.954026875471366 0.116805794857485 0.876789100809355
"cg05923857" 0.850029361597875 0.837774939484016 0.921756980979367 0.938100877294212 0.0725837776329323 0.85360324541364
"cg19835973" 0.938653463758359 0.899681462821943 0.917743334449468 0.949314455522592 0.132601880642465 0.872779684402366
"cg10480329" 0.858898883389433 0.91173231593922 0.908861062455166 0.88875034088936 0.112301486637602 0.874945015285356
"cg15816012" 0.920940547441558 0.832330894391188 0.856883940948623 0.929625645572305 0.113240040699507 0.788645751801398
"cg11231069" 0.958009888502253 0.880687722165008 0.867411000485106 0.61639128196535 0.0587668671279085 0.658270484570007
"cg04468741" 0.847412994691167 0.86258241095087 0.883593661484492 0.894269155484413 0.108341006936088 0.836297062359646
"cg20610950" 0.625534684873864 0.909135739575555 0.922741179051402 0.907081397619471 0.0831632799508642 0.873911438201209
"cg10624395" 0.903108081656426 0.883504408365254 0.886349044427485 0.872366154411472 0.135467077644396 0.846209598629627
"cg12655112" 0.700666374201654 0.884282836623709 0.933701917089125 0.863923420900104 0.0939472677090343 0.87577152559288
"cg08908131" 0.869700817431612 0.851558442831342 0.823792562268584 0.856089563971819 0.101578494744704 0.760890245386133
"cg18066690" 0.903017121382004 0.903981291127324 0.901000806334506 0.903384605442518 0.15665045366374 0.877315471688926
"cg14109551" 0.788236952103971 0.895230349013892 0.90240109763867 0.896601856436213 0.124911699131705 0.844690286582412
"cg03339817" 0.975110092913397 0.969016741349826 0.971593055796822 0.69976009979831 0.163171449872384 0.908589761474989
"cg02244028" 0.865943790549872 0.897586718426258 0.88744880625075 0.891932629870639 0.146384460025121 0.831535267396715
"cg01041239" 0.794878589764215 0.763289153044031 0.788537838669263 0.836111913062989 0.0600349215024294 0.766111624920182
"cg11186858" 0.534041117495121 0.978412813418145 0.982693035642304 0.969978109634034 0.140166676617486 0.905801763125409
"cg26326621" 0.829930685658105 0.854341589316111 0.870209012825953 0.832262795080561 0.126002872256599 0.78812363936874
"cg11597902" 0.192483444094588 0.964427151767767 0.970033845085678 0.961560186216366 0.0468215317214593 0.882306354234164
"cg22675702" 0.817545810654181 0.851248079477746 0.854373278325776 0.831019044248827 0.11824254571448 0.793891716537297
"cg10154880" 0.894914725727536 0.895668726344506 0.90372530828662 0.567376366674804 0.10109379143171 0.785036106767223
"cg07002540" 0.725199182903939 0.826833936106565 0.860854535968429 0.883430118903328 0.110847264076167 0.785917880741087
"cg01476222" 0.890282978459173 0.870049221330026 0.800183449820872 0.752901197907463 0.116216825075291 0.681966554872103
"cg22911650" 0.747768968037936 0.867619973353144 0.764033463300268 0.881995390455198 0.093103629833025 0.256760142267262
"cg16429499" 0.908907198120406 0.909442509423002 0.919609124760771 0.415683866082378 0.0827674801435638 0.81675106171766
"cg24365417" 0.738567610286078 0.860642924766238 0.853321676487638 0.857252890296629 0.117251299581133 0.790389462309147
"cg02780988" 0.841423481794434 0.840423175675381 0.834833723348115 0.761870576446709 0.11181581888225 0.785971182068877
"cg16636767" 0.865938202858054 0.880482497907786 0.875783157279064 0.852443624910608 0.161906399040725 0.849504217010728
"cg16875057" 0.663957514408083 0.879133468583904 0.883548031180997 0.886138966265723 0.118949097182422 0.800709415576764
"cg05445326" 0.902684740816204 0.919362932860757 0.883984921097114 0.91953738370471 0.196990473527879 0.758139067244012
"cg25856090" 0.44729955967733 0.911294897029794 0.912164323542876 0.916157219314036 0.0864471706784028 0.817317933070116
"cg10499974" 0.384142195477322 0.906323244193722 0.917154569462855 0.856855627091823 0.0599420890296491 0.844908356696531
"cg18835472" 0.66186072133926 0.864454767523065 0.877107863093688 0.816869609689866 0.101254682882368 0.820201655395463
"cg20641531" 0.668533430377636 0.900852176916921 0.899868973206043 0.895489325350557 0.138539114577132 0.878363021904714
"cg23391288" 0.912052778081302 0.841054851791874 0.866149690671763 0.853307364027244 0.167807818622849 0.838336135454592
"cg18770149" 0.867923530766391 0.831689375201667 0.827461136045433 0.883355383977355 0.152923396676216 0.733242459259177
"cg13005202" 0.255242366065607 0.920580012324284 0.908085522720959 0.948772155490033 0.0485325784757955 0.495057651208644
"cg04045544" 0.838543633725452 0.865900950797165 0.859048805840249 0.835806913779168 0.152607766315366 0.803591453703766
"cg03963853" 0.936527587287942 0.959311602266732 0.953259938577515 0.965395816669883 0.257207983927026 0.868389606402983
"cg09856274" 0.896614597691117 0.890617933026085 0.900038069966085 0.594233741013568 0.130570322680534 0.836507424191005
"cg17117981" 0.414810075586055 0.905843651806481 0.929253554673122 0.822276948865121 0.0744511847444387 0.854160348454664
"cg09220326" 0.381431677652229 0.895495989822225 0.891818023273655 0.898597994340236 0.0731175610866261 0.847626370452825
"cg07213487" 0.903084092582641 0.897591265065592 0.904238991345304 0.658346425869057 0.153817234049175 0.826011798564024
"cg13290254" 0.853615485182167 0.899024516564103 0.898052270754206 0.850434404551839 0.187422968040877 0.871583899934429
"cg01024962" 0.852916417248289 0.894439082208584 0.897932470577506 0.715434373731 0.15334962937565 0.823060885486456
"cg15310871" 0.865071388170536 0.958294642102443 0.963250588743101 0.960186843151019 0.249503811549134 0.935650279353974
"cg25898577" 0.7578010830898 0.885602799709139 0.885607283801153 0.905531875786842 0.171149810428947 0.811305254237906
"cg27366072" 0.748553442965186 0.887910180983714 0.887204329950244 0.822366401325946 0.1514878427657 0.840453702375176
"cg27027055" 0.866910735949932 0.0692033159036435 0.0590273826800412 0.495499481847069 0.884900055259949 0.268674420911242
"cg02668248" 0.779379323403892 0.0931800175427501 0.0845048502162804 0.0937255975204604 0.779788237292853 0.290574719233188
"cg00050618" 0.893118584674419 0.137760351659391 0.13324644890831 0.330106506568114 0.892885784666106 0.484754340116684
"cg13554018" 0.799315277898629 0.260629785333287 0.158215257261214 0.0957993819393212 0.842671934903858 0.180566661908701
"cg02251850" 0.89200594508091 0.176188126520489 0.143070823203289 0.295754887780849 0.895679961563393 0.292445264996979
"cg10877430" 0.837435738881052 0.0387234761091656 0.0400549502194428 0.430392981258165 0.85530480316894 0.240823747570223
"cg21577598" 0.852687490822379 0.0514070188016735 0.059176323008081 0.466302743418859 0.876456297664524 0.271063495353501
"cg01367992" 0.908133081944431 0.124512039019132 0.0925964810531019 0.406281372031321 0.907242169997715 0.506516201850397
"cg03728799" 0.848885349014798 0.123476211159174 0.154466711997596 0.126593951729666 0.838565364732932 0.317538898126299
"cg19097880" 0.731380833159499 0.0585330225370352 0.0512870327192539 0.0558938325533287 0.748429119451237 0.135630919697722
"cg02879423" 0.0743232295949104 0.0970610869333622 0.124163663868135 0.665489875134383 0.755871447313201 0.185825379293812
"cg00484711" 0.156993068583645 0.192199532219037 0.380447309798502 0.428277873237339 0.823160571679619 0.742462239154268
"cg02505177" 0.798935966276599 0.144415304273722 0.102759207091126 0.0494818943470189 0.810192119220652 0.259863262813669
"cg03961551" 0.802593839687799 0.0951396820618269 0.0888019864986482 0.159395699898211 0.824260877034634 0.206480057809346
"cg24520862" 0.792433167181953 0.0665115050965014 0.0645735969429009 0.129772789270917 0.803925105026502 0.188091021241731
"cg19510565" 0.80806312134749 0.056023836102544 0.051833239203993 0.172261600285634 0.812696513822715 0.171409979409499
"cg08224785" 0.274173812024968 0.13530572651111 0.17033731927878 0.235333736290437 0.750697246651241 0.545565725751607
"cg12609063" 0.627461684390142 0.0908334303159478 0.0795069191165784 0.3482502744991 0.827260082232931 0.136302654190466
"cg18728264" 0.524352089338085 0.0903961993521223 0.102610858072604 0.0748756089268327 0.760873582952799 0.553620126791823
"cg26217402" 0.855884668756571 0.242821096396491 0.14089247733727 0.102308312130996 0.896623968724216 0.425434978320812
"cg04722215" 0.801069741118009 0.104147226632017 0.0903759580551059 0.257507433661409 0.873487094387333 0.178640307220862
"cg03795574" 0.10543536512192 0.120698582963751 0.162166276705908 0.112723376010786 0.68909771038654 0.312122859113165
"cg10639435" 0.471402614687233 0.0762696394475045 0.0994240937117246 0.44960335369754 0.840178229605938 0.143379763285182
"cg23213217" 0.151487443435504 0.105537714996729 0.110214112775405 0.378009235941798 0.793742038205311 0.436578802064067
"cg13617280" 0.894955190352544 0.947959827243649 0.91504522274557 0.945898805203983 0.931991213376046 0.2734610920061
"cg27582527" 0.883127310645374 0.763869656260657 0.516269565396373 0.817022691542103 0.859918295970463 0.128626203634094
"cg06202778" 0.890497467445462 0.847811123528388 0.611258028267383 0.912562757245266 0.854008629248058 0.200283614504479
"cg25383568" 0.953973456584236 0.883410343484748 0.712046887369628 0.92763683738149 0.948588029264964 0.299594291764162
"cg02384859" 0.913287946012414 0.848733484865584 0.570643177623078 0.888650862226415 0.909576228803934 0.241498342638649
"cg00805874" 0.961982847591709 0.9616276176169 0.558009614707959 0.976138437405482 0.966924348194141 0.302295396817982
"cg08052546" 0.812599147868627 0.855393217347861 0.827432508662892 0.724243380437864 0.787162786862113 0.217132758285612
"cg05875239" 0.892885946756571 0.89588543650631 0.788704114010246 0.867370390897786 0.870095418336559 0.279313128967409
"cg06040872" 0.893753396634738 0.848010414782499 0.569395714000682 0.90516485396095 0.899993962691413 0.24104105727859
"cg14301562" 0.849096801370079 0.858689769752292 0.644275524974266 0.878233238897794 0.888329840747844 0.24353381228135
"cg24430034" 0.983375167904804 0.964519329588237 0.876594823377798 0.977867022615726 0.975240551807249 0.376887142929996
"cg21634628" 0.909853967331877 0.759857922681171 0.61381267336973 0.774864326704 0.902305223673806 0.216774202617805
"cg12811871" 0.982203429927704 0.960063785612724 0.63438081989127 0.670240506243516 0.975117086232587 0.270067305403295
"cg05653887" 0.885378753074657 0.851169734741128 0.580672316900264 0.881142555416899 0.886196082264753 0.241989934228423
"cg20657709" 0.893574540984088 0.881694765009008 0.66834839574449 0.885228152856446 0.881481640887892 0.272622448530643
"cg15241779" 0.886980599402158 0.848283704652973 0.669913206276911 0.867434627620172 0.879026361179558 0.265752660147634
"cg03538296" 0.87669280769456 0.872342345001223 0.712100356093263 0.856822133002954 0.855657508751845 0.270376299061807
"cg18672716" 0.84115553441456 0.800951184932498 0.545192730253039 0.854281659155998 0.874515122203079 0.220416586006263
"cg07307830" 0.892499782847752 0.66515476756678 0.537423404314409 0.870434444829227 0.876442764476192 0.208089681968129
"cg09261289" 0.913464881350478 0.882635495110202 0.699214239450759 0.901155579770246 0.885420822583799 0.294546534698976
"cg19696012" 0.884340863299812 0.767158035918686 0.578726652141068 0.870852250616299 0.874778420596696 0.235981779202262
"cg15956469" 0.941507184686153 0.933212875637181 0.802573033750653 0.930439803294614 0.923119786178576 0.348804316467901
"cg27309871" 0.872158669865327 0.863936060932665 0.672325988344739 0.867162352255223 0.860193326721045 0.277279276259914
"cg26227465" 0.877675362033868 0.671954664444558 0.51798083521006 0.830321186865087 0.863684637988284 0.205044230117132
"cg11335172" 0.910348905582005 0.899911158687993 0.709512393303456 0.931692197361441 0.9185522849413 0.325081919646369
"cg01806427" 0.86422743598109 0.882140202245196 0.781951443536336 0.892407799694886 0.740092379514043 0.282063153268627
"cg12111137" 0.886307607453972 0.814310822811745 0.491678429912511 0.895588833905117 0.897803510621285 0.250823928026598
"cg06022561" 0.77877334088411 0.655070393424874 0.484546123874298 0.826872517662639 0.838708543602919 0.172850584686579
"cg21333217" 0.967202104829451 0.94697546846337 0.718307519857007 0.96515477860632 0.961854124495246 0.367125060194875
"cg10142452" 0.870559255372851 0.834902194456068 0.686048739498848 0.867801055467654 0.871456239549137 0.283137118547972
"cg26012482" 0.859448154183459 0.757747294140331 0.652472249350958 0.847085438549253 0.85627484137409 0.253048293380344
"cg20460771" 0.859997655066785 0.804079307441417 0.5545567208663 0.871499450519627 0.86996182399753 0.251055546223126
"cg21474838" 0.900267894684178 0.750393151122267 0.57802127576004 0.883578545297759 0.881772496190919 0.25913694568749
"cg13209388" 0.86427173664569 0.893890776265495 0.759983316238377 0.896995294780259 0.893337935810023 0.321797057391451
"cg01940139" 0.897091858955717 0.766494031658836 0.584089164684527 0.875646481191814 0.864597428432261 0.265467265965165
"cg13613174" 0.805995014654332 0.714755376337768 0.493315962732791 0.90200297436012 0.891568008552635 0.232649996451926
"cg02150910" 0.842716542988266 0.787479670562876 0.533158788532621 0.740463718658457 0.842902630049047 0.220619309358045
"cg13449535" 0.841870404591628 0.749227853617644 0.682733821235938 0.798613428017264 0.860509273910604 0.257776582417986
"cg03605454" 0.809305607982283 0.786813603075306 0.562422752567131 0.856042979728087 0.832819599496945 0.241174765147704
"cg11100450" 0.899923856389976 0.810437046940876 0.634416996977448 0.8945739425245 0.889223351660642 0.299120471481313
"cg18352710" 0.878693253794592 0.837909656904106 0.554363802948588 0.813250819632398 0.87582217357823 0.268055860356521
"cg11637084" 0.928103198218322 0.822637616265868 0.604016609049277 0.913199972506522 0.917974377970961 0.313262650821666
"cg22963164" 0.866909220820319 0.883723543635104 0.686375249722065 0.895232752645609 0.885976075605877 0.321344217231551
"cg11978441" 0.893164542720138 0.764588414987847 0.634997188460253 0.824577810311407 0.887010307501342 0.280625300324722
"cg15757195" 0.899867422803956 0.827159986737529 0.775111580701721 0.887713866299457 0.894917641532403 0.33653121247946
"cg15052335" 0.842679566865685 0.676881032094164 0.554223176393225 0.84266244752307 0.841819723987848 0.232898236251729
"cg14384416" 0.887751707169358 0.84496429813214 0.588899747469324 0.885981614110784 0.884645910475561 0.300002849289846
"cg09788778" 0.934480607060653 0.972559427839003 0.680471013145333 0.983677447944117 0.959561775244509 0.387315633336035
"cg00719568" 0.878964611140018 0.822014073458417 0.63933372551662 0.687173659779416 0.875942815453013 0.263493789576185
"cg02663352" 0.896434208234944 0.803760023328258 0.598620025890898 0.630257356152603 0.880762281990839 0.245596127062448
"cg13279811" 0.13189474293841 0.228321911576122 0.258663961351117 0.216280529062574 0.162931444300784 0.420620443815247
"cg05504117" 0.38910516674194 0.395633858036219 0.367236538915125 0.375574487220352 0.401290554842715 0.611418326277602
"cg22001211" 0.127374635822231 0.0652139179374174 0.156391694598418 0.0755061444793754 0.110350892022772 0.333351027556333
"cg23930334" 0.034160845553144 0.0521282403721457 0.109558934503688 0.0335300247767375 0.0373182923699401 0.284345010184256
"cg22129549" 0.0756811353677219 0.13096425488624 0.142751269130334 0.0846594145422733 0.0737467883486518 0.339638992919467
"cg27043010" 0.0300216375428509 0.0413451202648547 0.131669256807766 0.0518783483522157 0.0358887122415542 0.305612091351447
"cg01994290" 0.0844835479347169 0.131404276857309 0.248187651129837 0.169489069930436 0.103991151529364 0.396129071757946
"cg23643435" 0.0159487357144324 0.0809397458861999 0.126891212154449 0.0788427713130884 0.0233218614029355 0.316508515631026
"cg18886071" 0.0977000649294317 0.0978584491758245 0.186425404771322 0.117066746761134 0.129288447536286 0.377988732637173
"cg18786123" 0.0521437586324703 0.089428780970125 0.144287706696739 0.0874207287234833 0.067614765416222 0.340608837545519
"cg22897715" 0.0404820140425332 0.189018472674604 0.15229106531845 0.111214999531809 0.0466195652782611 0.363440650282785
"cg25020550" 0.28018856212396 0.270154999737419 0.299517602542552 0.277791202853492 0.301669801923465 0.545173636242229
"cg22014398" 0.10955385304415 0.189350334136381 0.282539024194479 0.177138424845704 0.123365673515058 0.434536244185839
"cg23398076" 0.0714404099325151 0.143632841464385 0.170084797618259 0.11316967994065 0.0859496380211421 0.376524357457678
"cg01710351" 0.0674373859567818 0.0641835035900639 0.152500954497931 0.0761792099156893 0.0768345759328424 0.347969626651443
"cg06460328" 0.121392531736252 0.218172353493025 0.294932021655177 0.122849342178705 0.117341047625202 0.435617179278506
"cg05828925" 0.105436103775316 0.0515576032002388 0.176424771776664 0.214748596446429 0.107395248045185 0.393062642559542
"cg15691199" 0.0367198255922914 0.151477321425389 0.225779630691289 0.0429602690754994 0.0423516300655768 0.363595015351232
"cg02256631" 0.144225880451009 0.140854460167966 0.193487571541788 0.138235702196791 0.139561996230833 0.417683131336222
"cg00905524" 0.0257443051435288 0.114166354418346 0.168426071255472 0.14253273097878 0.0279892730882418 0.36434749909121
"cg01383401" 0.183032308400816 0.152679663026858 0.323212034161025 0.103711767321207 0.173286216480994 0.45851574426799
"cg17546721" 0.358639367414592 0.399786516703836 0.490023722941431 0.513853673398162 0.44672417499806 0.715282155257596
"cg16256390" 0.0925723996287684 0.0900774774659193 0.251082792576372 0.15664939487519 0.0933971844015569 0.413885441573146
"cg15258980" 0.0674893022390971 0.140425023016142 0.242471862935548 0.153481396806446 0.0833818277120984 0.423378544138188
"cg09421111" 0.225331620055965 0.198583245024006 0.285823251960557 0.184193268924601 0.23417571724987 0.517139917658434
"cg07978738" 0.139089045495325 0.10196988851177 0.225738305668264 0.135948674421411 0.147784363761578 0.441916857575223
"cg27122888" 0.0700457951390059 0.128733921707031 0.239655628948076 0.128753016118561 0.0857706444337286 0.427560607207925
"cg14084689" 0.173845402751832 0.25267732551728 0.348519400008109 0.203527400774697 0.113391980083478 0.523482607213877
"cg00008647" 0.0420428979076383 0.0861677839085199 0.216002602356374 0.0913385441522844 0.0448837948210827 0.401910075939824
"cg21254939" 0.11928844593412 0.192696626104752 0.333540719653746 0.143818943486979 0.0754172813320139 0.479173853480034
"cg14011327" 0.0607083930546006 0.0825866889498166 0.138905673451556 0.0680586799377549 0.0741178264782407 0.397395790650257
"cg18168101" 0.0636181239067262 0.112525724707836 0.22127991005996 0.0885007212723205 0.0703508269377373 0.431970035975324
"cg03234777" 0.103168248204987 0.0824574417772069 0.126952922125599 0.174751676987715 0.0737267526941268 0.434323669137885
"cg01447281" 0.0811100066936974 0.0922620365551749 0.279028579863949 0.170249154448197 0.109005409364164 0.468403242136642
"cg22442430" 0.356468386503801 0.135362947019465 0.192516560427805 0.153509937308827 0.194446448340861 0.536332761040777
"cg16013543" 0.0759955035333417 0.0935816492489873 0.227359029597518 0.0703189190933826 0.0917773657663994 0.448051817163829
"cg04910877" 0.152119993166648 0.297610029611204 0.243511183895778 0.17238326175263 0.128744168740789 0.535468862706233
"cg24937136" 0.104274287376493 0.227981470383476 0.199595371599794 0.086107096027166 0.12532442052636 0.517400956211648
"cg25887844" 0.0664935244197965 0.145065361531096 0.27258273304128 0.313518520599816 0.128175696781955 0.565830653098083
"cg07675477" 0.187775076631621 0.158292979067466 0.349538805375981 0.246266337167192 0.193855254279562 0.610897634732781
"cg10697843" 0.0719518348511557 0.0738701671436916 0.0765023137388959 0.09830844273472 0.0783213445022554 0.464320488862163
"cg11115622" 0.0407004396679547 0.133009971978378 0.313145795494568 0.152967465214016 0.0663873190576354 0.530771278717779
"cg26971042" 0.132316424853466 0.114528583648142 0.259471537307204 0.0785022273136667 0.131754775479783 0.550933934145985
"cg16893868" 0.0561640001930567 0.186392844028838 0.25400050063772 0.128469718311212 0.0726506081569247 0.547036674842069
"cg10096215" 0.0558989920340068 0.119538329278679 0.355077542334544 0.102411712091889 0.123131095122297 0.569358857599426
"cg18881723" 0.0704811183295461 0.0571193517934462 0.194699262813696 0.0668020695874361 0.0635699045627899 0.543984650914091
"cg04179740" 0.0680023750723818 0.131393010416982 0.31569104843148 0.284178679547194 0.0989616119568215 0.636500207995813
"cg12273325" 0.14630544183239 0.210409427139236 0.433931140298688 0.0932137288533187 0.067611650422918 0.655715338894381
"cg06117093" 0.0730426110824006 0.141526564376409 0.423889104494155 0.171065658342304 0.0595801920914334 0.654883355460912
"cg09001226" 0.0624196105866308 0.352226882148899 0.436588625302855 0.187638701104385 0.0697722731061799 0.770468758591739
