"GR" "NK" "B" "CD4" "CD8" "MO"
"cg16802439" 0.0416594701996155 0.961306063117143 0.979128903360829 0.978956649557966 0.97650114604445 0.763672777377014
"cg05398700" 0.0754789976174587 0.96129439656777 0.950286881792144 0.962104673224166 0.958422269367472 0.907128344458487
"cg25739938" 0.0432110448966491 0.87673472110092 0.913729514981776 0.911987490103815 0.912227303247581 0.883616885772921
"cg06270401" 0.0392486150100835 0.849560233009871 0.916634640568185 0.892138538131549 0.888844818977005 0.86644828288384
"cg19037107" 0.0483262171843593 0.879534375455539 0.913602981922786 0.907638718773201 0.902035282623458 0.858448711095417
"cg22381196" 0.0368802202682753 0.9125004873874 0.938844287706443 0.937376292920301 0.931727163394773 0.714883029564282
"cg05936004" 0.0396193817018633 0.851680979006504 0.906939807267714 0.908079476619536 0.903797787098041 0.800935338673534
"cg25600606" 0.0693874838510044 0.898459266000649 0.918160265054875 0.920984432150982 0.920202280832176 0.867221999236777
"cg08253808" 0.0409911010905355 0.892991611280177 0.90101057383934 0.915901793849784 0.919384783865462 0.758167704709035
"cg05627557" 0.0238818412943086 0.852861982871492 0.894390047344403 0.894060975459867 0.887561948736009 0.720509758446493
"cg13652008" 0.0652974065770574 0.877560872614267 0.915128165977306 0.912173836945574 0.912379921080146 0.81154303741683
"cg21285555" 0.051143414171256 0.781137025603566 0.892007134057503 0.892039465121209 0.887679981042357 0.816597586843816
"cg11014468" 0.0913912684348389 0.891196301021107 0.912709196280421 0.909479147265743 0.909812708050034 0.894563024861015
"cg12483340" 0.0519037188536337 0.810844342304663 0.886476191787793 0.892502928512575 0.892741166347918 0.798252207904659
"cg00705730" 0.0496743422319234 0.88798925943494 0.884908763294462 0.871735441097252 0.858823800385909 0.830842936808659
"cg08154963" 0.0519296483377515 0.848650191237654 0.880583307429562 0.884133179090915 0.889720679861797 0.808084552722565
"cg13595556" 0.0398492618013751 0.844312288236235 0.915349491811209 0.900627626546952 0.89503077468854 0.702939326955363
"cg25074794" 0.102045259785796 0.916635164272593 0.935544739300641 0.937361607717974 0.936971125516029 0.845199162501522
"cg11070172" 0.139292720767908 0.954466613304477 0.955892933378892 0.957216511186108 0.932979133420778 0.936361384038817
"cg10487428" 0.0597550366049277 0.823085358133128 0.896062533352307 0.890406821311251 0.886730040455281 0.797579164348992
"cg13468144" 0.0645880490018971 0.873658352848778 0.900603392897999 0.816073706256269 0.88724288101706 0.872266723666754
"cg00660167" 0.122982951359411 0.952216056987075 0.967276418672189 0.967093390592934 0.964900975991625 0.800531773731641
"cg13618969" 0.0824031895919777 0.871043961531894 0.87574682718691 0.894481266584258 0.895626518440228 0.872625491532878
"cg17852482" 0.0640112763118042 0.833083647245671 0.872867473506271 0.87609778034922 0.873846320396957 0.845524054091084
"cg21792134" 0.0971440195180766 0.910037424186366 0.915630267765204 0.910034635859903 0.910260208711092 0.848980361650735
"cg10611016" 0.049030291579036 0.905073943986917 0.898412317344403 0.910053516227535 0.907584386086874 0.662215947352368
"cg15878616" 0.0740231965853646 0.954375332422813 0.972235456450399 0.976764888528369 0.974883843532628 0.55202521489645
"cg23819411" 0.0920522161003101 0.912241862885754 0.9218165346678 0.935401071960862 0.936177470719283 0.758173031801833
"cg18023065" 0.0345827339828328 0.95809026978994 0.978683503734014 0.974104018873834 0.971936331193287 0.381209315099556
"cg03340036" 0.0518165211738449 0.880778883884795 0.878567599257832 0.882328521380013 0.890181704971409 0.730575118591734
"cg15658793" 0.0551746988100296 0.900098903013892 0.868659851563129 0.920200267362806 0.89461002937204 0.704836316670368
"cg01699630" 0.0818150848022809 0.866568806774414 0.884716685828345 0.8808178693596 0.867111663329956 0.870657048127807
"cg03146219" 0.159310261261075 0.957751417938118 0.95796027923602 0.960190884154088 0.961754700941646 0.930993832568676
"cg24504014" 0.0645793348189576 0.905925443790423 0.915744863425451 0.924445852566869 0.921207600715587 0.663292125767779
"cg01692842" 0.0450658247008846 0.834672525849176 0.855354086770548 0.84129888635882 0.842706698945872 0.80012746077702
"cg24737761" 0.0725876311090961 0.831193613416595 0.87960630935302 0.884590377284695 0.866932263602044 0.800225020378788
"cg13178361" 0.0745199119871801 0.882852118517599 0.887849614777691 0.893124079052203 0.896813863081002 0.744750258540218
"cg04858164" 0.0758214378878247 0.894171409112276 0.865605148508171 0.88550350738218 0.875813172442682 0.794397731855867
"cg09859659" 0.0963117264847727 0.756051759734484 0.871403985158368 0.89356024571576 0.893682021912583 0.86777701829616
"cg00439981" 0.0396050240931198 0.898263475731879 0.894929170822165 0.901100384940949 0.900228912382569 0.572106338624686
"cg21685770" 0.0426885338830793 0.874669184897873 0.828274034379395 0.880374714736925 0.883099302032181 0.687018435167399
"cg13852284" 0.0675426028495042 0.821184093037508 0.872025219980154 0.8417456618271 0.829094235828662 0.845861374132498
"cg04609694" 0.074882449575731 0.866307369036075 0.863662105207357 0.87299700444703 0.87345990946566 0.792359142091575
"cg11313468" 0.0453127379987675 0.81539971989394 0.853613652542957 0.852079958160068 0.846416986709756 0.734942048069446
"cg09166556" 0.0722254552329211 0.898281883763693 0.866279627125185 0.917261276977349 0.913181136811072 0.687979846922697
"cg11153071" 0.123338487803353 0.957742691919215 0.977696328342301 0.980291603977621 0.976830802088838 0.640318053014345
"cg12809098" 0.0796651768770852 0.892555625672413 0.907889913222578 0.904909051307487 0.903538616032946 0.684630120652479
"cg07409471" 0.130405841688821 0.879754772371271 0.927045032754975 0.914120301745593 0.917858608520232 0.850847989174431
"cg04855678" 0.0714406403541745 0.834472073819804 0.91510958554791 0.92965597115017 0.928483856670784 0.601261084891848
"cg23169883" 0.0741575580857353 0.957737906641192 0.970970811251582 0.973997041942893 0.970265520310466 0.449256074450989
"cg01867764" 0.77444946853972 0.74204315142088 0.0586263944498936 0.178674634489335 0.171415886378749 0.422594307613479
"cg16219283" 0.865848719402814 0.306792137900268 0.0995435340815538 0.123952522801972 0.191082680882936 0.864635372904555
"cg19510565" 0.800344248305951 0.0531621819878408 0.153731931528452 0.0419134006498282 0.0442927673476286 0.804963571081106
"cg08653292" 0.881802489113662 0.510944329736806 0.0808376396135481 0.286095947357497 0.432154344514543 0.500275426514048
"cg11316887" 0.881271935834876 0.0782031830944011 0.1304392240915 0.236011514818326 0.145435252469712 0.832774448071093
"cg18148314" 0.849161674830608 0.0641271070082268 0.199958192496478 0.0798218498294962 0.0714667495250672 0.853496685653424
"cg14480046" 0.91442564662126 0.642344362904145 0.321415168922058 0.0834605972146834 0.0845422868266596 0.880324090346738
"cg09621572" 0.894881383700254 0.189345565625319 0.117337123860333 0.144069996471327 0.193845585601256 0.90273749522081
"cg14165142" 0.841206490586619 0.110287317849829 0.1914612663592 0.0506698099074333 0.0562822353196966 0.850441317143716
"cg14597739" 0.915573571485002 0.34455695932429 0.127718836863354 0.150810790235722 0.220476723181434 0.91843502342024
"cg02787852" 0.927412795704069 0.702847703274053 0.278378747394259 0.0986737267627377 0.103081793704354 0.923022238133772
"cg03526142" 0.840095814835553 0.046446200312728 0.290869201943145 0.0427728613110756 0.0515159345560209 0.768515113478161
"cg02402436" 0.83902492588852 0.17312204665627 0.0546608352459992 0.0777437190207827 0.121854293304372 0.855160820998038
"cg21359303" 0.920218664326669 0.128250126258148 0.324955623166282 0.0962616476549405 0.117116085665493 0.906621626156891
"cg26404422" 0.809713540380308 0.131162539364708 0.0943682275199974 0.0732909306484981 0.0880393014305224 0.726337861419956
"cg17587997" 0.85411125927581 0.0846177894309523 0.0882025302768768 0.125158850407619 0.128517269171344 0.831627821911672
"cg03889044" 0.863970250859379 0.504036123655538 0.445531178947981 0.0711654063122557 0.113966365662619 0.520410169177951
"cg09221159" 0.740056026267957 0.0839645440499213 0.125104579300459 0.0543999805709746 0.0618157215760189 0.45879259098739
"cg12810837" 0.783491779863008 0.0881297183855747 0.0566171081587355 0.0463994697455392 0.0499314290904284 0.712337261647517
"cg15903956" 0.871226322009586 0.753589635780073 0.0594631880996575 0.1872445564169 0.160378549015833 0.70772516949147
"cg26106166" 0.790312968597957 0.0722522318429203 0.103177638276019 0.0798918095926203 0.0841601595004979 0.617846263104587
"cg07069934" 0.834803274796887 0.476230911569146 0.0595100726630423 0.0490982645153863 0.0572651137746512 0.829424603031016
"cg01170124" 0.896931897469731 0.345574557382365 0.280770852469278 0.0465438565611331 0.0475713052120384 0.882300587238558
"cg21999229" 0.903660093168388 0.247033586903418 0.0856482211787853 0.11731301837463 0.18085016878256 0.913751637998814
"cg15519096" 0.874642370766053 0.214481732106236 0.185204717027924 0.0555206690424581 0.0919693079709454 0.842694576708854
"cg17161520" 0.822550728445935 0.131500414534018 0.0552080099987037 0.0731073767861791 0.0624600210088196 0.776646836548251
"cg17078393" 0.875763669271597 0.430042637901632 0.0935404897147587 0.0849993502527588 0.0811975044853574 0.873515680523513
"cg21959598" 0.861431511374775 0.0728931156459138 0.0813766323448607 0.089391633755996 0.141030326031351 0.821506960966876
"cg20805133" 0.926391570787209 0.421094127628427 0.336372311553428 0.0467348595302399 0.0578530014004908 0.90345165252954
"cg02212836" 0.80368074225521 0.438580682870206 0.0611942015874065 0.26791526366305 0.34807456059069 0.138626560686973
"cg27377289" 0.905072376966529 0.720034958056704 0.0497322044048527 0.0857649400970491 0.150406254717125 0.891741251688551
"cg10145533" 0.850518755719344 0.0974331705551167 0.0854252361929353 0.0713875548293728 0.0882239532639952 0.81250148883094
"cg14441276" 0.861714503889366 0.150380710260751 0.0427749027366455 0.07759615354163 0.107359869593062 0.864715025665714
"cg11354682" 0.816687669991564 0.0995210776444717 0.0637431336829145 0.323812087655083 0.390616868293942 0.110853022104348
"cg08169020" 0.895979646582614 0.0924291072148074 0.23171156333362 0.0368660760865818 0.0378514141320983 0.885004372615059
"cg17169196" 0.917704503084628 0.297218940166189 0.0834445857848975 0.0983911695898724 0.147839910198417 0.91332642984257
"cg18920397" 0.840050580093408 0.0974322315455189 0.120325782050564 0.0502674443255195 0.0508195355635738 0.728819639348729
"cg18128887" 0.725140818341322 0.0466581787928019 0.0371674494892838 0.0271127414302686 0.03001801338115 0.366851904127369
"cg00795812" 0.814019717070844 0.495688389316561 0.381392159402795 0.0560411450190829 0.0906170651920571 0.230508167313152
"cg26348243" 0.940662857896168 0.64271737697527 0.123277832654372 0.0746225543611952 0.111048858062546 0.938226745106261
"cg14437551" 0.933648246864581 0.162893470157462 0.0721782740388198 0.0972756200411614 0.147650549359895 0.927238382021268
"cg10699171" 0.812533468688451 0.065890432062665 0.0833241693158525 0.0683096962290882 0.0748347235864261 0.528130943542876
"cg20513976" 0.830474358004053 0.044191506819356 0.039697012374975 0.0243807613664848 0.0249707053125433 0.718490235107819
"cg02737268" 0.942032977137773 0.367960186951569 0.068802150253691 0.0976936559735707 0.0899806143901081 0.935896660893554
"cg27051683" 0.93465706108039 0.540478548559626 0.466696984198504 0.0552728043532884 0.119322576265038 0.49761634920971
"cg00446123" 0.852411408029142 0.0343768876917764 0.0514830804702347 0.0435749644285031 0.0422893023746627 0.701944639408704
"cg23280720" 0.865944402649425 0.291614156500546 0.198004512408994 0.0266817944988541 0.0346269166780182 0.588957341243678
"cg23954655" 0.767644154731502 0.13611887562169 0.0633069133895214 0.0638866012648527 0.0766859123118985 0.114260928661094
"cg09993145" 0.851731516052075 0.0511978329610972 0.248777526671915 0.094935130458291 0.0776101367318098 0.10879457007126
"cg26341831" 0.850137678428695 0.0763788946947166 0.0405442321003293 0.167684972720222 0.0530311722801713 0.18146152974942
"cg13617280" 0.905130348290077 0.128942332897189 0.951711066291114 0.954715308496474 0.933525581818622 0.934642175990677
"cg05875239" 0.894876925988217 0.0922013594874077 0.871854945196138 0.8994730556548 0.817192332562472 0.87498708286772
"cg00805874" 0.95686744135657 0.111554930237285 0.972712367820735 0.951663222325642 0.581679439563874 0.960573120064555
"cg27274718" 0.900486392218314 0.126805463271359 0.900896955288492 0.90240125234801 0.885676699833536 0.894596849414863
"cg11335172" 0.906109179379049 0.107724969633243 0.930165525428583 0.895359587110021 0.706789929894802 0.914370711186959
"cg24430034" 0.97805101898246 0.19553874513576 0.973739774495682 0.956123229600832 0.882637293027472 0.969750610783875
"cg15757195" 0.895623285267373 0.100488069267282 0.881868604564791 0.817392069150581 0.784019793747958 0.892007027407485
"cg05355684" 0.908198428558171 0.142924852023927 0.90995326186789 0.893967876233994 0.858907186129255 0.9048674906799
"cg26573274" 0.967305767948934 0.185641968056294 0.95666156198636 0.945942282172547 0.858349809003407 0.959458097516445
"cg11650164" 0.881729528717669 0.106137267204082 0.915887470116772 0.836515729679532 0.715973291436787 0.910375675521659
"cg03538296" 0.864858871448274 0.0825145322359778 0.845925160993492 0.856441355133927 0.713381911154653 0.843545839249722
"cg22488278" 0.907248486778738 0.11603285094787 0.825810872896749 0.892220599197193 0.745490510220134 0.900583945202805
"cg15956469" 0.939424852230931 0.171704904678099 0.929468359632122 0.930235439560274 0.819113013729527 0.922192201113284
"cg08326410" 0.898825156191799 0.148187067615919 0.899322950958439 0.892085960127851 0.825051356291691 0.901306907718596
"cg01806427" 0.858939474953686 0.0988711912759065 0.88849454993855 0.875920189698159 0.778744655715068 0.755497421768174
"cg06202778" 0.880911499066208 0.0819611667056669 0.902524981775269 0.835122675463489 0.601675830237033 0.843004149638652
"cg24408769" 0.599922157666436 0.0898213226108049 0.948370329011324 0.946307738618356 0.900125832963629 0.706570696667281
"cg14058851" 0.774757840164849 0.123080947268481 0.903580641395305 0.896038279906365 0.857857633739232 0.829241791829185
"cg20657709" 0.884425824653572 0.109316942667352 0.877510108923003 0.87277110729544 0.664464351154214 0.874097852771453
"cg12811871" 0.977503091309322 0.118306286251436 0.659999949675768 0.949520708284488 0.642415945646512 0.969282054231869
"cg19915997" 0.889676207159438 0.150578382500219 0.879538414377439 0.862732553759361 0.846175863352309 0.887308083951194
"cg02384859" 0.910168490897094 0.102701024523554 0.884326660850558 0.838920106428896 0.567591953531213 0.908057548369513
"cg13209388" 0.861353818972064 0.137787955783146 0.878095036077401 0.885959607603938 0.772863150379341 0.888298359941187
"cg22749642" 0.890431114113268 0.0847157269471633 0.849075079194723 0.833745945399187 0.556758091333714 0.879322322246646
"cg21828319" 0.89359214204361 0.129512927846273 0.746885357033706 0.87668400377816 0.849358759921628 0.854073252683615
"cg00829063" 0.908718982288947 0.135736236632883 0.909614859862113 0.724484804957566 0.802438985179513 0.89991985640874
"cg09261289" 0.909845831397959 0.138354327795004 0.893704026626395 0.871368840321535 0.694984953949953 0.879545315758272
"cg05653887" 0.878910002052987 0.0978414701395682 0.874350676689439 0.834458992444734 0.574626181457192 0.879794737402145
"cg14301562" 0.84156256975822 0.105224076318067 0.869984492299721 0.846505532276829 0.63778179850423 0.882755059557137
"cg27309871" 0.865474343117186 0.109681772623778 0.859515906829197 0.854171891511936 0.662907261641079 0.852422766598184
"cg11978441" 0.883772999958932 0.0791033884745387 0.808134746359068 0.743567894984566 0.624898379760207 0.878058132963995
"cg06588802" 0.902570250289739 0.129593920251908 0.908830106514295 0.756835695048362 0.724612607312273 0.898893989620244
"cg16316183" 0.72724423712124 0.134684945336439 0.876775482473992 0.894099230287824 0.86605944238895 0.844610589636777
"cg02240030" 0.897496174971362 0.13828860630238 0.846438733773336 0.860298388562475 0.744798339811833 0.873150949600752
"cg00594040" 0.891813776500266 0.157457299061923 0.88942617617953 0.837807625025471 0.821770893020301 0.87893869997303
"cg15241779" 0.879318467516812 0.11652169766994 0.861141135229954 0.83452987125005 0.657522269084706 0.872859811271876
"cg21180201" 0.87007050807231 0.135865229819315 0.819993676344633 0.846428379944207 0.789847200291936 0.872576511331794
"cg06040872" 0.887358204960228 0.113765201266792 0.900478632275881 0.838680773406852 0.559377956880262 0.896472774048083
"cg26275360" 0.865903585512216 0.118816460786727 0.810829281589015 0.83636494065427 0.760047602082206 0.834777969627411
"cg25801622" 0.863439052980627 0.106253861128202 0.85700411063434 0.816320648773807 0.641043592146485 0.865431131698039
"cg21634628" 0.902897663426779 0.0784802787940772 0.758850545221614 0.737632552422748 0.606388794257525 0.893999096293849
"cg10502149" 0.8782898274978 0.125094571070573 0.764474435608668 0.842416814668628 0.766508281527567 0.880149384172406
"cg18310515" 0.884672327434186 0.110296058338224 0.874899725014753 0.80235714560541 0.611389935164757 0.880848074132597
"cg26012482" 0.846420126321541 0.0787508434675042 0.836368879522476 0.732346875737722 0.639220264926151 0.842392246504512
"cg24410690" 0.858844657041431 0.169602963971586 0.8746414020141 0.891547333827189 0.874551835328311 0.852022752356907
"cg12111137" 0.882358317530383 0.0928310127631506 0.894293261443975 0.802106333985706 0.48585394752051 0.893795721223912
"cg08985282" 0.881882622185764 0.127677129547435 0.819698945156285 0.838546069939791 0.708982213294462 0.878036323273038
"cg27582527" 0.86581099560591 0.0475427552878554 0.795578286239543 0.730549768919066 0.489538239403112 0.841278736970443
"cg10796068" 0.861137206249826 0.104479971782737 0.810111687994549 0.82005665711055 0.667099444864735 0.845365085693955
"cg05593759" 0.892304562647867 0.135488161111093 0.790988944300775 0.842570252993661 0.74073147916092 0.891823481568873
"cg25020550" 0.266696798210373 0.656724521306498 0.259194929751297 0.255587429416941 0.275149577930058 0.277387972369169
"cg10879992" 0.206828291061431 0.603985059953571 0.154673656114124 0.244648886347436 0.369954435972332 0.0956031360412249
"cg15773312" 0.0387177372805465 0.576870856118361 0.304540370581115 0.166134568188227 0.290005810846549 0.139360360644754
"cg16382047" 0.104498754511822 0.653722080287048 0.238938340057169 0.440520323765726 0.412713160329805 0.114393245059664
"cg22644321" 0.0545724836968054 0.576481791741501 0.419536670830621 0.0846109747596858 0.275868205629169 0.0751653133160493
"cg25975690" 0.169834480920775 0.712786764773383 0.267594428231735 0.442695928325465 0.512859179256445 0.192857500455877
"cg23398076" 0.0728024379421606 0.515521543636098 0.116681378706424 0.149149695400469 0.170619203098829 0.0862232935949287
"cg15975802" 0.0688923535510144 0.573008426573223 0.252059874702662 0.117489793110555 0.325171807465144 0.123593760037168
"cg10439456" 0.347414176749154 0.741675940350732 0.582008524711015 0.305074746799528 0.260573699733191 0.225587577318151
"cg11930955" 0.351327156283529 0.617321772928207 0.180664226253287 0.0852996060033582 0.220949904192792 0.254516198119214
"cg03989617" 0.0834107224898547 0.564281623153957 0.132631738223246 0.178445347632983 0.350697629324073 0.0863815717140618
"cg11115622" 0.0451261636887444 0.545303578796028 0.166867305171888 0.143731090415402 0.300253068847408 0.0748458718390555
"cg09141835" 0.27891006979507 0.735911983914082 0.195831317209258 0.592681196290517 0.419135037100406 0.188292961296878
"cg27437304" 0.491755529737339 0.81493287092484 0.414344277959786 0.36806345221709 0.639919485904446 0.163791931976493
"cg13318771" 0.115681940959247 0.611637302666747 0.201809152235478 0.266861773917741 0.415839368968603 0.0576687632058939
"cg01447281" 0.0657813455929327 0.531852074745856 0.15037081854234 0.0805307230974563 0.239783818698373 0.0926714314763336
"cg16013543" 0.065715397984353 0.508859588930658 0.0607318675054657 0.0846537596247588 0.207612960804378 0.0814393944978058
"cg05376738" 0.333861917808254 0.616308804007021 0.276111187362958 0.108257290241249 0.253227239539563 0.0669629918455026
"cg22589728" 0.156913788501916 0.683332052437784 0.240991761076086 0.337916668271747 0.481681816478932 0.148583910650766
"cg04910877" 0.165444750710012 0.621853697384099 0.175638213044925 0.308124661515151 0.246408573070084 0.131802890890702
"cg17176894" 0.064540973029475 0.610315351683899 0.0862178540008663 0.279076576159031 0.439769134609015 0.0930625829981057
"cg07978738" 0.119330170974731 0.553790644326382 0.115447477183205 0.0875559137484913 0.200169740682071 0.128263729241403
"cg27122888" 0.0594518444072009 0.540783100012372 0.114661687372973 0.116966348283859 0.216649967835314 0.0769295851760043
"cg14011327" 0.0524408016286532 0.502364262415124 0.0584680665351502 0.075952246441107 0.113410951000952 0.0656877698680178
"cg16893868" 0.0468657842101774 0.554602537717122 0.112503875244055 0.171507074766816 0.224480403811979 0.0640006858781115
"cg06875488" 0.254440533489265 0.795019105121482 0.307674518012595 0.503792618708723 0.588709293277476 0.158294126538967
"cg10096215" 0.0433647868062609 0.571295513566267 0.0882132547727622 0.106846334871132 0.318757355005896 0.106929378418288
"cg16719404" 0.44274876637269 0.719651881956223 0.475840432958001 0.153787062722113 0.253706342184284 0.0746457741229336
"cg23045908" 0.0755360179026437 0.554713961430225 0.088975302949278 0.105366383679075 0.138283943746058 0.131147357609996
"cg24315421" 0.0433677064502907 0.691920838862073 0.379885945270674 0.261225211441864 0.489840963926476 0.0602738388547255
"cg06832898" 0.0599480864049967 0.690989132830571 0.142246521385648 0.251355726501102 0.561838883860188 0.163887857570575
"cg22897715" 0.0350729816705787 0.555280200875065 0.100294313932396 0.1735873348683 0.134657991210515 0.0417066719180293
"cg16651877" 0.227503243276186 0.739468369343108 0.230654139840286 0.294508267356307 0.562057666880307 0.0934229094016593
"cg09101151" 0.155010124360013 0.748663977018627 0.0888869035110061 0.466969864127715 0.541566609647563 0.151124225383198
"cg24088496" 0.38557154536859 0.761706346777561 0.327327454373477 0.180278448904902 0.317967796024788 0.253084769894287
"cg24138325" 0.111152587756993 0.768863156537919 0.19959030942292 0.451859776879588 0.339778178384211 0.374752561554867
"cg25719851" 0.135289717651005 0.745018798744048 0.348699351066944 0.184575868152244 0.428526551184212 0.252609280286341
"cg26348226" 0.0623023152488204 0.660392557998169 0.0424613464455214 0.269639914728981 0.482426733772471 0.059449358328866
"cg07687131" 0.0638479769697824 0.716029742458484 0.0789275534250913 0.447099928354492 0.523791235754094 0.075249846322008
"cg07381806" 0.454766958930244 0.811691697754778 0.117667702760838 0.255450591233061 0.543060586029418 0.164379688920331
"cg25887844" 0.0583125013347949 0.673245028949576 0.285570817720848 0.129017322859046 0.241212036054728 0.113251145294903
"cg07675477" 0.171484339494188 0.726412058598508 0.234809543725426 0.145651979896187 0.311696710177105 0.175020313032553
"cg04179740" 0.0551208423058827 0.680675819555213 0.250995263215078 0.111357988340308 0.277612094636536 0.0843844265046039
"cg12273325" 0.126487261467871 0.702753701560285 0.0795052466159842 0.19638905974297 0.39725839928533 0.0584329033651168
"cg26971042" 0.109112093647299 0.653553184878279 0.0647374690535952 0.0991389723347909 0.223407631411314 0.111252744167337
"cg15694422" 0.062902534033153 0.697754509670435 0.14163770861462 0.345753177182339 0.192701501171324 0.0706425324557483
"cg09001226" 0.0555402170454513 0.745723304315127 0.174606101152213 0.338351382092971 0.406998885986977 0.0656016343543384
"cg22442430" 0.346933637474326 0.75289657338709 0.153967785836041 0.136401196062522 0.177485956983009 0.189060779168725
"cg18881723" 0.0601377892584637 0.679945655339517 0.0569078582583979 0.05129140396105 0.17387150020597 0.0545886578771612
"cg06117093" 0.0633200101363933 0.825374866736092 0.16310370089817 0.137436215690814 0.402658012946168 0.0550680639710971
"cg26692003" 0.967634087682732 0.94816499182076 0.08317535270174 0.969074507017229 0.972202296319683 0.96668157681366
"cg02212339" 0.957926297469505 0.945855587976196 0.0716876915395938 0.954467865322408 0.954133774890253 0.959073773862216
"cg00464927" 0.960518848916135 0.950900886154745 0.078783856460399 0.961497393059609 0.963848476052384 0.953348052723476
"cg15241519" 0.957752231102039 0.914479236042183 0.0488777988040735 0.94342218167513 0.91303363689841 0.881313245846354
"cg15348679" 0.885448437716642 0.911221941224165 0.0314446242006565 0.873496616461318 0.963264813141825 0.878393696611709
"cg27106643" 0.942341809668481 0.915358551308562 0.0755712467140974 0.926354509634708 0.935013696406332 0.929083558202467
"cg25131632" 0.947947835027608 0.930191573353867 0.0745856526274507 0.921593347052437 0.91195803438474 0.9429335984257
"cg11699517" 0.943869531675972 0.973709031021247 0.109161745650536 0.975537926737357 0.974811177701651 0.958667379315828
"cg17995557" 0.90183557216979 0.708401652760716 0.043676682721531 0.899644098437976 0.903585961176525 0.903766156892702
"cg21248060" 0.941873930241084 0.916093756608692 0.0947365322949239 0.945447051498048 0.937548035095456 0.946392079797792
"cg13738327" 0.966120633891866 0.93738503309818 0.107449679283908 0.941634725261201 0.927527191614349 0.966624170988793
"cg22212560" 0.891105360963839 0.894510953073416 0.0270922944836701 0.924856868896005 0.927835760813221 0.73235791147836
"cg14936008" 0.911560680516044 0.911823747575629 0.0649654082117696 0.910068321452587 0.901840445562917 0.900588060091836
"cg17768768" 0.959033580345037 0.960811568091219 0.113823276535028 0.954443165966694 0.957093099921126 0.948444234580225
"cg26552743" 0.851607787864505 0.832113927847657 0.0374111864138758 0.898366154018598 0.900905809342697 0.871318809418741
"cg16148346" 0.896904678893982 0.852072818787125 0.0568253549886754 0.899147406618496 0.90179817509881 0.894073919183556
"cg11661493" 0.877951595071102 0.872397268484078 0.0448498013396852 0.889200552100888 0.891814263082106 0.874359295158083
"cg16210395" 0.907885555330265 0.863308860369377 0.0462542853403205 0.866400916431694 0.850837437185874 0.903087839888276
"cg08162476" 0.918969385160105 0.899045079972952 0.069959372048133 0.934397945321797 0.937657694185215 0.831269524116516
"cg26438284" 0.880118560575524 0.865048891002791 0.0519778259394169 0.906553219394385 0.853834377927951 0.906995200434533
"cg21596498" 0.894254255813669 0.893333377286296 0.0659392355837015 0.905491019445416 0.90815688912089 0.885688817645616
"cg05480110" 0.964890847519899 0.929855829412463 0.128481602106026 0.959591508335455 0.960518696876617 0.959272219986098
"cg00760938" 0.872696804116044 0.831800612629694 0.0449693006025916 0.877248345713715 0.873462688539193 0.88522032224031
"cg19260718" 0.891788095212083 0.867577414149031 0.0618361191400812 0.895293548366256 0.890420774798322 0.894354125025929
"cg14482811" 0.894578428518581 0.628933338746443 0.0733560775132658 0.928558619282006 0.92723520061694 0.907499407320104
"cg17232476" 0.895802279092474 0.862208253047058 0.0580871966004961 0.890651995401665 0.884590074341678 0.864861450897376
"cg21743182" 0.879465147945703 0.821146643006719 0.0463187858031837 0.863470095321336 0.870975277158376 0.87263311227509
"cg04828493" 0.956929722622219 0.863766807525234 0.0888902676800898 0.937556511976543 0.934886704259218 0.826779728220441
"cg27304328" 0.838311586675148 0.870139364496824 0.0562785779772918 0.90240130453121 0.904913011148694 0.866472436043679
"cg20666585" 0.896843770875373 0.799183772100227 0.0592389489533112 0.873716315573025 0.852417726525591 0.898466627141206
"cg18184053" 0.843882810675091 0.771512016058745 0.0345832222680751 0.870789298753196 0.846637720156024 0.851899221629643
"cg27565966" 0.866363390480755 0.778738745645924 0.0552297488620448 0.88114635826486 0.87722909100358 0.869009685447612
"cg01024458" 0.903570637900971 0.879998352206676 0.0583774091261086 0.832777889767558 0.855921231067294 0.890378676237378
"cg15532942" 0.883821304142957 0.848288899940897 0.0608727322379175 0.844392877959095 0.866462532623854 0.894398465241127
"cg26795340" 0.850984136031997 0.826132229912609 0.0430628443868926 0.856685397218093 0.858215460440338 0.844092160888757
"cg13356455" 0.868880099524413 0.837410756258803 0.0531528177592079 0.859850563304766 0.856890572974084 0.861244593712167
"cg11774624" 0.901985521427658 0.898508627898266 0.101219637747919 0.903585074145591 0.911110217472098 0.90035134199161
"cg22498365" 0.894130369534818 0.877564302205482 0.0666366958193106 0.828169891390817 0.861932965689189 0.889356684313662
"cg18664915" 0.883406917161564 0.881594737450868 0.0832476786437013 0.885259883689745 0.880171378863383 0.890271791667292
"cg25683989" 0.871312577157342 0.861010177645834 0.0707636428825002 0.878720071580578 0.872189016609656 0.863109426439021
"cg05891759" 0.895157153581042 0.692110051328379 0.0635595506306646 0.853524721916956 0.873117507530313 0.862027539282664
"cg04838847" 0.969611063019637 0.96532799212755 0.171259966703881 0.971697026982573 0.973291594655072 0.969069316417157
"cg26318872" 0.906882858111348 0.876264251342665 0.105237476390342 0.900509032987367 0.904777898311637 0.906064167431101
"cg07721872" 0.879484708776642 0.843570660379122 0.0614354746316196 0.823934795882938 0.855716178794766 0.881816723596008
"cg20602300" 0.87768456509604 0.893917535929014 0.0833394898237562 0.879390571434086 0.878832559034914 0.87452498430699
"cg01869288" 0.873903188942302 0.824722256402769 0.0460674604078763 0.819456790925668 0.795873418038185 0.872981333551437
"cg18590995" 0.792836194742472 0.813888574901268 0.0444203036050002 0.865993917201012 0.871413624763149 0.826824279131772
"cg04949429" 0.858931597367532 0.706253390649595 0.0536627966135911 0.850229604195552 0.850459807184092 0.852466377798891
"cg12976793" 0.908832064727523 0.873782017454641 0.0992548892705799 0.879045030918924 0.883363349598942 0.900843481938846
"cg20452738" 0.900268658718585 0.874481899616888 0.109180098929432 0.904380907349725 0.904242484521811 0.904766658245851
"cg13924996" 0.139522249986643 0.0820852540418402 0.771430919072747 0.474585700346654 0.112887589466262 0.263848603954073
"cg27049094" 0.409334865419609 0.344492930793009 0.869782439745232 0.119858713806515 0.208980750073283 0.61181697177367
"cg20541456" 0.0222699036303461 0.339032157096438 0.602430336804657 0.0688953822264725 0.0672756533541457 0.0773404119660223
"cg12870750" 0.0633523116722804 0.141120039685868 0.674949039792608 0.0508169066610573 0.071037780922169 0.377866921326986
"cg05870586" 0.0542085460930962 0.426052633740359 0.79043491467262 0.294980086875893 0.403085204801788 0.246075610853144
"cg25518868" 0.041312720778882 0.124631962576114 0.589732571253769 0.0476871417722702 0.0519459442080431 0.0545264258983143
"cg24834394" 0.053162523244828 0.45467298276518 0.841765792080415 0.275890867471149 0.437096688656771 0.415070098093237
"cg03889263" 0.0764898160775379 0.60360768365896 0.714560455672696 0.132071786794008 0.31793520111608 0.0916546316833384
"cg15030789" 0.0594636367354786 0.408661473621343 0.735997551864392 0.272748858507468 0.313555376595885 0.0875969264390955
"cg00874051" 0.050736042459783 0.397105352295885 0.869202738672049 0.580091649321225 0.554411641809992 0.101656176980788
"cg27507284" 0.0542095165498714 0.102152030551562 0.754592595711773 0.407805736430887 0.31628278560693 0.0707984883781229
"cg08698943" 0.413737867576711 0.257588362106074 0.856428945383038 0.324399754694433 0.384321600353362 0.105580181199668
"cg07375256" 0.334207331890671 0.213121237386602 0.856166485731208 0.0834775510883588 0.0638702097463528 0.740223047480718
"cg02304370" 0.426075182899407 0.656960395221468 0.883160612759958 0.231019106949044 0.230671871395376 0.373346952740826
"cg21278103" 0.0506096856749057 0.421473879608812 0.839701250605254 0.407915348330099 0.523951390380387 0.113569436108621
"cg07285237" 0.523826231578899 0.355156759871797 0.807326790035327 0.119045413956029 0.181721467402847 0.13670607114232
"cg02779913" 0.0307843433660639 0.22254298601406 0.767390947351088 0.40856920829609 0.33149921109252 0.0446589990340222
"cg17950348" 0.041558302721257 0.0728617607590194 0.852536668511083 0.590979079399676 0.500825276887466 0.0632866149821145
"cg21291385" 0.0698324420426784 0.0817241453489396 0.738614083601662 0.160216549189812 0.132566624878083 0.345364774666646
"cg21638533" 0.0511579541891699 0.852396923167432 0.887804472954855 0.520132159282802 0.569886837903691 0.0631537980364984
"cg14284211" 0.0395372939971603 0.43581799757551 0.701236280046206 0.22954447614168 0.171316377826066 0.0503017745318139
"cg00902153" 0.076114312250571 0.644290874881135 0.669511556818206 0.0896006117472139 0.0902376696466025 0.0619936738456914
"cg03798942" 0.0750144014270488 0.0477784534477424 0.77224929943202 0.0892002417858769 0.107148461465048 0.552574599818292
"cg15595502" 0.120818230291628 0.469062495298727 0.810211612827113 0.348369615262677 0.248259786792677 0.193965131891376
"cg20450123" 0.0618808353566396 0.094007942820869 0.761584583966734 0.302533423176885 0.241176964081361 0.154590055719273
"cg24536818" 0.0930119121622006 0.189654986523069 0.74328682506803 0.0847164658477014 0.318493253869965 0.138252215908172
"cg08682625" 0.081344225917094 0.552691413124656 0.7860600342802 0.254778078884524 0.262970397681861 0.121462872557933
"cg22677556" 0.603831954461595 0.34164172374471 0.820742197947812 0.0525464595480486 0.0538679848177876 0.13853122344215
"cg15906007" 0.0735156498396659 0.0557743704344175 0.727739140687283 0.0841460515883865 0.0746939858905143 0.245750504279825
"cg15354065" 0.314701123816195 0.663152744530797 0.81076077407819 0.0724456620511581 0.257575336419898 0.0780960964266948
"cg00970435" 0.0758097031215863 0.066107848961518 0.772827869171158 0.205105836391065 0.090572950554242 0.276087496702592
"cg19268695" 0.645563159502288 0.0681342489536833 0.838578543813745 0.0680768999564733 0.075073899989208 0.128506093245444
"cg01054402" 0.0579954920326518 0.516569972541328 0.776263003804153 0.0874781708205474 0.129204616638264 0.307699511636551
"cg00058449" 0.184465751498938 0.0476455005486965 0.935950035403057 0.578765015993388 0.217046444057686 0.328309852298712
"cg09300089" 0.0516710321344688 0.0753340283674889 0.809461510709658 0.42509413388198 0.189249839498738 0.0735840837444125
"cg20380468" 0.162309580004092 0.630139245535429 0.845268613490478 0.0521701821198226 0.0727192773848347 0.484465328737311
"cg22437221" 0.138232018160845 0.559771578059938 0.863080969889175 0.0638457927635237 0.0796490516487203 0.574518948997377
"cg20317872" 0.663818453097348 0.0781634852026971 0.892306888786301 0.0410701022092493 0.0422424592256661 0.288104955570115
"cg23357708" 0.0523353728402762 0.10046124663606 0.800263968813655 0.240524049617463 0.211543527663973 0.0539128476595363
"cg00619207" 0.476405330409955 0.0698687687340387 0.833026704612439 0.0523461507848453 0.0532666303692788 0.076091376328002
"cg08560387" 0.0316928508190161 0.0389268189520597 0.727348447192439 0.0369894166489374 0.0332924056222884 0.0412066151391358
"cg25616055" 0.035141302692742 0.104756915389098 0.770625848344648 0.0627588113959018 0.0988044672425415 0.0773136210859804
"cg03429643" 0.0376613552247421 0.0531979477810381 0.750790145655491 0.0541593766427427 0.0433198004028741 0.0581974000647049
"cg07635227" 0.0331425009856598 0.413026712812821 0.801662078659226 0.132798161803996 0.135989849513951 0.0419857935344143
"cg17266282" 0.123129731516345 0.15622410408276 0.865017630219542 0.136092912254017 0.210833248819023 0.173008676822101
"cg02606840" 0.0284113423925477 0.0413118076015785 0.784565072727068 0.0403680100647566 0.0353404558963399 0.184899454618864
"cg14317609" 0.0889364503959296 0.0755083633544306 0.834980452350693 0.127251693938738 0.161506708801554 0.100110288545262
"cg01156249" 0.0644807590501981 0.593034378889562 0.899176940107783 0.260320567085001 0.215242554275889 0.0740223704643819
"cg19269039" 0.358586454180786 0.0596745014882958 0.860169394045363 0.0367607760551834 0.038241242045704 0.0787326653096095
"cg08864105" 0.0835229240744935 0.145638779695882 0.883990601801289 0.0921637228038426 0.0909883987105631 0.0817598769303292
"cg07679948" 0.975004266577645 0.949244815961278 0.974129999677304 0.0770491798455262 0.358445177788075 0.969542369959096
"cg00366435" 0.924245023271379 0.866188052777456 0.916475167923914 0.0785166204193267 0.533504106731884 0.912730675406779
"cg11236515" 0.982265120972014 0.890167297404078 0.939091903900348 0.0931012245863921 0.326440113885304 0.978401974304171
"cg07970799" 0.95069499375512 0.782580994184275 0.942791229336116 0.133978329126715 0.466679654564331 0.94467703669473
"cg03388043" 0.955771676129708 0.782690903959603 0.951887735824242 0.0395528167164738 0.0474648207259969 0.943476601769727
"cg11848483" 0.931550743442923 0.882551514788711 0.911891914468299 0.0887882022052784 0.316331137829548 0.930245376614335
"cg16173109" 0.883795036604441 0.820903903426088 0.879023342093376 0.0849420660898554 0.406989126894828 0.882636525869254
"cg16452866" 0.960185635530776 0.937669778688263 0.95674413126282 0.0931680618758057 0.200662176746895 0.938491319162368
"cg14477767" 0.876035172765132 0.858091699543632 0.8492009912827 0.141951616954896 0.703396010017326 0.84726183917611
"cg07786657" 0.967120433956343 0.123867703024349 0.971386867027546 0.0449052149642035 0.0519463502490647 0.964118094294503
"cg24841244" 0.918289633800002 0.86061031189855 0.924689901822829 0.0381303905156776 0.0439086188826679 0.911495428493991
"cg09032544" 0.964417884075118 0.153920638558765 0.965050789678471 0.0423032700413771 0.0502031482753372 0.954827168140327
"cg11465943" 0.925164307353676 0.869731083871891 0.893827624833396 0.170384383379706 0.607557542671486 0.924705303056112
"cg04340595" 0.943586363161769 0.569265166494546 0.922605655355235 0.0740949981780848 0.172676159517297 0.947963776030803
"cg25226014" 0.930331000492318 0.534902071581572 0.912893745118906 0.0636568240315035 0.165582846645187 0.92694071382395
"cg10240150" 0.864984809473999 0.79226533770293 0.888461293611362 0.0760805318620151 0.301916206635777 0.878899851465012
"cg05074138" 0.881865469884872 0.83987248283616 0.879944741251196 0.101523161990194 0.356275799437476 0.89024009627974
"cg27583604" 0.845773082162786 0.875697318686267 0.774872512976362 0.112996825062832 0.540216303231723 0.889546979007802
"cg26166854" 0.885019032996503 0.688864935898901 0.865462375599029 0.0915742560009604 0.381559521125163 0.851968593514156
"cg08884752" 0.830300310848726 0.84861334612926 0.852113396723174 0.0994008293086447 0.503578875920828 0.79366046191144
"cg25893560" 0.911920535000346 0.679606694710423 0.902894591159597 0.145631334435823 0.481721709858106 0.894209067088255
"cg07748255" 0.957929053837052 0.116008242191584 0.945690328077574 0.0880478053301599 0.186301739397996 0.944033605293388
"cg13619891" 0.935328103875745 0.82787566058472 0.93599363476364 0.090412589490511 0.0961928165760611 0.934261694574314
"cg19001909" 0.959709461234793 0.918450225713779 0.961008924533769 0.145825459263185 0.235991631454656 0.958672477970043
"cg07545925" 0.897219054344134 0.824988844387479 0.88160183500216 0.0455886073055713 0.0435897628243967 0.888313883250696
"cg15564619" 0.77132715779702 0.911095092572863 0.920482256167866 0.0715818032461733 0.406291048945587 0.707342806305725
"cg08450017" 0.940101958107107 0.441017950239843 0.926261730954773 0.0783072766415938 0.118110992122082 0.917819670506881
"cg00440980" 0.893835119434562 0.740888818687707 0.882780507052716 0.119536640788233 0.424560293659112 0.818440421275438
"cg01178899" 0.902153495078115 0.603431303565678 0.902944049118091 0.092337100089847 0.231063676685314 0.883483975668081
"cg06915826" 0.869273812457162 0.850789695207729 0.848100458151837 0.0882852829864721 0.292257643680891 0.850542773562089
"cg06164961" 0.895142117063842 0.68201125332216 0.887955951050484 0.0505992202785917 0.0549223382285342 0.883519866811473
"cg11162888" 0.898409100521071 0.853729784248489 0.908143106923945 0.139344338660283 0.355922489221622 0.903121583052978
"cg13606287" 0.902225509815588 0.298132287106185 0.877445538166582 0.0790892084611028 0.235232419269531 0.891554753626228
"cg05705140" 0.905687433277453 0.827805715664627 0.813879082044245 0.0861045640618893 0.221765872347727 0.900599068105287
"cg24612198" 0.907969732103345 0.767577634772089 0.907695698774972 0.0779109308725469 0.0905541559106217 0.905616138857055
"cg04180114" 0.878464304144925 0.857617862611244 0.862482002143834 0.0931926434460408 0.253127217548335 0.86655596254466
"cg10837404" 0.916827101999664 0.903628426218982 0.908850324840609 0.232860795681882 0.714579036102399 0.900220215145305
"cg02661764" 0.806137880467695 0.870533645937707 0.829133511976277 0.100721015704261 0.502758756199655 0.755539818598127
"cg09016797" 0.859296222466091 0.847108873604585 0.863192683833942 0.11126744913793 0.342321591065551 0.871454637460237
"cg07728874" 0.871034577031016 0.810459257866194 0.875480576572436 0.0486231690613751 0.0506756415297894 0.879594296910998
"cg18758433" 0.906713103891843 0.699844824915069 0.867036579318934 0.0970909732757683 0.240847259075408 0.879523520501209
"cg24662823" 0.901132325855049 0.672139234060664 0.899599528874895 0.151092688856117 0.428670695912757 0.896102480616901
"cg16871561" 0.476188066178849 0.887776051247224 0.902491711181228 0.122877640065178 0.77814715335625 0.823880201820356
"cg17984638" 0.915662839071502 0.0653909277163748 0.917714207985795 0.0836147906558413 0.197450226559829 0.911225499974541
"cg06329392" 0.934877168014097 0.924057532415502 0.935562723442611 0.188315259783162 0.422101727580211 0.934452467001208
"cg27519392" 0.873727844122224 0.817222914631852 0.859995185589821 0.120523989284899 0.352293336859467 0.875376870825499
"cg00620024" 0.901817169697447 0.860266471910476 0.877979756973008 0.142794612198715 0.37105512567184 0.895617872908154
"cg13651908" 0.838417028993175 0.780701274421044 0.849398668177636 0.110523110377188 0.370543251075845 0.85915485453116
"cg07015803" 0.940997205833619 0.9279839470952 0.938402174051056 0.148358467033944 0.236030957839195 0.928133660903306
"cg16417028" 0.866377648331677 0.808486307242942 0.742224349940507 0.124840942605791 0.475964281973441 0.882289514736501
"cg07834069" 0.0514936929321099 0.782389330021501 0.252006026833985 0.878158098510985 0.871050701759159 0.0677777323326779
"cg05148465" 0.0515601064740341 0.57559894714909 0.0638280922171338 0.791249407125509 0.729390662603847 0.0585309166818805
"cg19647567" 0.062989428801981 0.743600677893324 0.100079828095787 0.8530955620643 0.862387643064699 0.105667641727399
"cg12774429" 0.0708800404909078 0.616942670358843 0.077995185985281 0.831752035472802 0.841512954883395 0.0729337837012344
"cg10453850" 0.0387350736682885 0.748788939924318 0.349068605234412 0.904483283812147 0.902764808227286 0.0521526870916995
"cg13795831" 0.119697181459078 0.679151816041263 0.149177886588636 0.896701058635738 0.934468607694544 0.107102247875349
"cg05389236" 0.25341768701007 0.939605978153644 0.166171362244588 0.95088983735699 0.955331550577941 0.103705687385166
"cg09832245" 0.0505499707952732 0.553815953857779 0.0718544628893193 0.825275657622235 0.824892782932415 0.072334308022923
"cg18907610" 0.0751008755825308 0.787701894966639 0.146668296535085 0.866492871577172 0.872596489372806 0.056600853499486
"cg26579986" 0.0370052056999895 0.153761482431898 0.198210846732839 0.803705026970317 0.713010582623491 0.045369026964015
"cg21400549" 0.0975935537781673 0.0800359607708332 0.49920241674879 0.876150783519459 0.644005221052945 0.0700398056466274
"cg25711558" 0.0374962288742467 0.205936918967161 0.0593150672220608 0.805559407608641 0.846566263186618 0.0486292513914748
"cg07280097" 0.0465557332193083 0.539854653367327 0.132451140367522 0.849088284156962 0.844164137329714 0.0903437358453712
"cg16824282" 0.0484123044384414 0.700248656695848 0.190104546505842 0.879318877355702 0.872312556666392 0.0960930555945006
"cg06242730" 0.0509678320377267 0.726747499562327 0.0478306462309188 0.855432685185996 0.858060230279291 0.141927197624495
"cg16563370" 0.0872549152200146 0.146534203678866 0.195123341101126 0.868565408174441 0.863693796015669 0.109756536792702
"cg09885622" 0.156538588027464 0.112646326709398 0.153289232373989 0.823500728278006 0.642899303564737 0.111669262563355
"cg20049422" 0.13540971685889 0.890192663379648 0.228990639794371 0.917880600509208 0.908906773824634 0.0546582727150765
"cg17744604" 0.0619725627208367 0.589473980166122 0.101396233671156 0.791094843411309 0.622614987062043 0.0530580300223629
"cg20455854" 0.0317080183346911 0.102852912240366 0.094365099040085 0.77907717093178 0.713366246293323 0.0321300552457531
"cg00409104" 0.0515598955132832 0.819970484022088 0.0672788750546226 0.846827018475507 0.845349111205027 0.0643680989182984
"cg14564351" 0.0551008066738535 0.0667550138110316 0.127013486952267 0.68493846804511 0.227080976224252 0.0582610217246287
"cg16922167" 0.070005506941017 0.247881941099357 0.151079655995013 0.853391454398343 0.848214835377422 0.0763474364097687
"cg08545593" 0.0588132732606014 0.853278312838868 0.126314998420082 0.876298127930424 0.885888886529617 0.0641871788377187
"cg15085899" 0.0411973582913979 0.640439364632314 0.355429498943738 0.926710781935174 0.941262183923586 0.0445777524000579
"cg08772789" 0.0671962896706608 0.73280765506322 0.0599698181641104 0.850627409903711 0.820353199390561 0.0864796986452362
"cg01231183" 0.145696607916329 0.618943002832694 0.10796820749397 0.911059747288129 0.883337332874911 0.161201264270236
"cg09287328" 0.239417649642331 0.804210432459845 0.10309649342214 0.949792178646559 0.945430176633769 0.129907675535705
"cg18150584" 0.0492167864922803 0.429668779550925 0.185445585918057 0.868530462555975 0.844208088179296 0.0619673407520816
"cg23379806" 0.0530141349112462 0.411245205552187 0.059088376450043 0.835601857490441 0.826909664387217 0.0638109252399489
"cg12465678" 0.0490897665408828 0.0979370964418025 0.439858575481274 0.87051410505521 0.644613211555589 0.0641747754659163
"cg23582982" 0.0288370271094183 0.367418555639523 0.27728820264741 0.89698216913083 0.89618294295043 0.03466553277979
"cg03574571" 0.0596554021715646 0.637840061331553 0.0456984837080115 0.856104716698588 0.829741502665585 0.078323234934243
"cg11377213" 0.045575590506581 0.693481952886336 0.109245987092063 0.861824918857406 0.814262742909487 0.0568097606968064
"cg03746834" 0.0652248794208005 0.852301354877307 0.0678054224658739 0.894214569836268 0.889347301387097 0.0995520875898613
"cg22152931" 0.0526613050872176 0.807419471380157 0.0756115890034652 0.888383172360383 0.903816993007366 0.0667610267704447
"cg09572125" 0.0353112129226103 0.264612787664198 0.211477499077031 0.822441549093754 0.610931232482851 0.0437602453772579
"cg19628988" 0.0659179556549488 0.0761596168336929 0.17998431739922 0.863192397643109 0.794987742176392 0.0634450160544481
"cg13468685" 0.0601792308394321 0.0900726413766999 0.169862075019352 0.821602621403531 0.60547880597169 0.0869985194117862
"cg01925950" 0.0632596978748453 0.690295353723213 0.0560270698026174 0.875610927077404 0.879969645961623 0.0470913575911599
"cg22742001" 0.0437155217690181 0.724915547956571 0.0852780182670475 0.884098230989931 0.869705368313686 0.0694442423855044
"cg10376161" 0.053939086913915 0.768635747148248 0.05482087113869 0.882625825585604 0.876637646405937 0.0464699752088329
"cg15935770" 0.0546183608261897 0.787138022027762 0.07015170975004 0.89895376915318 0.906845959132188 0.0643480170605497
"cg24448340" 0.0384729776792793 0.835514357578262 0.083946333121196 0.902431851822252 0.89912896898234 0.0543211205302046
"cg07785552" 0.0501973907817557 0.120067192329025 0.0496784898418561 0.821648839323947 0.694610457937368 0.0572931547612696
"cg15982099" 0.0662036898591435 0.917841705453586 0.0661831570487998 0.922691543890486 0.919715777126675 0.07770295101317
"cg02046552" 0.0463469153342552 0.579182909866216 0.113308437172169 0.83854395789535 0.610887714907922 0.0484461553796917
"cg23249922" 0.199190616128069 0.908133563934575 0.0424295476300639 0.971245742437436 0.968571672041959 0.0452234631566779
"cg13448978" 0.0445553441265621 0.249530166959936 0.10033878999229 0.940804836414433 0.927989578888567 0.0485781704780194
"cg02380585" 0.0242643146760514 0.0615247421557002 0.0268344964911456 0.915912027793922 0.888205233121893 0.0361211679611428
"cg25939861" 0.87318866751043 0.634700519016569 0.863683620670127 0.800945097390004 0.0749065194233698 0.859898016092053
"cg00219921" 0.895448058430891 0.864340303392598 0.901719083705516 0.791090158234846 0.120075712819913 0.892801808296433
"cg14094409" 0.968197215000086 0.13184364861727 0.94814554559631 0.438745826110867 0.071663225926504 0.964311883523078
"cg22512531" 0.881759403192159 0.406851508059449 0.889384039102504 0.493921003081056 0.0728573010211178 0.875540185811425
"cg04042333" 0.962684591711957 0.144654569039857 0.874224341964175 0.509108408813689 0.114520591217302 0.95876450507553
"cg11531557" 0.901158468464287 0.84567925665602 0.894710018733332 0.535717090296397 0.130509051374476 0.897939011547346
"cg10977115" 0.89214608480544 0.38821295446771 0.888968917659983 0.356297185596217 0.0638989996725226 0.884296535015252
"cg14506192" 0.899802473709301 0.120123443836807 0.892956784064491 0.451855548480322 0.0999755881827223 0.898076557701026
"cg08418872" 0.906343995910596 0.390920687115284 0.963390877443408 0.690435315465198 0.2115674674328 0.940767150357514
"cg08622923" 0.822830735031947 0.126326300998895 0.849321148004013 0.460742216889453 0.0943226809853688 0.860927760732076
"cg02324835" 0.877506893634907 0.74771343853953 0.865181812793289 0.29530833035828 0.096312948901867 0.857416425017146
"cg04759756" 0.90414118993753 0.680887546926747 0.901655172743473 0.367049605926667 0.149269123429712 0.905619100046047
"cg20894640" 0.902342581440191 0.12298860807485 0.901627378934554 0.173573361777882 0.0764162095024559 0.894728867587217
"cg19529732" 0.829664450461669 0.0732624673052133 0.832445432277734 0.213132740636323 0.0420171644511233 0.859941517178325
"cg15880738" 0.872096690096691 0.796444086430496 0.869591161527688 0.056925662719782 0.0596890809634398 0.875861506471882
"cg02374486" 0.848377519854886 0.0956747010441264 0.834956856392987 0.351583918660993 0.084073695845006 0.852735997442027
"cg25350872" 0.927247325536732 0.680252709106154 0.910720952803558 0.844029594528663 0.281075881540356 0.918894002189209
"cg09354050" 0.883329812504228 0.259023250931453 0.883301016732704 0.0468599951040531 0.0465996589446579 0.886814379612875
"cg11804414" 0.802563732567672 0.0663593236533506 0.804617245079081 0.280676378267602 0.052271092218576 0.851095520257888
"cg27470208" 0.887882785113149 0.325500023391082 0.877435744136157 0.0931934313669069 0.0642983401134355 0.885114937578231
"cg18857618" 0.866013061474892 0.865360538632813 0.855969091750223 0.794099466738528 0.244796287247041 0.87467352711516
"cg03172657" 0.753910996419258 0.826791512975109 0.890313415543546 0.255428868095445 0.0772744236268274 0.795775226014909
"cg22689323" 0.882683829218228 0.22642987837539 0.897217224219752 0.0697907137298584 0.0578506918758052 0.866779426972119
"cg23752651" 0.805368076025676 0.300390948894237 0.891864699441954 0.686380585868587 0.186912249870766 0.851029665227983
"cg00277591" 0.852570594093735 0.173083662414635 0.908057731843139 0.0595127601655306 0.0571296988161338 0.894733622136244
"cg21330949" 0.861291585561704 0.0963615439415903 0.830232201717043 0.14410490040594 0.0545013074557828 0.864863859602565
"cg20105257" 0.961103820349384 0.811696814410808 0.893998941958341 0.317456232648605 0.187191218208309 0.951147090297377
"cg08109681" 0.879258763572846 0.085109563048299 0.853520250699505 0.0799337742112078 0.0565199570892773 0.882143609394338
"cg26234900" 0.902313754327253 0.410821607110372 0.688167939235484 0.206305897674433 0.0710005460398829 0.891742824757963
"cg09088496" 0.893157490706382 0.199462703018061 0.882582710694746 0.117650713556846 0.084285524919769 0.884223136594285
"cg21805118" 0.843332151806558 0.0883637030037602 0.748849159346378 0.229987982323953 0.0591190025781773 0.86345407572456
"cg14278300" 0.882223592496625 0.125065049435451 0.876998890193379 0.0618267297654477 0.0648959863902737 0.879671350379867
"cg07661835" 0.804938656913238 0.801744540243525 0.829492271249775 0.299530714790043 0.105256839299416 0.813497049521027
"cg16374333" 0.874338258204588 0.137710654312076 0.887540402802005 0.0926172404901435 0.0717457335636443 0.869012161848073
"cg07573020" 0.884635747347464 0.354786425061946 0.865487878056779 0.0476550198870796 0.0702404572208672 0.879804074067379
"cg09234252" 0.915525771764034 0.349099111808228 0.915360283363816 0.166796002975736 0.125335222283147 0.909899254919464
"cg14001486" 0.884698606412544 0.178612137553113 0.879960841969968 0.094622458052917 0.080390762293161 0.889012477156761
"cg09453312" 0.882543582899768 0.0579773592201156 0.858510584673437 0.0454192095261177 0.0485424187072307 0.849821438946876
"cg04329870" 0.88111908123817 0.825366564521107 0.867858089953343 0.844255230732948 0.28391776161523 0.880198890858535
"cg03074244" 0.795168069157161 0.810361843505415 0.863588964247682 0.0551598579323165 0.0549705002554452 0.813463260896689
"cg22948808" 0.153670977449256 0.51455349981009 0.221133006978165 0.821980341584707 0.879760118686776 0.0613044001925147
"cg01088404" 0.0546456621680334 0.700820752354185 0.190498168391028 0.50485591382472 0.782927519056065 0.0734352994551363
"cg15244101" 0.0476001451596731 0.558466595505993 0.307192091346652 0.740067411732073 0.85874218060416 0.0565437096493463
"cg07133930" 0.0460306624937738 0.450992490918541 0.209958860051858 0.618750847104444 0.802381529788169 0.0573199081116382
"cg04173396" 0.0744105286614346 0.586508270575179 0.0537816400925397 0.551076400465311 0.767228601376196 0.0707730944462538
"cg23950714" 0.130668181253764 0.843467177341289 0.187238227372345 0.915682894652471 0.937304518103678 0.177256727522664
"cg14101485" 0.0897066806828175 0.414723865557368 0.254908242857502 0.872463414984201 0.895482896378837 0.0888567487161805
"cg17534540" 0.0415797304976339 0.704749463806508 0.223033866820314 0.622032525363099 0.818068857057475 0.0431130612365748
"cg15381475" 0.0256993401635485 0.411796942718891 0.29548110723957 0.807882572727375 0.862865756643705 0.0313622059213848
"cg01208318" 0.263227310615277 0.396745783789775 0.0508384222384778 0.569552598015221 0.837700046322192 0.15626106675029
"cg13443575" 0.0587031427195164 0.143268251023834 0.100830081193709 0.710081403216585 0.80324880837309 0.0589032395101928
"cg08215318" 0.0631174589389511 0.784693159217115 0.288333135486402 0.824477821894464 0.905530768235796 0.0697291974876644
"cg24401262" 0.0270080916275002 0.607918382321389 0.14536746320097 0.808675336430893 0.845349352077316 0.0405315695911052
"cg23018755" 0.0437712186065089 0.282473196595188 0.429606554456596 0.858452711181767 0.918851400452638 0.051826059539591
"cg23927970" 0.0867409153483863 0.462244220137879 0.340198322994064 0.863179024104242 0.914951603843674 0.0437178208961482
"cg13247398" 0.0660998249630881 0.13987940406868 0.120050662884392 0.553503003497342 0.782321968155315 0.0695628447177793
"cg12426092" 0.0563233373730155 0.284532509194074 0.130345253747705 0.809347350006874 0.851817436494883 0.0623925615378553
"cg19118951" 0.0370714134277737 0.589434403049137 0.350976728597246 0.827948224748469 0.917085999906268 0.0654517106258071
"cg07799277" 0.0567146719676616 0.487416256006499 0.0954446400742845 0.748953657427988 0.841442770999216 0.0752857498378118
"cg22193912" 0.0338000815022824 0.27130518685773 0.436231450385874 0.868581095537628 0.933636915104341 0.0373023266497228
"cg23671196" 0.0442035957376323 0.751550355257742 0.103017342076137 0.835767707296354 0.874593846816823 0.0501103369647686
"cg09145126" 0.0539464203597349 0.590052365121553 0.0832118449764803 0.828717560297494 0.877649183506041 0.0693573652385779
"cg21593001" 0.0508906836074381 0.190207763886356 0.11937173917902 0.799183687683641 0.864800488162908 0.0574485936045796
"cg04354393" 0.034895676839 0.0886451276904305 0.0472843969619753 0.713853762176696 0.828103333793442 0.0380739011700945
"cg23244761" 0.964701407605577 0.962256746813984 0.966560616962218 0.968027726549638 0.965819326906324 0.0792495882566669
"cg26872907" 0.931962227222289 0.938751503877909 0.939025153502972 0.93828855394165 0.935932260641309 0.0614638802598606
"cg05923857" 0.836434796584882 0.924833133854322 0.934720570000215 0.841378090098851 0.916114690726698 0.0756273749399868
"cg24788483" 0.88840808542299 0.942723360567634 0.949377067782412 0.902914142622156 0.95640585187096 0.121601793217881
"cg19835973" 0.928474996154207 0.865351149826015 0.943496986077786 0.910022622723237 0.912052558254619 0.119691879003915
"cg10480329" 0.841999994603131 0.90733137997912 0.878999530629423 0.907112938077635 0.901868123629698 0.0913923843275194
"cg15816012" 0.892851444217743 0.792773729259155 0.916928190717821 0.843146416617557 0.8365293984201 0.0962586500715194
"cg04468741" 0.832101598955326 0.872321219072248 0.886168781917152 0.860936207390793 0.877851775737919 0.0925378860752483
"cg20610950" 0.610066423815801 0.909993691618709 0.903238515870097 0.909327165854594 0.918644927756591 0.0699655366936068
"cg11231069" 0.948126421394414 0.584036223054301 0.619595801106376 0.887701633099372 0.86948613814321 0.0552477626234584
"cg10624395" 0.892588318271463 0.890073234061403 0.863081725012844 0.878270113789285 0.881091196980864 0.115809926372227
"cg18066690" 0.893668853806076 0.903744342040093 0.896608662141383 0.901707032550778 0.898111851696112 0.136449317486218
"cg12655112" 0.702391675248978 0.942904178806226 0.863836783796811 0.882117646962002 0.934277152680917 0.0888662743613926
"cg14109551" 0.772972796448074 0.892722869318953 0.889186025756823 0.895239858029513 0.898451710760599 0.106867935329209
"cg02244028" 0.855760708580192 0.867875979188796 0.886252734968191 0.895051315193576 0.884041503508897 0.124492376197933
"cg03339817" 0.97443348584777 0.969575559009341 0.705627028468948 0.971972926085158 0.972011289207741 0.157335587065653
"cg08908131" 0.853897094709397 0.809429975387137 0.842907001888906 0.841541790755498 0.811932140763042 0.0845689046528793
"cg01041239" 0.796436913278876 0.922661494109101 0.841311045438559 0.772290307251963 0.787375555794127 0.0585727199110658
"cg22675702" 0.811133888162114 0.855059303022146 0.827074976579987 0.85096080160931 0.852055238749838 0.0987658266322538
"cg10154880" 0.888976313088765 0.825683010825398 0.565942642666002 0.885977611172647 0.901316499069213 0.0793003764341588
"cg16636767" 0.854344780695785 0.890383221235455 0.839832915108889 0.876949781945836 0.868291059763306 0.133435625753332
"cg26326621" 0.823666460089349 0.848340273076384 0.827954827314237 0.855734255982389 0.867788500335419 0.119878439908896
"cg01476222" 0.880266314435782 0.816122357946308 0.733337066095238 0.864188980273185 0.79349743776467 0.0946676734628588
"cg11597902" 0.206390589214803 0.938767644500048 0.957146926195455 0.964693502190003 0.963836083471593 0.0536286456859663
"cg05445326" 0.890517406466019 0.712719909266589 0.910694225193833 0.914666699539311 0.883238967810165 0.169504049765026
"cg24365417" 0.723868272049698 0.802284533022456 0.84745049566363 0.853432271672575 0.84605054890299 0.0979313325881781
"cg11186858" 0.555748005775455 0.939089920242271 0.96700128519753 0.977860998320352 0.979046325121072 0.152744668229236
"cg02780988" 0.83046709513135 0.822587428217534 0.749013968748704 0.835889715318276 0.829441676420998 0.0942588456415835
"cg16429499" 0.90251783285537 0.88457382778763 0.400365589396285 0.911554451280407 0.914644232931314 0.0714251326625669
"cg25856090" 0.423290389730999 0.860664634748456 0.909584686233624 0.909296084974819 0.906063817628219 0.0734714164226632
"cg07002540" 0.703100999588712 0.807279225049856 0.872793646008672 0.81528652533489 0.849200627877433 0.0949240760598092
"cg20641531" 0.64232044245915 0.886587631588696 0.885770064848724 0.895613153445606 0.893266920946623 0.117517770984346
"cg07213487" 0.899414080106383 0.885152785546839 0.661012627348596 0.899893182169383 0.904227380427405 0.131303985579827
"cg23391288" 0.899363618298561 0.89158165731058 0.842632563861248 0.831407039955918 0.857464436964421 0.146910907443385
"cg04045544" 0.82546274302807 0.84315659113012 0.823248657052954 0.859845006499018 0.85500443827188 0.128703244971851
"cg03963853" 0.932567421616673 0.922381692368433 0.964459639955952 0.964129569649771 0.950709789129018 0.239421309376565
"cg16875057" 0.645233947678537 0.820266460982792 0.876641345463671 0.875731669923073 0.875729782950268 0.10743237477425
"cg18770149" 0.857674663418362 0.820726201839365 0.876264635333974 0.823118114987003 0.824217912990926 0.134455774067096
"cg09856274" 0.889310870407844 0.852516034183674 0.582260856039452 0.887186091104371 0.895926917875236 0.107337577582576
"cg18835472" 0.633099244089073 0.840734354008317 0.805794357803709 0.859596913532595 0.867520541016176 0.0859542413470296
"cg10499974" 0.364196625595892 0.87423052738828 0.844668387494074 0.902181729323798 0.909165541839878 0.0516276050013639
"cg13290254" 0.835478192849992 0.889993276324371 0.840296691273948 0.892465070064403 0.889295722700371 0.162833899103513
"cg17117981" 0.420851641627773 0.888671174862842 0.822230737348533 0.905007510890888 0.92707051883453 0.0700898067376982
"cg27366072" 0.733493003679837 0.867521584826105 0.815056593386892 0.885038473885373 0.881890320343517 0.130015993842429
"cg01024962" 0.838207056175835 0.791548997669873 0.699937311221157 0.892262040457201 0.891118672963137 0.129970220864415
"cg13005202" 0.270809679875783 0.453830367690923 0.946432892759297 0.931817055169376 0.910649369347616 0.0508324199026397
"cg26124526" 0.647475067471147 0.83281232559485 0.851464791568079 0.824857065204867 0.836450633860067 0.0938861592787237
"cg18599081" 0.494114508843768 0.890826001719844 0.848555066421858 0.893509668580427 0.897475487779509 0.0913803694487206
"cg22911650" 0.72425470524077 0.103280039989154 0.869391977213523 0.859089660934986 0.765913732037933 0.0807404873521456
"cg27405128" 0.772197823624553 0.87655124412815 0.905582614602013 0.911406813124026 0.907672212913782 0.179746768848725
"cg10877430" 0.838747300331816 0.11668707484734 0.444526600439947 0.0338730338579235 0.0455734625969966 0.851317892715103
"cg06208288" 0.943826182909713 0.079021345336236 0.458815079309007 0.186936670725465 0.182131987072355 0.94934009775918
"cg00050618" 0.88537379936237 0.515578160401531 0.317408111537313 0.109239010059554 0.1158293482095 0.887334679370859
"cg02668248" 0.773239879068765 0.141818869466014 0.0991329390995522 0.081965916253819 0.0874411033998392 0.780335319195472
"cg01367992" 0.902750389311092 0.593922355819741 0.387361084968296 0.10769999417514 0.0786345771491459 0.903243401210481
"cg19097880" 0.712061639334729 0.0474964674883036 0.0445858856007939 0.0429162116417404 0.0440094497653697 0.729317124572051
"cg13554018" 0.790847942158712 0.0613316831801721 0.0851178175054612 0.243643203739465 0.149513716910052 0.83515444118055
"cg21577598" 0.846332074726181 0.246329547785812 0.447330564669056 0.0413208973190902 0.0513691914880902 0.872555116558546
"cg02879423" 0.0651613724209186 0.0688917729580235 0.6495725342087 0.0740217167250021 0.107468882973905 0.744653056216297
"cg03728799" 0.838653377530556 0.304461229985844 0.112638751012591 0.104322281850053 0.137142342597669 0.831439846982573
"cg00484711" 0.132269749318491 0.818296674222458 0.405051292372594 0.161066757925362 0.343582859405737 0.813174818676098
"cg27027055" 0.864167446341816 0.133420256306736 0.481677267575628 0.0469608218606845 0.0538242349722106 0.884743436443257
"cg02251850" 0.886993878473898 0.289987767931016 0.290019990753811 0.149852255241697 0.129712280400607 0.895233214029279
"cg26217402" 0.849590908978264 0.465379363666057 0.111910657660732 0.261395259890131 0.146040471459553 0.893949230310279
"cg08224785" 0.243143979677887 0.64670938806757 0.205261828274331 0.109565429180234 0.138956426001956 0.742179946407322
"cg18728264" 0.523959032619393 0.669822043312022 0.0708745406285674 0.0820641899364095 0.0901024808629637 0.762014891481319
"cg02505177" 0.793316372478258 0.122017556235583 0.0395623900728781 0.12563474818245 0.0927719960349352 0.80930085974732
"cg03961551" 0.800307207729956 0.0734210796593316 0.149027155060581 0.0748982400398486 0.0786960826000407 0.824147039184156
"cg12609063" 0.604248787691185 0.064570490769664 0.32896780204933 0.0762557392190582 0.0689547854406012 0.817321691229718
"cg24520862" 0.780021176182175 0.0601344545570567 0.112834938131758 0.048974115760607 0.0545061697476401 0.801607675647442
"cg03795574" 0.084690295834268 0.349800382524569 0.0914808750414975 0.0967699472173993 0.135351269663655 0.673329640800271
"cg04722215" 0.793129210323242 0.0938838729421213 0.268484541932605 0.101300962398535 0.0918760515495532 0.868650202754484
"cg10639435" 0.465417314385391 0.0654683506566154 0.441431173716478 0.0613903685487276 0.0879947174660909 0.842388045556226
"cg23213217" 0.136108104763627 0.539454702767966 0.363521074693305 0.0824364675429977 0.091973437715083 0.788670389101183
