"B" "CD4" "CD8" "MO" "NE" "NK"
"cg25131632" 0.0684907224016515 0.908940809105343 0.9093900959857 0.947080039806776 0.945155852714188 0.930191573353867
"cg02212339" 0.0896983800954273 0.935835806042268 0.941801041203842 0.950370653341549 0.942628590186186 0.945855587976196
"cg26692003" 0.103850032373658 0.954691030851808 0.961088533153137 0.95197726202188 0.947818580979938 0.953607860979257
"cg11773391" 0.0572626471480966 0.899231906256681 0.91464039757704 0.911474577989259 0.906231322400518 0.902367550002788
"cg08017518" 0.0655881657685764 0.918327327190391 0.921347448196542 0.91987664775558 0.908210848281946 0.893234986423736
"cg19276014" 0.0895215538267931 0.930609154647839 0.943647107959144 0.929079572788946 0.939475554162395 0.935325683787646
"cg04828493" 0.0685955383216627 0.941122726590482 0.948027718282148 0.842483943978516 0.95379845113336 0.863766807525234
"cg15241519" 0.0666272863861909 0.922450956001236 0.900239360366254 0.860034051117057 0.936370834789508 0.921661622926829
"cg23370196" 0.0655939631310227 0.895259418778407 0.903913026520092 0.914644280420231 0.914523408545132 0.90939470208773
"cg15819435" 0.0655579290371082 0.900215131658054 0.917638346371945 0.870712094717748 0.922654325265494 0.920381085820061
"cg00464927" 0.114548526540585 0.955407446473597 0.964498459053176 0.942730047251163 0.953500540609291 0.950900886154745
"cg14337149" 0.0696664415288456 0.882859269946774 0.909600242567949 0.913489601641419 0.914556784487582 0.917035069966395
"cg04985318" 0.0854509695702637 0.915659322531604 0.923806161152502 0.923314995835839 0.915838362999539 0.91907318831915
"cg09422942" 0.0546855564230686 0.900943635426701 0.900894167786397 0.878676629531997 0.874396454139604 0.883097367515643
"cg05005728" 0.0764475396581138 0.889054659347843 0.916873281578591 0.922022087785985 0.912307078811171 0.905721677232228
"cg27106643" 0.0924915082330961 0.918891132640835 0.929084626121317 0.927758596840148 0.921740730321706 0.922430420792276
"cg15139660" 0.0704767717501758 0.901828992349003 0.912347694132883 0.902736674175822 0.895346151512816 0.895103288141078
"cg05062263" 0.0674290301826514 0.892972871458699 0.904280872724801 0.897245289248967 0.895436807075091 0.902584800157047
"cg15348679" 0.04639099787909 0.829019934353811 0.948947733375755 0.848316812184222 0.849260702352498 0.91838838963365
"cg04100392" 0.0624779761212102 0.888435536898211 0.89172209315005 0.903798330779467 0.89027313424425 0.892034942528393
"cg15021006" 0.0772545297933703 0.907568762978857 0.905486399347333 0.907980901290234 0.898054116816774 0.911265064446869
"cg13738327" 0.116687811787035 0.932706984551632 0.931007944683017 0.960847571005495 0.960734656369652 0.93738503309818
"cg10196258" 0.0906722280272045 0.910920108656642 0.919958114699012 0.92564263093467 0.919710305903226 0.910774042879315
"cg02371766" 0.0589144597734568 0.902226812795605 0.912339284623441 0.811408493879427 0.900397492977268 0.891197551817666
"cg06993524" 0.072671842421164 0.90362006924097 0.906867323950371 0.901400400272456 0.885989358594451 0.888925953070894
"cg24547614" 0.0771819062737532 0.894852378168192 0.912566620065436 0.903412966169338 0.903191364996416 0.89088339779167
"cg25792138" 0.0834705645251653 0.902775452441022 0.914266734478959 0.908247287217395 0.902024941503973 0.903197424303586
"cg11699517" 0.142783485850435 0.97372115010153 0.97647490863441 0.954408003037944 0.941981234180276 0.973709031021247
"cg11118428" 0.0618657722755881 0.905969064340269 0.909048643081572 0.898985886603378 0.897467911156375 0.797376908824984
"cg18591982" 0.0593258649210205 0.866625991869936 0.842603731820976 0.915425756372904 0.895479332434185 0.881370719266365
"cg10196751" 0.0781675405679155 0.903097892269784 0.91202915988718 0.92037468279342 0.905164036505059 0.848776840143168
"cg21248060" 0.111726788608339 0.933721816121297 0.939807130161034 0.937345922590716 0.927686288106215 0.916093756608692
"cg20340870" 0.0583020742984522 0.895971812788753 0.896818201790775 0.871173376230779 0.83995113605831 0.880299817179677
"cg22212560" 0.0483623581621726 0.91431718744032 0.923893340750723 0.727968083055704 0.863769648369725 0.899156831615831
"cg18438462" 0.0909700037350162 0.90490831376551 0.911237353670078 0.913692840386468 0.914045824282292 0.906532111087758
"cg08078218" 0.074617902856805 0.88849786852114 0.893236514405835 0.90260921508621 0.887770703533728 0.890834498437528
"cg11661493" 0.0621267673055323 0.877823924744275 0.893964179965205 0.871974805293939 0.872242113946329 0.878694465870704
"cg13816044" 0.0620873106408069 0.905151421272162 0.913646510630324 0.764725070499712 0.899752059990341 0.904153628626578
"cg03168886" 0.0826064317501967 0.895565273104146 0.910665182709773 0.90663377177377 0.879348783970752 0.902431818207014
"cg17768768" 0.140470768067863 0.951714920152391 0.958829115438529 0.956809569295908 0.950092996743867 0.960811568091219
"cg18890248" 0.0549207494687396 0.889380510976216 0.900348915690741 0.872433493177309 0.816987213143894 0.863558502368496
"cg03404796" 0.0944795895589728 0.920331242191416 0.918659652327633 0.900953295066447 0.89332088202116 0.904259966047399
"cg11686737" 0.0449443512768986 0.834965511727667 0.844125637540861 0.879404046724658 0.869716668782197 0.866948392586864
"cg01024458" 0.0650790548639035 0.816829341212643 0.862014703324272 0.914078046062948 0.917370937915843 0.886657769086034
"cg08657729" 0.0579403065607508 0.839000892578349 0.873498492906407 0.896299927260889 0.88928705956712 0.857304233838129
"cg07768103" 0.120230156408561 0.951876862254746 0.833453813032379 0.967982765281469 0.966710387045735 0.934875345770687
"cg21596498" 0.0839271380876104 0.90095261940326 0.909368644600232 0.891420223345653 0.871259338156791 0.897555030206455
"cg20943999" 0.141609776961605 0.942618371218704 0.954714682284326 0.952906441073296 0.956803202928345 0.953221713443782
"cg07582886" 0.0868334834968617 0.82228903268671 0.926998787173263 0.911022171789617 0.912832284306779 0.92338352996711
"cg14674722" 0.0830227895443509 0.880581550312429 0.890122362281741 0.911031313409419 0.901245969267952 0.876587601931008
"cg13937163" 0.780627232892605 0.0654501245689266 0.13655871576304 0.452795895297549 0.188643951920724 0.147921491937133
"cg13787551" 0.798603030407081 0.279489708355324 0.140496665012587 0.479379921517569 0.0591913104749228 0.0589017148306533
"cg18924738" 0.690142534152462 0.0762085742171973 0.0683637412884364 0.0762816753104126 0.128106403336081 0.131694956666041
"cg13717933" 0.739238370746348 0.0790687227285625 0.148854807097837 0.148395689474017 0.135359587677999 0.218422845379699
"cg16644418" 0.886048219224977 0.132261621388143 0.309605077141329 0.458549826411183 0.0651636136879942 0.506224923604255
"cg07844255" 0.673919624238493 0.0478768174918392 0.0541325861515003 0.073719700035211 0.0584895375611943 0.126641191035723
"cg23432480" 0.844273405233515 0.465597028531775 0.309324434237308 0.0850215113872052 0.0762525409318444 0.203213353594406
"cg13972584" 0.778199408555032 0.0947585194842084 0.263894704734421 0.123213580546317 0.0568549464140056 0.295684472915456
"cg18559386" 0.842749943689515 0.272781026373886 0.261322549734374 0.266380282149405 0.0727904207491018 0.252374466077606
"cg08560387" 0.669999545042489 0.0578859550661763 0.0516491487614238 0.0589105085844122 0.0492197288066014 0.0499606296338424
"cg03559406" 0.792126412923698 0.179200687107689 0.393439018078393 0.0776608999765735 0.0606340618189763 0.150878125146663
"cg24423468" 0.882992778886006 0.450411946296557 0.327079622859368 0.303216971432979 0.0751748116616809 0.118525972194234
"cg12800932" 0.774062549332886 0.163339041594527 0.10070861722961 0.0737970043037211 0.349986684566716 0.0683054955875459
"cg09300089" 0.813717393209664 0.435890585309181 0.228923961623191 0.0839249568247701 0.0687449632139464 0.0949803754539266
"cg25616055" 0.725765884420077 0.0816324778588498 0.114641743169181 0.102975350076555 0.0523036871288669 0.123185583127778
"cg15906007" 0.75285543156781 0.100886517118592 0.0767654829056167 0.261780751301009 0.0887162835502393 0.07390397371916
"cg04834758" 0.845286124089119 0.159076200051364 0.30301901662892 0.112346176059677 0.080166649900244 0.40789552145471
"cg00962482" 0.880991265548117 0.294019527992554 0.256159784100809 0.103062543637477 0.26228599398032 0.304221020392694
"cg19752649" 0.815495543718462 0.101646200538227 0.083631795146836 0.289558788597775 0.0483939753781138 0.363050101804862
"cg00058449" 0.928150278880616 0.582598802822413 0.226251637537242 0.331119010800692 0.19277272476521 0.0476455005486965
"cg23357708" 0.807168384777974 0.273678885598435 0.267724106512306 0.077482429815807 0.0677621971708625 0.120066880947081
"cg13156132" 0.839227370671487 0.0676124368187957 0.104674905846015 0.321692818522152 0.299355838747386 0.198683507260126
"cg17630073" 0.810392240918403 0.385049616568794 0.12157307176411 0.098163868654602 0.0875479164687392 0.0956812552507761
"cg11394547" 0.818834729152347 0.169659670063657 0.191176866856923 0.267653497139131 0.131387254410755 0.106156700215154
"cg09521093" 0.857844408455841 0.272955577830333 0.183882910728358 0.297707885262612 0.0876115587779948 0.203428019478727
"cg00619207" 0.81753881524659 0.0859757872519009 0.0800613816886521 0.125676820998236 0.465250151392122 0.0852651582731675
"cg02895591" 0.822555544882577 0.104300111668759 0.113964148918584 0.2719778578355 0.0953490552907667 0.279322156251613
"cg26653677" 0.768293061782235 0.0934336188184329 0.0781816454622477 0.196866950421373 0.130903146604237 0.0812515655987079
"cg20317872" 0.888120014020246 0.0685537694042546 0.0633989307035529 0.336163673178767 0.625812167803049 0.095136345962504
"cg02606840" 0.767406321722427 0.0662036291930063 0.0506026103436448 0.263011550640545 0.0507302127223339 0.054279647055296
"cg19268695" 0.873120567709381 0.0797792575417904 0.0784109621319518 0.144750353237071 0.635316205343453 0.0870576961641889
"cg20709165" 0.767229496627697 0.0797533983090443 0.1069158620674 0.0979331382390762 0.0757716332600828 0.110908114115196
"cg03315866" 0.870094932287682 0.0940960726989303 0.142615663604563 0.0846718128321692 0.0629821155606512 0.607500945667282
"cg23184711" 0.814355170903455 0.089637013618172 0.0807622236362008 0.106594496882872 0.339819140951132 0.0848142312613071
"cg07635227" 0.830519360410094 0.138650734749056 0.12169702337567 0.0385816810251276 0.0304057384588576 0.413026712812821
"cg01156249" 0.922335210790679 0.28176726868464 0.210763611925134 0.0538025968717306 0.0450654882071335 0.593034378889562
"cg03429643" 0.76067938768869 0.0867152243793402 0.0566542270453315 0.0968053638611439 0.065301159036974 0.0697217081420931
"cg03208825" 0.786597987725781 0.0818426217590354 0.0830934381911433 0.101784040488532 0.12744454702739 0.0886251689105325
"cg24501728" 0.833126821515976 0.0845085547220673 0.199471351412568 0.127606320484879 0.095298645527955 0.176157077807326
"cg19269039" 0.839473733535055 0.0646553883581302 0.0560418727072425 0.126154051550151 0.348868947483712 0.0740957154460977
"cg05141871" 0.776181249203462 0.0853066143783936 0.0881756528433278 0.0473599822437602 0.0334571241304842 0.0396375140385583
"cg00611702" 0.883196262425879 0.371194710528969 0.244257019730679 0.0656645258874203 0.0524956412259603 0.0567770683022399
"cg15949485" 0.851152001220869 0.290994736185731 0.100914580074195 0.0845032269749132 0.0625948918695415 0.0643781260337389
"cg25882572" 0.892890492616971 0.0630015320170923 0.117308307723945 0.488725189566047 0.0584298161321887 0.0553068383870472
"cg08864105" 0.87251226706608 0.10703015489875 0.10805146692966 0.110740644497621 0.0983196434631532 0.145638779695882
"cg14317609" 0.849183442901715 0.0917255327639697 0.146727369253677 0.0610114035974655 0.0638449214480298 0.0755083633544306
"cg00612332" 0.880348323860991 0.082624235239663 0.0760462600539664 0.0611730721562529 0.04278544504797 0.254868901660621
"cg02013714" 0.890893079671452 0.0961635353365755 0.0898890081101292 0.0722613665290273 0.0514075496254777 0.185782214987457
"cg17266282" 0.929299803678613 0.0936455383260267 0.17780270640884 0.0842413851181336 0.0730215987402246 0.15622410408276
"cg10727316" 0.882814395766752 0.0766230706949562 0.0594662942726859 0.0686711109510685 0.0533493673525686 0.0667911842002737
"cg07679948" 0.967281762361017 0.0856431726888226 0.352173919460515 0.973803827795431 0.971206299321401 0.949244815961278
"cg00366435" 0.903843761405641 0.121034244698794 0.560496205288634 0.914499033968676 0.909161608080733 0.872517971106606
"cg14477767" 0.900285914142016 0.184689384693237 0.734201686981498 0.912498401243491 0.905684591274294 0.86820007772824
"cg01874152" 0.816297161257212 0.0999724641712464 0.365145665350721 0.917963485670663 0.905066750522918 0.828003468507983
"cg21615593" 0.882691114299048 0.132688232898002 0.405309173095803 0.911884838531821 0.89369194775779 0.863537281550723
"cg06915826" 0.88405190866213 0.0998960516902745 0.279631322546998 0.893542548626078 0.876184746898667 0.85943693463113
"cg26852712" 0.73512796318793 0.124587746004296 0.417928861802667 0.93789593431546 0.93625258971015 0.887243179499612
"cg12283537" 0.862722006329459 0.1275729287257 0.488384652523162 0.91029856877277 0.895819352893844 0.756331981991341
"cg27157434" 0.924662790886767 0.153576302388901 0.34792631065249 0.932700243128336 0.911492462021547 0.892279361121764
"cg15564619" 0.907910854225013 0.0740164291103532 0.351189870516938 0.6789141922117 0.743685479465614 0.911095092572863
"cg21224730" 0.897299938373314 0.143464304882275 0.387588289935263 0.904294062684824 0.877846953813681 0.85388645621837
"cg10240150" 0.867994775388923 0.096774058248523 0.303839426712713 0.872224636739871 0.827423057805826 0.797959768363128
"cg16871561" 0.915858945154958 0.140067915741264 0.786555492081041 0.816146283540831 0.479271017050163 0.887776051247224
"cg24652786" 0.684501248585801 0.149604498767178 0.538240139064727 0.913556042726328 0.909624787861779 0.873912828462878
"cg25768456" 0.901013002904624 0.1380029073389 0.409499573865623 0.878178439544602 0.850167986587314 0.816005442365842
"cg25893560" 0.922146460886066 0.150478056884037 0.474808414569496 0.917690920484451 0.912467866914382 0.679606694710423
"cg23723835" 0.672287555817202 0.110726839721792 0.379067155986505 0.902901760984016 0.903534939707329 0.827088615580838
"cg14318791" 0.898851482339426 0.219875884042574 0.76848474761092 0.886733116716885 0.876706758127532 0.783583747722914
"cg23783077" 0.825078403178009 0.174875792984903 0.711643824883324 0.84858662961332 0.820776694903971 0.760485445135932
"cg16173109" 0.861289779458023 0.138353904952577 0.353307610258804 0.869700404226872 0.86930716759336 0.829266252722231
"cg12155575" 0.701548787673712 0.138464097917055 0.447936956475656 0.892876620592754 0.895419856212346 0.840157633861756
"cg24102458" 0.887952238172404 0.166408991657627 0.405173089793321 0.892909112082076 0.878334258626389 0.828136298112033
"cg27583604" 0.792029280856132 0.164825875341145 0.495034647404702 0.884129302537162 0.832982259575557 0.878411417646399
"cg06329392" 0.951360470609268 0.229626797549151 0.425728588656296 0.956974637413393 0.941089014099572 0.924057532415502
"cg26166854" 0.890723395056557 0.135284295444245 0.32288416390635 0.899651328963879 0.904509683560631 0.709087624827121
"cg01154505" 0.829111342464133 0.280021145682479 0.727471279883487 0.97072168491165 0.969418698757694 0.953461246652505
"cg11465943" 0.876061235646257 0.209400172630085 0.526854106666763 0.910319278804657 0.889629517985389 0.877706667846709
"cg11944101" 0.832183233661297 0.110247669031173 0.779389828105168 0.567320738184258 0.625862147303007 0.779132890667898
"cg10782923" 0.871651359355707 0.166497463696375 0.412570202461586 0.874398899788114 0.86270976312063 0.840515886361998
"cg27207932" 0.886135339666967 0.116813430941392 0.74238581491721 0.629330780085204 0.485165274219987 0.866482776156623
"cg19308612" 0.875586072346229 0.140082786018446 0.372265668094421 0.876788283157407 0.840680083845257 0.755247115060881
"cg11575770" 0.889395340214846 0.168199343992458 0.472472245102113 0.883900396560566 0.878094575112565 0.736930623103944
"cg05070273" 0.896311144642332 0.21507013220351 0.484674388235465 0.913193024356235 0.907249844043545 0.892693254196559
"cg13651908" 0.845077207712547 0.137847647758329 0.374579863247976 0.860181752040613 0.829997486766847 0.785027760110751
"cg05074138" 0.856227590830092 0.156275250196601 0.350137068451516 0.877715258016421 0.853103688678257 0.843192412542503
"cg08766184" 0.860624852009924 0.160877875819799 0.352689137742913 0.893417654011206 0.86281524525113 0.83171451509034
"cg02661764" 0.843095908593974 0.145926382854771 0.418698733541326 0.781989117634954 0.802158632217479 0.879260848786495
"cg14232368" 0.838576533086504 0.23685238235349 0.828084893168088 0.840648698603464 0.839682357379383 0.822292190069822
"cg24069928" 0.904304460020539 0.261815560321955 0.675068050679623 0.914350514063668 0.910524950406797 0.888703969368223
"cg08884752" 0.832222384408954 0.122890124174854 0.419789167028754 0.722994599488749 0.766156240397355 0.852299508755768
"cg27519392" 0.8640141500368 0.15464609465376 0.327821286685112 0.881706181047543 0.855370850488929 0.820507440907342
"cg07970799" 0.924536738581764 0.202189052625384 0.408514411203953 0.938085550470533 0.92328803912542 0.790913575985536
"cg18276442" 0.817055986835124 0.143691759218921 0.332332542380025 0.890021103919929 0.882812716959701 0.752828310050854
"cg05357209" 0.795758088660886 0.14265740840823 0.468828132181373 0.840587125502052 0.817059313223749 0.74666921943186
"cg12909727" 0.885169634106593 0.151196797795709 0.348960875506676 0.870647090385249 0.883099836979257 0.719310707682578
"cg17631709" 0.794835249504692 0.125929661181982 0.381955974821483 0.859223830095257 0.842526489915406 0.701560039872877
"cg14755660" 0.883151467268648 0.148808255936402 0.343430648210281 0.885528396809523 0.818522750465844 0.759182917398392
"cg19402503" 0.865484923752475 0.162006967187237 0.420607419812484 0.854937511627952 0.844253132076205 0.76561022151781
"cg13451763" 0.819034545274769 0.0891868850358582 0.261324097821227 0.801498345412164 0.720923324448618 0.78323862692329
"cg24811265" 0.829403973827399 0.140901003367317 0.311552876045828 0.813512196801488 0.83845984683128 0.851197139222415
"cg14729344" 0.314551850131965 0.834469153735168 0.663976727516398 0.25544929208722 0.272623962223015 0.259503614321547
"cg11467506" 0.374906368801753 0.657116883787913 0.284242541986231 0.104566780486108 0.0620648953655271 0.0492435175347626
"cg11967372" 0.119282472537106 0.629237716241812 0.323799209391608 0.0644056139253292 0.0687403721944077 0.157131023311909
"cg26986871" 0.131966605799176 0.559109579692081 0.0565526189286383 0.0578875398803634 0.0624784963818263 0.0637090152795421
"cg09473208" 0.326494604636349 0.832712774797713 0.638304560842262 0.319773862480101 0.334352891962517 0.100817449317161
"cg24706505" 0.244205714627203 0.723188678569214 0.561676127479864 0.122785863751513 0.0987462162598851 0.137977533651205
"cg13060970" 0.0808321406269901 0.661736632849388 0.521784099785137 0.0690771035972532 0.0807326838044928 0.100638838696275
"cg00124375" 0.0617635330890862 0.593420846969357 0.310098547155659 0.033272250865527 0.0387631488013606 0.0534506708437135
"cg21069500" 0.078698967849863 0.75019628261304 0.565238141203936 0.267963815888667 0.228688431772019 0.0994869675868247
"cg24904788" 0.270427856319942 0.674827417745488 0.409031789362668 0.0510608157454887 0.0538914632553508 0.0727016732795274
"cg18995667" 0.0715393388570193 0.66395391714429 0.496589932139277 0.0650056419286426 0.0818054093333245 0.086116627539005
"cg09284526" 0.0915798309335628 0.709452647545071 0.502392388339207 0.147667113889048 0.150678624868461 0.125703153630978
"cg24460976" 0.176309976599828 0.673079450295665 0.277159361194985 0.100936493737307 0.195802243633687 0.0844378647645681
"cg00072683" 0.0647919671831024 0.646603341130948 0.36965263583486 0.0780212361876448 0.0583613599194687 0.127761884743902
"cg00421624" 0.448765929981333 0.788812187697363 0.544526600607108 0.123932869969242 0.12241966429967 0.160236018291897
"cg15232539" 0.250392743223209 0.706341821299432 0.470085828208981 0.0807989879498392 0.0849169927066703 0.0977322051566828
"cg25783189" 0.10543976485136 0.753529281297257 0.460860316442387 0.11242031816299 0.458903468703424 0.0753197506192259
"cg04642300" 0.152439794763705 0.68219730038007 0.502254502967919 0.0573997337170372 0.0659040047220991 0.0770277389546297
"cg01987702" 0.108786928741449 0.70256638476953 0.54197890848744 0.0947684408975491 0.090819863604644 0.113737494450933
"cg27485845" 0.187784892886212 0.728970464924182 0.321266651436299 0.106271238402568 0.33151333046638 0.118781949445765
"cg13805127" 0.059587530914256 0.724748362280139 0.459793727018902 0.0637631931439359 0.060129729391568 0.389136262336426
"cg06796314" 0.100346312495259 0.663028636101569 0.409369467814913 0.0686110893590434 0.0662079500294581 0.0780799384882618
"cg10907514" 0.0791146012274073 0.676755936244998 0.460603389681093 0.0742777682761353 0.074963413478215 0.0842992984528249
"cg22253251" 0.529355365795975 0.863416740771282 0.544598672942794 0.360456501196432 0.121704956978747 0.10268471040872
"cg26174351" 0.419088694062214 0.83290218575134 0.465065631457967 0.364934760091032 0.169371516378574 0.0814776551911786
"cg06843218" 0.0572323972861483 0.674278803066961 0.444253391164942 0.047578583552919 0.0578492822355532 0.0865586653937973
"cg02672827" 0.067477752352005 0.848763654745665 0.650627211094509 0.257092572495724 0.311848682253662 0.26102830646673
"cg09662852" 0.176670241795678 0.739290926493693 0.585066489441459 0.0708846276809967 0.0706495986087377 0.0926548561609515
"cg15170740" 0.151961901079134 0.758738271184708 0.55943762678926 0.142997705697091 0.101761604319863 0.115023834862217
"cg12430981" 0.0833782412440638 0.739885249268374 0.590140323093189 0.0723937320353569 0.117646007897658 0.10705339689315
"cg14564351" 0.173253936692259 0.701289650269685 0.350435423768502 0.0598863688670077 0.0728252199713142 0.0829964859230214
"cg14515199" 0.305486304476314 0.793160142938449 0.578955194368938 0.0999720425305309 0.113010300835072 0.0967100771473729
"cg15937314" 0.165102753712349 0.765589908630001 0.437729929704679 0.174565871766206 0.143616588825915 0.114415701867335
"cg13121392" 0.0598551685338871 0.691636233222747 0.349933940037614 0.0604909220890997 0.0894515752216505 0.0831327507173518
"cg07350262" 0.101225757496038 0.756251537555609 0.569637589774811 0.0813962880081243 0.0828420168789921 0.129027622474541
"cg23304252" 0.149859365679914 0.76357775686187 0.584741798886736 0.0589514737926936 0.0635710690425074 0.124016511739607
"cg11415350" 0.0691159183049459 0.769093288247166 0.469264770505561 0.0660450524738961 0.0727348602843057 0.283032086777014
"cg06789670" 0.0698248956317888 0.818869047632165 0.617186644824776 0.215551713575814 0.174016695606533 0.129055054709407
"cg05829975" 0.19080710427434 0.806896342677317 0.60126667223843 0.0896703547921424 0.139468788864948 0.0879425525997591
"cg24048497" 0.068388028978283 0.724063863826487 0.408984191276946 0.0784363169421763 0.0557097106942707 0.0803998983554457
"cg02678243" 0.0786069565363012 0.758951188724261 0.5265773512836 0.0724089780859807 0.0888000511589577 0.0955149993179976
"cg23078220" 0.0595105629065342 0.742872627095483 0.477802711545559 0.0590197863166996 0.0836811042021579 0.0851642803265504
"cg00941595" 0.0855436276240621 0.768168436756581 0.489582953139409 0.0810517385313493 0.119834871170557 0.098793039889413
"cg12082346" 0.0493696631518988 0.75922862310217 0.497170778030936 0.0560570863796152 0.0827583294904047 0.10408999945563
"cg15332094" 0.0571666500735474 0.767642125911955 0.443931186284419 0.061010913319305 0.0540844170324365 0.211894080175845
"cg07529783" 0.130786409496785 0.810392167029234 0.549554785897912 0.0654235254118638 0.0627790883013287 0.220368435783876
"cg09131321" 0.217020305784123 0.807174257246995 0.341763419631563 0.0844510877925936 0.17211416001971 0.123652784686977
"cg26707200" 0.17256857199263 0.836663499143533 0.558824748634199 0.083796597297205 0.151585249442582 0.0957089737505883
"cg13468685" 0.200008718442737 0.842216684331767 0.604915896583311 0.0641441236997709 0.0671401593722798 0.112942480709052
"cg16819999" 0.0401278453030459 0.752556663312251 0.299656881392491 0.0372738007798051 0.0376794130932471 0.0593918801936494
"cg00219921" 0.909413089224951 0.768130081656252 0.151446274025745 0.896525238631553 0.888103171014191 0.869950163721389
"cg25939861" 0.857236184072063 0.781112855965421 0.102879955832733 0.860593423402849 0.862328085278608 0.64773923810617
"cg11531557" 0.888090355368073 0.532937268730209 0.133058389173329 0.905616582236751 0.895624142945761 0.8511572331681
"cg27316811" 0.932045477960241 0.448451908620371 0.208005722712472 0.968450230828621 0.96769253499678 0.93594082633734
"cg18857618" 0.860351480737124 0.783222625971535 0.22602491012766 0.893023304281186 0.879582248134529 0.873405292614301
"cg02324835" 0.861900230582534 0.354840121186885 0.100937003470033 0.869315331228636 0.860314664301118 0.757517293646269
"cg22512531" 0.89323171477266 0.505575175530845 0.0920361270935801 0.89785376568877 0.882407118559525 0.436396372433838
"cg04329870" 0.855806016227005 0.813896585492974 0.250080461383262 0.86288206117521 0.860532420034121 0.829393618189505
"cg07820882" 0.751343111870439 0.607274804810844 0.161534416843061 0.805103512035403 0.798080492784287 0.75895462388296
"cg27547947" 0.858519547781529 0.76417109917914 0.244727185857634 0.863407025107217 0.860885840736511 0.696172083049113
"cg25350872" 0.902030842256573 0.796700135530493 0.289061725288507 0.908703992950282 0.905245778614331 0.680252709106154
"cg07016730" 0.684521136318813 0.605665997981441 0.207124159562291 0.851838645449518 0.845404037948817 0.773857780494133
"cg06131595" 0.677997029086205 0.380262160447108 0.133055557822557 0.864209156703708 0.834762942904139 0.61720453018994
"cg06329135" 0.755458208494002 0.438038440744905 0.130560217079941 0.799194452647893 0.789584778153087 0.562266527435871
"cg18174654" 0.849212736436229 0.751255807244325 0.312889938252115 0.877178505410819 0.863020329053621 0.860966655045444
"cg11067179" 0.792992292770039 0.801570105825437 0.311462181186391 0.870065484782801 0.836484122841178 0.845323116165142
"cg18782488" 0.615551091256193 0.605253244480072 0.218894605582521 0.857087722747259 0.865379003537053 0.747455992016916
"cg03357684" 0.682291098811726 0.556041231488037 0.178770263069723 0.744476379557103 0.768474975870219 0.7323481641094
"cg16235995" 0.863691232747961 0.64241074163061 0.23781079576247 0.848766790478234 0.842496387164053 0.550436541454534
"cg06766639" 0.778921834555039 0.425956823690699 0.169812970171673 0.814770977956626 0.797570307001034 0.583901990130632
"cg16681873" 0.795509205934488 0.51856309075768 0.20874811814961 0.782601247010083 0.744952994489132 0.744338071818898
"cg17486253" 0.809887003924637 0.50638416652798 0.206398955635931 0.859478918125683 0.862892853177184 0.53210129874642
"cg18653534" 0.777340586562409 0.407683084729582 0.206419647526848 0.812103943878965 0.840971261764922 0.741374680039108
"cg16423339" 0.901749693600508 0.483443394484481 0.289192968589796 0.899231534587854 0.884761218436513 0.816110307244194
"cg05496363" 0.852918776884442 0.811311259747718 0.351625889278942 0.875832334384859 0.853854264376793 0.84982178793861
"cg06419846" 0.956811923161286 0.915256224139884 0.448401793287753 0.961107566910408 0.944966326154104 0.94336896095082
"cg01679017" 0.665895645213619 0.383510105106659 0.169519037223708 0.78533621192456 0.818537573659133 0.668028509206957
"cg01002223" 0.916748965783092 0.811849054423088 0.402142809709979 0.918656095539172 0.912294551518582 0.890258162285544
"cg14374132" 0.599886382118092 0.500390584886128 0.219716878323746 0.877183548044942 0.872365165059263 0.708400366956366
"cg16460111" 0.836728045668404 0.6281691490874 0.284168019088092 0.855400967476401 0.847872723137598 0.685504117313093
"cg03318654" 0.674638936343908 0.671065576484868 0.199827542889878 0.697950462890016 0.6754064292113 0.654466631280051
"cg05723552" 0.754296073035328 0.473271440792301 0.25467614228133 0.857621253796033 0.818599563003894 0.770078011006551
"cg20988587" 0.71618080580223 0.401152406879708 0.187027148381297 0.76210459583976 0.711795863752252 0.74059667762201
"cg22091063" 0.630479222245903 0.598340963183246 0.187653221817989 0.723114924339209 0.76157792715552 0.577602201925198
"cg23487884" 0.648042739695406 0.677643230826228 0.287406058217635 0.887379666389367 0.871446994862345 0.692621913441069
"cg25535316" 0.764181226348107 0.587535965038064 0.297582713405292 0.858275523805377 0.848094505992883 0.785206094174718
"cg22449583" 0.813305198507417 0.718459458390105 0.284325343249922 0.811398566454075 0.807122097565466 0.596753055988963
"cg10407106" 0.820055527594625 0.689178579184137 0.331425914863374 0.833989663397724 0.83293288269165 0.801528837807686
"cg01123946" 0.878138191407054 0.531995689525394 0.350876170576169 0.901370566068334 0.896719786075425 0.864795492712539
"cg11837532" 0.631182231899388 0.453940152680371 0.172324450377195 0.814531323240991 0.759225019922635 0.504322488101645
"cg07921828" 0.879505587322739 0.543355729922028 0.34769526704068 0.884971200481867 0.886588185813359 0.84468477866933
"cg21681637" 0.786005726320109 0.511271286535181 0.223420410091098 0.76500043250084 0.764363764179521 0.564306062022897
"cg09654116" 0.849242012872991 0.820529107308593 0.383186250547045 0.867456428821929 0.86438783807896 0.760647286020085
"cg16596052" 0.945899956701321 0.680060534675383 0.434776458314428 0.953416040890995 0.932177487254661 0.940149143996205
"cg17109681" 0.893949691450903 0.54508564433955 0.278732225965321 0.852435211042599 0.715004201186591 0.647463538748479
"cg18043014" 0.892698540643605 0.761921517655187 0.361345711089474 0.887222316969658 0.875598249901979 0.624259175895786
"cg04994519" 0.668477120041546 0.521261013586907 0.296306395623251 0.857266811381058 0.855745181153411 0.83771925981745
"cg09774741" 0.818274406038007 0.510309393965852 0.278038363708872 0.772348535459744 0.762783166238181 0.780410667110851
"cg02888364" 0.661677939437624 0.503544673462746 0.27068244112384 0.830757404184835 0.836345230064659 0.766361400000038
"cg02598071" 0.826391209657203 0.567629712800947 0.306648043498869 0.804785860575696 0.793697940227641 0.762138114099392
"cg12480903" 0.227343563563155 0.273663872453721 0.545863318433421 0.12591991269097 0.152411749439756 0.0945139683526916
"cg13153721" 0.0730949050338949 0.331411381030167 0.498670872041859 0.0600558717035742 0.0657836228845074 0.0755810562534547
"cg14200350" 0.119940247978394 0.384436193693695 0.547182662875489 0.07881382814302 0.0924218691613087 0.158128986952166
"cg15278204" 0.0630859978091506 0.394330617368231 0.535961753570166 0.0964801041351177 0.105822723356037 0.110495616838393
"cg15633035" 0.288714159814187 0.434805990241704 0.705636304182122 0.257743431861256 0.228979399263104 0.4281117453834
"cg02676380" 0.362240564246864 0.502892369207037 0.726760783438492 0.313834405594972 0.275398802283301 0.275809929159147
"cg23231148" 0.0666656190882269 0.256753267805413 0.537991504448273 0.0680857008125105 0.071111455736071 0.332427600549726
"cg17636752" 0.234158469514721 0.358195783959875 0.6026833290803 0.137974226493183 0.15603088506039 0.214364737913655
"cg00206414" 0.0999715810715256 0.315071946520511 0.511803780198265 0.0621087748020737 0.0388638594162902 0.112537816345394
"cg09543427" 0.221081864608501 0.350407527666296 0.613959346995096 0.183463737228949 0.200486752701423 0.177525758066861
"cg02758236" 0.09201415462864 0.313532955180848 0.53808592599093 0.0568181482372082 0.0608434190994103 0.222542523899993
"cg05238900" 0.366655466390621 0.592956134918036 0.792034279807523 0.341665520653183 0.313746300865359 0.393090453397595
"cg25701596" 0.0775273489407065 0.342775167232635 0.563628047968325 0.0933787123246422 0.102965307186045 0.247762596097427
"cg12477370" 0.0383164733790965 0.173162965346841 0.455846583511956 0.0271033785146935 0.0309213863620221 0.0570009111678368
"cg17332306" 0.186915471613229 0.289692805531242 0.549201419135974 0.0606955515595507 0.0609892113155265 0.189626554192235
"cg13607248" 0.0971258977557748 0.389794217473235 0.581998328642109 0.110902116484726 0.147697181071979 0.195129657590689
"cg03187661" 0.140453923179659 0.309944915674053 0.552781514669394 0.0570285614113263 0.0715405573475006 0.213301551446455
"cg08362102" 0.119587100219349 0.372093832505338 0.557663260431388 0.0763011541975279 0.0810945573533808 0.140910327361464
"cg15155859" 0.269503036730558 0.328585244789323 0.645818475622877 0.0966590599908988 0.158674542526874 0.393398974100898
"cg18801945" 0.137115061884498 0.396121542614377 0.621292301052647 0.125748079789653 0.115598038105492 0.325731714272532
"cg11976790" 0.0933342109904703 0.392679132237224 0.555846263086464 0.0879674627929219 0.0861504208471806 0.0990642120839968
"cg18670770" 0.421323144018974 0.602687301298218 0.818410262871155 0.329810092728859 0.339394002705376 0.384651929528312
"cg24541420" 0.421506492092687 0.18823021065333 0.648751160390456 0.222100752574459 0.11165497765335 0.325682975328409
"cg05702218" 0.186661738834233 0.475281928118488 0.711769289084231 0.209330962451255 0.295034919639937 0.374143766202669
"cg24215978" 0.11359556481894 0.29227642964937 0.543057972407567 0.0753523055850927 0.0867051092272091 0.118438799117266
"cg13485718" 0.364306079640001 0.539649213093066 0.794764780307732 0.290419310688663 0.284389096545711 0.460037363095873
"cg12298529" 0.341444301613774 0.46093644019887 0.68534255863176 0.12540915293989 0.133669716890069 0.306963459345709
"cg11658419" 0.147627192995879 0.399331175668318 0.616919521258453 0.0880044961242291 0.104772938674593 0.259607589921142
"cg18728025" 0.333128231229215 0.507010574540308 0.73571277587981 0.255008473125635 0.24924085339603 0.242470575305411
"cg08747006" 0.269522897322193 0.471935730255059 0.698973700185705 0.133775476495196 0.145064856613188 0.367192932582971
"cg22645539" 0.221072573888177 0.517923984916578 0.69281185157986 0.149233896351598 0.157130661817297 0.301201994398673
"cg08940994" 0.123883491404368 0.271004901470774 0.618242495800956 0.138336447990494 0.124701484502471 0.330351314362632
"cg09559348" 0.0789794441840637 0.397373423288085 0.609211115185025 0.0711444244063789 0.0701043710489178 0.298259900527515
"cg17687433" 0.118327509330471 0.29045545266527 0.57095020577418 0.0658714119216949 0.066806634851367 0.190967301657157
"cg04265842" 0.131035349118131 0.228222587019676 0.598624919272779 0.103261460386463 0.105592504118357 0.281357283606544
"cg13357602" 0.0572661549845041 0.383095573811867 0.630055533980901 0.057706872271438 0.120250150622967 0.348049347505984
"cg09237512" 0.192275641710012 0.415045752231643 0.644646477065542 0.0767640362810095 0.0726923226189834 0.276117254306575
"cg25269447" 0.463489926302642 0.371179380091738 0.772864133654658 0.154531799474307 0.171583307374892 0.480514259197804
"cg21679873" 0.226197014044438 0.541614835325573 0.763218589092062 0.159117286098031 0.226863737903637 0.408258328088266
"cg03510285" 0.0653397228813813 0.403678316367593 0.611925362272489 0.0680928312175977 0.0645105453245377 0.175930913569777
"cg08899626" 0.181617097986982 0.346564720426683 0.644924848175171 0.120161929103025 0.128854472080146 0.164334723856749
"cg11991412" 0.105476938313072 0.137143909551573 0.562966311647936 0.0473000897190039 0.0482986795039096 0.18891076734485
"cg08482894" 0.0812831384305653 0.370766229881585 0.634424890891537 0.0589415051546742 0.0609785408635961 0.277974013683849
"cg11714320" 0.0333728333105448 0.38668759704622 0.603310515473106 0.0316443716316055 0.0455008667575111 0.160152214920204
"cg05520031" 0.102570170735971 0.282298348203277 0.644287490766623 0.103853798015334 0.119807111974057 0.255785717755207
"cg19482025" 0.10779107592306 0.447816326842592 0.694028886344113 0.0556540226025762 0.0613341404960149 0.32026360264952
"cg16810279" 0.0648711508984115 0.177276987997537 0.609738167684974 0.0392334063822047 0.0415269924425687 0.240924810960299
"cg00813999" 0.116312472294401 0.363861488752623 0.706596940053317 0.102197464734598 0.112806977605416 0.181473057455033
"cg26848126" 0.13366009819009 0.473844049992049 0.802194330531162 0.146229976909729 0.143281168844597 0.205776157820591
"cg13247398" 0.119919705292701 0.545916538747881 0.79322899507391 0.0557508068128152 0.0723478981290226 0.131470024812028
"cg26872907" 0.951169549673396 0.942250226809978 0.94372747635604 0.0496408180636492 0.933263501491042 0.938751503877909
"cg23244761" 0.968648286827631 0.965449519778536 0.97232875125163 0.0863118094369763 0.958208077099203 0.962256746813984
"cg05923857" 0.93667314732897 0.855062651849006 0.92351815645813 0.0972796214290674 0.80966236552686 0.931549359307876
"cg07617198" 0.91205783373497 0.909770989173868 0.909218347007554 0.0986620603488484 0.821445224656936 0.899445279287309
"cg12655112" 0.876768749129834 0.864414859161841 0.947012932917179 0.0723957396373606 0.684778172266674 0.942904178806226
"cg10480329" 0.900759522029126 0.91219745378904 0.91713104428791 0.105929511753079 0.824301706907131 0.912118589035885
"cg15173892" 0.87486949700726 0.90130186160973 0.913563328304695 0.108335292467843 0.88941345755344 0.894194471729507
"cg00908794" 0.904998959123151 0.902630358473818 0.912719370804667 0.107625204236492 0.815318385272731 0.914186521821233
"cg00989306" 0.880592967023202 0.875873140951456 0.874787560880431 0.099040990084837 0.88247324232367 0.89450845395231
"cg20374292" 0.901572504473623 0.896761544843357 0.900624318589362 0.115158666303559 0.882069155608817 0.903458638037961
"cg18844042" 0.918545521383718 0.926556980695672 0.927195306557657 0.108234403134109 0.732379010210779 0.923663507528202
"cg01950767" 0.911583615424026 0.903138476369209 0.915824749913257 0.121147427792014 0.780304031598111 0.916430341518982
"cg16636767" 0.876790674520626 0.909541813211054 0.913290991451067 0.132265771159154 0.881752445916295 0.899060424377558
"cg01041239" 0.871411124602104 0.816204177304266 0.828376016302176 0.0863580075358814 0.810475142891836 0.929423302535386
"cg00771778" 0.911650632316901 0.913812814257728 0.906428353083151 0.131537349921835 0.834504081772984 0.905824573084566
"cg20610950" 0.92057886761008 0.908724456744778 0.924927255399567 0.0934152878984358 0.606519243653897 0.914623376587763
"cg24686420" 0.885200601096572 0.905797296512316 0.915858399200402 0.104818454734522 0.732773639900956 0.894411659774921
"cg08844422" 0.897968194203033 0.898938732903473 0.901957480660506 0.121867399218839 0.823130273638864 0.894073152250606
"cg25449870" 0.723340828106358 0.926632202153368 0.931999403805987 0.0873438870940585 0.699788684659203 0.921983868820279
"cg02647748" 0.905522174397277 0.896032491888996 0.904226031505626 0.110454636086677 0.727321430147204 0.894153892963759
"cg13708055" 0.739933328099949 0.868621057893758 0.898151301541944 0.0701215637836877 0.741337061793686 0.874717915849762
"cg27131881" 0.909385310492701 0.912179463173833 0.91418319025571 0.110806658985536 0.678487976689458 0.909966659822546
"cg02647842" 0.862070762515562 0.879181980582217 0.888797221341309 0.115648810178035 0.830668012892646 0.87603919464409
"cg19835973" 0.92816680397261 0.932428238777678 0.894553422732149 0.152274750408037 0.894442567893228 0.865351149826015
"cg16821230" 0.664926274014452 0.893011272451063 0.898404165965781 0.100635436380413 0.888192754413396 0.905618717733813
"cg18066690" 0.909011279985253 0.910611008493834 0.929629168151801 0.164557171811122 0.904290036446459 0.909916714399372
"cg23373670" 0.910947502990944 0.878794039584066 0.891108294191062 0.139970282630151 0.861258418613311 0.897311927048313
"cg24788483" 0.947799608617447 0.885954476529345 0.954426470259169 0.171350906751541 0.855360113327973 0.948554866714955
"cg10034678" 0.898668214892288 0.877593054666482 0.886538391243231 0.108043300105734 0.730365251741972 0.873160087498144
"cg25026693" 0.769782692551593 0.880666873024098 0.905084135995307 0.0977156315603172 0.75987346903237 0.882519534091518
"cg26201751" 0.887235264703152 0.875851275673985 0.886588803062172 0.140421102396613 0.892261386350131 0.873638441248885
"cg22675702" 0.839830954011409 0.854291588085061 0.869496721226535 0.107213268918039 0.818623163092257 0.861810695159419
"cg03414235" 0.901868168902275 0.902063034653554 0.906818082270681 0.145912247457195 0.816141591464911 0.899482963896398
"cg22180675" 0.865928231129487 0.881610821022249 0.88222509493854 0.105867829202281 0.754933378347474 0.829619502475578
"cg19388268" 0.898719266677723 0.903066499538011 0.90443931405559 0.13097685546291 0.738552840552654 0.893516755747203
"cg01407558" 0.814057385026589 0.891145891624375 0.907050555154959 0.129158674723989 0.821037067120815 0.897079025704899
"cg10624395" 0.874357351771272 0.86758383753002 0.893359786369423 0.144815217546024 0.886328440053716 0.893494412921285
"cg26538782" 0.731600894940544 0.891338131688045 0.902936118784085 0.113168971804411 0.833636306098388 0.884647483626807
"cg24655168" 0.908177352280186 0.886937480657025 0.909985147464286 0.111162433379516 0.624561005385878 0.89985493247954
"cg02244028" 0.888792901284044 0.884047421848037 0.896223776996684 0.142113903474765 0.840326729058985 0.872687269599305
"cg06636137" 0.908792586134871 0.900155654470661 0.90896150698411 0.164406772270399 0.873701976136372 0.900343175400363
"cg14172797" 0.888195350757056 0.862404574921186 0.897092294914577 0.141364077387208 0.828933546409021 0.900120696610772
"cg02007480" 0.844130162253321 0.81691114476927 0.82608167845651 0.0882562239239369 0.79026690058969 0.830429770549661
"cg08554390" 0.888440970931334 0.890584181076128 0.904063430654925 0.125939762916426 0.721105337604293 0.885649366517119
"cg12422199" 0.653777759812778 0.860361667626281 0.851214550674446 0.0751963359900375 0.855070535112707 0.810857328433738
"cg00200515" 0.852038050157068 0.839764258742365 0.87292245264636 0.0869706631079157 0.652112422223367 0.869078318423544
"cg03339817" 0.695420217153782 0.966356475162994 0.971257465395321 0.185159114632672 0.969421174494244 0.969575559009341
"cg14109551" 0.895740653179411 0.897196189065794 0.905543192069084 0.137413843574393 0.738071091141171 0.896421883465832
"cg27249387" 0.865461805891578 0.878133993743322 0.882894994280892 0.125118377650564 0.774356133534695 0.871272103561172
"cg04468741" 0.881429897066334 0.862802232375991 0.880228586124712 0.130447997133393 0.793979595471867 0.875110824033301
"cg18527651" 0.352424743992963 0.0586800246175131 0.0560610647449971 0.504844740987427 0.177934634387898 0.0570398645830941
"cg14655843" 0.260108393221553 0.123404348404155 0.17178974793876 0.603377679957427 0.430480317970581 0.177941507833612
"cg12259655" 0.158549087198872 0.148969849395262 0.179433516726494 0.582413629793362 0.44184155307646 0.106654253314804
"cg01510718" 0.340430355073502 0.620628444103165 0.490130827135399 0.87636387105145 0.448638436558632 0.564499013792343
"cg23053742" 0.128698254871903 0.0826731776275313 0.0813914986310945 0.484303064962546 0.140075538247016 0.0935670961573667
"cg00878274" 0.098255627297996 0.0806936298708971 0.0710077739735168 0.495719561085876 0.255395699952503 0.0758844751690303
"cg03754428" 0.220191180142216 0.0673340641828309 0.0608960007881942 0.545926433058648 0.361829642906034 0.0586506951506934
"cg10578938" 0.18397377414167 0.109609895960657 0.0858369730253916 0.583925661251823 0.207546272341846 0.321498660329109
"cg17830204" 0.117214961943411 0.0665532119434081 0.0652408235812521 0.551335198920776 0.377780166708496 0.0682057564042953
"cg15480653" 0.0489767154284639 0.0522931861856158 0.0537661103238552 0.539821456406908 0.287451042919698 0.185150925027513
"cg23663698" 0.113990375083042 0.422214896081947 0.401651833862448 0.782554551229211 0.506424538627032 0.369446632151599
"cg08425678" 0.329501078121903 0.434456702233462 0.406551022328164 0.77154086303871 0.22473902594049 0.332367449504589
"cg15358893" 0.0505926385231976 0.258708328298337 0.257586212744207 0.646761701827847 0.264540919917221 0.240470825310845
"cg10768932" 0.0478200315576936 0.054720485166261 0.0452281239464614 0.483042772549944 0.0620166238851791 0.0482411551502779
"cg22272473" 0.368122634404527 0.0965304729023976 0.219008582059559 0.755700479880735 0.400143291041377 0.493486031167434
"cg01656547" 0.434926698428125 0.0848018529507665 0.0649828882259166 0.609701296761221 0.168323115223122 0.0631049173293789
"cg12990832" 0.151382548695137 0.131560165000236 0.11908513493902 0.637776133721904 0.427476893776936 0.121447218302287
"cg03958078" 0.237146486708085 0.101240070041718 0.0978589130772682 0.606022158634233 0.247082571950543 0.0788953181186452
"cg07091793" 0.121923692341859 0.422409645881614 0.343538060970496 0.804605593054616 0.513143296704117 0.30870018433254
"cg12711722" 0.0628199211041446 0.0633931024349253 0.0579322637895058 0.544839764220778 0.180245282000009 0.0598596580801415
"cg02129005" 0.0513442331232663 0.0665108310170761 0.0718776302373094 0.550079827601153 0.185547636492734 0.0556702282493006
"cg26683792" 0.15529908755574 0.0551715958200179 0.0599097665751309 0.557112257909093 0.100236605294981 0.0650280071297414
"cg23318800" 0.0896242620588761 0.201649385483028 0.0875774514697312 0.622696710287729 0.293783997706525 0.0618028573308918
"cg09168292" 0.382080695239832 0.508371724263244 0.481444237938132 0.868343655768742 0.227597117182621 0.339275995064954
"cg17596511" 0.428504855327044 0.126572125846832 0.0843272151422755 0.649417316722922 0.14602597442352 0.0729135040868493
"cg27630863" 0.36704343405847 0.0704816409343091 0.100058208900471 0.671168698464105 0.27609883515724 0.163263638185215
"cg20069757" 0.0477268407310265 0.244358934220401 0.283468486958398 0.651932321527378 0.209285744955705 0.0572307127851199
"cg03316149" 0.468083514797355 0.083427349862753 0.113874808205827 0.670930203853039 0.110201564643134 0.18833269078616
"cg21710377" 0.419544765529891 0.0584389105967776 0.0551841844624322 0.640564314939295 0.209847431033293 0.0575289971984884
"cg00649318" 0.204856504834281 0.177142995142375 0.120090644318022 0.722363491320563 0.567315980456271 0.111552428085243
"cg07391417" 0.179333303136684 0.228198989648151 0.227918474693429 0.765063987810872 0.516431170877694 0.206306922721185
"cg06348206" 0.221586957209164 0.0825657089744846 0.0897512947888388 0.612277101678061 0.0752713740168762 0.0971656114239096
"cg21890024" 0.465429207251185 0.0827343551607776 0.112071147629232 0.695886106169926 0.0849660543631224 0.209423878001564
"cg20288570" 0.430909821854735 0.0927120161933103 0.0806223362341039 0.698603827930773 0.249421120304782 0.084116259000706
"cg01355089" 0.278652585307175 0.275296402914919 0.273233698159813 0.838004694468481 0.558646549885475 0.208508769026841
"cg21542303" 0.351622020707758 0.184351963007311 0.133613179041476 0.730737013284726 0.257055684758178 0.113732245086746
"cg00298230" 0.389365970031097 0.269043351030188 0.335212476125704 0.864812559360865 0.614490236392559 0.106623456527302
"cg11265696" 0.0787023297639521 0.248324119161176 0.189240348715043 0.767077168781805 0.274461112985352 0.384958153417263
"cg11977716" 0.100441946723242 0.0613053049843462 0.0495554092415512 0.638364635130171 0.22414815804697 0.105526019206001
"cg21697426" 0.18689672955847 0.0883459499712112 0.0812153151899293 0.695816387029957 0.379823906914062 0.0894330620511224
"cg10134312" 0.0877488347324289 0.0820661878325883 0.0761775872213359 0.659749438675795 0.170858139730009 0.209743757873794
"cg07692435" 0.531444288751484 0.150373670086623 0.18380078250883 0.855342313030716 0.526928002668113 0.111094314227567
"cg14364797" 0.554941701017806 0.163203913245072 0.0504323361371286 0.77546910906053 0.264978673211364 0.0551335236748659
"cg14080071" 0.259112771058866 0.0959061742587106 0.0905205160904058 0.713590019605607 0.107211257818146 0.203455483452327
"cg09912135" 0.117747479130423 0.0876176103410065 0.087136142550576 0.761037340659174 0.516255819848318 0.0925027494547561
"cg24957609" 0.166089872787909 0.128765836123993 0.100245089584711 0.802757335524072 0.518391822940239 0.112986617620566
"cg10639435" 0.489591567145751 0.0848939865720158 0.0855567642627199 0.846222375493574 0.474347699149174 0.0840879937555313
"cg24684432" 0.412049072602851 0.14378784596324 0.107877828927956 0.810488235611728 0.195283105913146 0.0978490450492119
"cg03795574" 0.0806595549566641 0.110101917552431 0.149490132225064 0.790217508282019 0.100592148817879 0.389711152918929
"cg23360308" 0.0877639060449758 0.0624451859396712 0.0638601026813826 0.736412525559283 0.0884894543436695 0.209306940477558
"cg05398700" 0.964583290500255 0.966165617347698 0.968328817457002 0.93383950879778 0.0761309293240366 0.96129439656777
"cg27546908" 0.982041035783988 0.978900897181138 0.97829143158928 0.895086204260977 0.085323032633066 0.975939896673734
"cg16802439" 0.97462684464864 0.97744317778735 0.979912712018976 0.780120974838033 0.0805876454866373 0.961306063117143
"cg16567823" 0.911767370535792 0.89774689508194 0.906510220015191 0.847286676507452 0.072158795796317 0.890160282141149
"cg22381196" 0.922965244761943 0.926103586848889 0.924664362196767 0.694707560831517 0.0595594167370116 0.91496270755019
"cg25739938" 0.902597950290615 0.90236735079428 0.908350001337616 0.888998254922457 0.0828664468194061 0.8814781695387
"cg00660167" 0.961519984846196 0.961838675817397 0.961796253604877 0.754188240181057 0.110883091364039 0.952216056987075
"cg19037107" 0.912338426743225 0.898212252126907 0.888259992765479 0.861895497627777 0.0840075228034908 0.884907739814584
"cg17143549" 0.894520918764685 0.886562137803958 0.889913759589474 0.805673838746182 0.0714365260380183 0.902377516056101
"cg00705730" 0.907566450165379 0.871266642845664 0.880421442341597 0.85860706298324 0.0810492509321579 0.894250013073165
"cg23946394" 0.917433199188524 0.902039314354796 0.915749033675888 0.831326546898254 0.0912959538028141 0.891407835551427
"cg11483312" 0.906994408682259 0.901418486650688 0.905138991494786 0.777754150491195 0.0805062504980397 0.895453179054666
"cg08253808" 0.886205386930518 0.913194950440778 0.912810884073582 0.761766024565963 0.0785725630192591 0.898715528118483
"cg20030158" 0.917056888395762 0.917162847515493 0.924620329822662 0.912330721012328 0.121622047292962 0.906673298884101
"cg27557168" 0.908378358973694 0.896807945671471 0.904052464188964 0.870559090358383 0.1003697472177 0.889167524827912
"cg00439981" 0.915616969346347 0.917974592079259 0.915712494758302 0.662787238441049 0.0716331810764014 0.90452496388767
"cg14547936" 0.917129777780932 0.908938039659082 0.912540411502569 0.740270451468101 0.0841548581656352 0.903270054050811
"cg06270401" 0.90519229693716 0.872023437557815 0.868710643358488 0.856399941114441 0.0785265937341978 0.852510423315148
"cg18023065" 0.9780020029263 0.973757761792228 0.976725949315282 0.399234738500469 0.0686142563415591 0.95809026978994
"cg13699412" 0.894714215307482 0.886535597251916 0.896378567152346 0.873444140993587 0.0942054901846204 0.872316720358803
"cg15878616" 0.973133002595829 0.972954941421054 0.972850873384597 0.553180842593596 0.100051673871882 0.959299242339242
"cg01899759" 0.891865304095105 0.891384089386268 0.907128104471403 0.862888000215674 0.100696875314458 0.889129968181297
"cg11181843" 0.908957357628604 0.898474101073844 0.916928313747555 0.835558489799522 0.105969767235064 0.905366392275049
"cg05627557" 0.874412031046354 0.870965149474855 0.884409846251511 0.712206185399116 0.05457496544866 0.859115182433851
"cg06398054" 0.923562042376818 0.919997223280169 0.921410520955657 0.634972064947218 0.0776849868330666 0.907347741046308
"cg10914422" 0.894139429050187 0.894040712273965 0.89099132460197 0.884240391773903 0.102821962842846 0.876998078718264
"cg11547924" 0.89484078354853 0.902088950987976 0.90821614179542 0.850680677673132 0.10470197045446 0.892084989136594
"cg10274860" 0.886195920112985 0.901420989942776 0.909709615220655 0.720400066201495 0.0786494421807342 0.892273746271241
"cg16649792" 0.884542428714963 0.883406610807394 0.900715456626307 0.819094353288396 0.0888236817968905 0.872123889741301
"cg20246452" 0.910281331396692 0.904340031931384 0.904937629042869 0.778665929516921 0.094961967656591 0.88830039553182
"cg17351890" 0.909912900080354 0.895322394466085 0.906566957014356 0.655467984321508 0.0725036394890922 0.902813059746852
"cg04572930" 0.943223888918321 0.946976320245794 0.961162950859721 0.435113127858527 0.0685297407622399 0.945308397368993
"cg03637218" 0.902947360258064 0.894054265431546 0.886824611585039 0.906746396189631 0.11356370794081 0.881204463129162
"cg04855678" 0.920664448827514 0.932656938423274 0.939483029322413 0.59092154118606 0.0667365809743668 0.834472073819804
"cg07162704" 0.899013117712854 0.909343241999696 0.914405634656033 0.688014132533019 0.0825321066473449 0.890260017131888
"cg05936004" 0.896459773459654 0.881630723117886 0.887077847942693 0.810951658470509 0.0885925940014485 0.857778833720716
"cg23169883" 0.97103325354814 0.969696828352133 0.97263334660178 0.406247088628411 0.0809625360403088 0.957737906641192
"cg14054880" 0.890166251009842 0.884261664920849 0.91340258399827 0.899885099527077 0.116817353890747 0.886828624936347
"cg04858164" 0.916228649916215 0.907525702426097 0.91558636127497 0.868208454536259 0.125568455905572 0.902139473376403
"cg15107418" 0.886783191746789 0.894218976147093 0.902084603255601 0.868954889850024 0.112390123295053 0.890453554707206
"cg09608814" 0.888641001819163 0.899156640690397 0.901320550609848 0.754294670416424 0.0923091122600363 0.892807751369295
"cg02490678" 0.90822858639535 0.863209776226816 0.870473319813433 0.709732006905497 0.071365474223203 0.865080262618657
"cg23700338" 0.885173418564897 0.899842768471023 0.87490478155449 0.853485229996452 0.107288155948651 0.880257364772164
"cg09781514" 0.905322213013879 0.90450528587598 0.899802427839112 0.808367855164736 0.112575873355124 0.900711690391859
"cg07984817" 0.889034948808183 0.879967231777058 0.881997214633745 0.763059780056665 0.0901751114723073 0.887378609364837
"cg07195748" 0.874761166471148 0.867815421421234 0.875270037030756 0.824815109202564 0.0913048466751492 0.864189500683296
"cg04524488" 0.907364563851682 0.888270323892221 0.890314023002629 0.762928878882856 0.0993263670432261 0.895788968908529
"cg13595556" 0.909915679634093 0.888690962993365 0.889732120046032 0.68602962001741 0.0761016103137487 0.849870995751582
"cg07223007" 0.849447145024223 0.869467288241844 0.878654834869326 0.834267117902696 0.087342753335472 0.849922327915077
"cg21713741" 0.905562305563319 0.90222685440609 0.912453515949178 0.647240031839249 0.0864494062289358 0.89925826702509
"cg08031790" 0.422340177087698 0.0709577182314082 0.0889471770107321 0.0528862080570444 0.717404011981461 0.3801252336617
"cg05594470" 0.172627681382576 0.33325578669283 0.274875644806947 0.175768170462712 0.805883450779754 0.459174146347141
"cg08653292" 0.103651762316293 0.238550502558988 0.396495436350459 0.535564139301951 0.881221164760354 0.544067437485223
"cg07920076" 0.0575831896641764 0.173840819841457 0.256872739567753 0.37805122762455 0.753864555156864 0.299816053948243
"cg09221159" 0.1462224396205 0.0703128486676317 0.0727703763962713 0.446123086749153 0.691764264987698 0.10390216377869
"cg16861615" 0.182353371281104 0.0654685080697179 0.0598303723562673 0.269819706104463 0.671090417869326 0.151043144415627
"cg01341486" 0.0611210510570458 0.387533021449255 0.519953734285399 0.0706941076714579 0.808669702205209 0.341990084323081
"cg02212836" 0.0835270436563988 0.295587668106798 0.392524618772615 0.167086767252408 0.808359926893221 0.450752741636366
"cg00661777" 0.0790680121321049 0.281554274172512 0.211471036913921 0.0894396845065507 0.689682581464768 0.100744405806592
"cg27058497" 0.174419695377677 0.0873001713846343 0.0555241104785454 0.237858121088552 0.660405075854252 0.0682798511604318
"cg15901239" 0.475744908238189 0.30838907009715 0.28478490031076 0.0938182180178016 0.809226924103221 0.190389278428782
"cg06883317" 0.290482901188494 0.132366613581185 0.259089949401976 0.621211540589912 0.824230802342243 0.146400744554593
"cg04194449" 0.163171422987724 0.305867542886076 0.310203419843718 0.102379052965566 0.814799618607938 0.469903840459885
"cg06078093" 0.29785880110648 0.18506050096567 0.327539082419849 0.126721319368477 0.795909992888268 0.284075076884477
"cg11562379" 0.0566979150357352 0.39247422051775 0.437316000726918 0.0617530831694504 0.789223954166896 0.200235164071307
"cg11311865" 0.0916770328275633 0.166705081609792 0.158205843857139 0.152999322558483 0.711608910070401 0.214887332815042
"cg06056332" 0.0635793132135613 0.0708821337606912 0.0651209709743621 0.392699772006448 0.686708189229953 0.0765867888545743
"cg11958949" 0.291433347068992 0.316642597664316 0.230291877529842 0.232439358993574 0.801291325998465 0.108721118173677
"cg12093275" 0.0667164984143953 0.124058765092567 0.116007531835318 0.0770992840902259 0.658533687532583 0.0871376539055737
"cg18128887" 0.0464293886596781 0.0387380624966804 0.0365407427368181 0.385344341312258 0.673540717228885 0.0416456829225879
"cg20593471" 0.187891104018749 0.0729789831279746 0.0705893335219523 0.415122078921404 0.730527676119011 0.0794522717266914
"cg11123646" 0.102841647794697 0.0678241369947346 0.0729758462880176 0.426246120893909 0.746549769281576 0.233702450725773
"cg18655807" 0.132064300095174 0.298522150860531 0.367473052972571 0.300477620756109 0.847989351431488 0.290492783065577
"cg19732273" 0.114942673163726 0.453927230167999 0.313416774871249 0.486064467551466 0.866879639426235 0.0904653560752275
"cg05983814" 0.371046316396185 0.114381842664334 0.133429017346192 0.172456895040108 0.749467419549454 0.0846174005850415
"cg21754246" 0.0717752727335738 0.405029554370352 0.447849269416696 0.0776415856897926 0.823516688459456 0.189840975296567
"cg27253301" 0.133242391101947 0.0621498512185803 0.0635523677709419 0.400904804647165 0.736952777700704 0.139311207886103
"cg14158710" 0.0930326167437738 0.0525372220842236 0.0577392456424279 0.350893189528197 0.703371873489039 0.0707443438028125
"cg16053890" 0.0467727169374197 0.250132360290304 0.309571125487349 0.328362768755953 0.828430535867232 0.273761356744074
"cg13404382" 0.0463673018263708 0.132483234799061 0.25143471256921 0.0652368251074186 0.710809913204325 0.108702503061471
"cg21264165" 0.0687504571087368 0.0932839760160575 0.169554543243854 0.0782831304894523 0.708735745401713 0.163473552887638
"cg18688142" 0.0626020404397154 0.308450683270225 0.191713487833541 0.295189139794975 0.791537808115765 0.0781821609366728
"cg09473788" 0.0561531246703162 0.267012122625866 0.166376176423178 0.23303465075798 0.776830157244555 0.104056612271946
"cg11354682" 0.0643125753658936 0.292268828414538 0.373079703514405 0.101645919426487 0.809968435745742 0.125868748411883
"cg04362419" 0.103032058797082 0.154772057819219 0.189296012252753 0.465283983167599 0.842854211443527 0.220595419682994
"cg16063783" 0.376555126300616 0.0656165277883282 0.0317372795583264 0.368804568139906 0.795533831048594 0.0457163563400764
"cg20687262" 0.100793423709503 0.103393296071177 0.124322780841889 0.459795357522583 0.812475198984023 0.145017869399607
"cg21512660" 0.046494634850972 0.360568782863204 0.499213368284349 0.0634452368159757 0.89386296514292 0.331197682033242
"cg23954655" 0.0686122283623115 0.0781575998462901 0.0843666301288532 0.12749270108978 0.745676249764696 0.15282741448143
"cg10699171" 0.0836464098717512 0.0692672195083549 0.070074804868965 0.548650578240548 0.827724980062505 0.0853139059443428
"cg26341831" 0.0525737211763556 0.202335085399006 0.0697403050036038 0.206741402460495 0.793468106239734 0.0927336367070695
"cg24197536" 0.0753800389934521 0.136302521893908 0.17328695263239 0.155296633709043 0.805652232148846 0.0956912408342816
"cg02155073" 0.0734054110235992 0.103783179555563 0.086592773025157 0.384332701181152 0.823114579377834 0.0634591843151176
"cg04449166" 0.0569846311417844 0.199623666280278 0.209065402872886 0.115108636646365 0.831096121543357 0.132962144270078
"cg02091275" 0.0726993289031665 0.0953805337583759 0.0889498074316275 0.10482631225314 0.784816417784246 0.0965665490324611
"cg13928272" 0.172094959448659 0.133312656937501 0.0905064878474351 0.118167629939227 0.857326220914606 0.301062299522803
"cg02330172" 0.0614555330112802 0.0746651299452298 0.0680181916585042 0.608419443942094 0.883342753235842 0.116921095967005
"cg12664761" 0.318713421851859 0.08034928541883 0.0933237476123565 0.177413783409019 0.871653063717795 0.112321289652748
"cg09993145" 0.252342828720612 0.0783938588443789 0.0452187291917189 0.0718603987999828 0.847195227500921 0.0511978329610972
"cg10613215" 0.0566341035421853 0.0685881697302979 0.0577596053744259 0.122125946887691 0.843789120348399 0.0665307596052953
"cg05875239" 0.925516320452314 0.928443370608069 0.909114867141398 0.936738966492351 0.936885444108065 0.0922013594874077
"cg13617280" 0.956480621520461 0.9501069381446 0.945892328416685 0.953594536935813 0.903026759951204 0.128942332897189
"cg00805874" 0.97128352337494 0.936848909577824 0.636454826006484 0.954564863785481 0.947926454135738 0.104676771640333
"cg03538296" 0.891951758430762 0.859320050443863 0.784748424122405 0.904047422303169 0.902975426180341 0.103023814757642
"cg26573274" 0.963174282523226 0.932107349650993 0.897200411047916 0.960173047444905 0.960942102782958 0.17757362354807
"cg24430034" 0.973822319445953 0.941779271689517 0.898354068176134 0.96731663710649 0.970641023786604 0.187399398035914
"cg00482026" 0.901192663030489 0.88293711213156 0.815087934500381 0.887617486169436 0.885350274816598 0.113923784022041
"cg21063192" 0.911463620074297 0.893807723860872 0.897533902731089 0.814944254849796 0.830996488869744 0.113966430827866
"cg15956469" 0.949843960972032 0.935847779634852 0.83746593016514 0.955365754943278 0.94942539582634 0.171704904678099
"cg20478760" 0.878182354276791 0.877419681664482 0.831644959904606 0.917590558488221 0.911014130591893 0.131834424236052
"cg11335172" 0.934423286326793 0.893210912188821 0.731626185618956 0.92474207206112 0.896887331811452 0.126418972895216
"cg18629096" 0.882965891744646 0.898707192760744 0.868414512893213 0.898080717173805 0.867579273619124 0.137964518110689
"cg14047092" 0.898125170516987 0.861215330727027 0.79611395452799 0.899966739958911 0.885666912372156 0.125486753226579
"cg27274718" 0.894717996022464 0.882819298522872 0.887726931400295 0.887926381312551 0.877724953206839 0.146755469654122
"cg12500857" 0.824684278762444 0.905905271737287 0.911687803247561 0.914402711736145 0.923790239734109 0.157889791816684
"cg10165241" 0.892500154399521 0.873846595889152 0.724781816719581 0.909946868559468 0.899813605808009 0.124698469335638
"cg15757195" 0.876738494422428 0.787596914481737 0.776990301818823 0.889399469771366 0.878782828613196 0.117948111767787
"cg00594040" 0.913050734669967 0.840087812081691 0.838841085538341 0.912443794539032 0.896310601667525 0.157457299061923
"cg05355684" 0.899013576830891 0.878538389889083 0.860708344081051 0.902544603314658 0.884021751097561 0.164658356285044
"cg07451522" 0.869923402058682 0.86429696577775 0.69843198609477 0.857378884475764 0.854278539158741 0.110935626897872
"cg19925256" 0.920417995612955 0.853220553237348 0.832783345696357 0.881534940765567 0.87410232589456 0.153727516862235
"cg12714229" 0.890112278795354 0.834963727847413 0.696303122464829 0.907648440241737 0.910584588626345 0.129779914213943
"cg13995453" 0.893631901306665 0.754245556303533 0.810422496996669 0.898845072950858 0.911284444291798 0.133554535050905
"cg19261633" 0.915945619145891 0.866435088976318 0.714367423705841 0.932637395474737 0.927148568624391 0.154747336252116
"cg01446605" 0.90969203587666 0.839949903881818 0.640559598304874 0.914438205916962 0.902995256840738 0.125626110290906
"cg22166025" 0.870429958492945 0.884752175931866 0.594426312133199 0.920779815458836 0.906610831339814 0.121246163467564
"cg07868339" 0.914582547691272 0.895076280091335 0.775666060486185 0.921182964661588 0.899724598764887 0.166873610022406
"cg23178790" 0.908823012486852 0.913121627066063 0.913907092986692 0.859265339425004 0.865383206889057 0.178083670317992
"cg21828319" 0.767136501448287 0.89286030984411 0.884906739174657 0.900485071198581 0.90202378223728 0.15560208944651
"cg08326410" 0.898243401266642 0.886411414565681 0.835356305055547 0.907169536360113 0.899544614977624 0.171477876169719
"cg05374531" 0.85550715712984 0.843602496475601 0.782024531143916 0.870917058413287 0.825294464691484 0.123183393359061
"cg24408769" 0.953565476615551 0.932449326140065 0.921397701309662 0.614476579178368 0.567470848124249 0.0898213226108049
"cg27309871" 0.889350959647073 0.869538695567298 0.658906596480123 0.901262271165668 0.897434015255059 0.13248214457934
"cg12811871" 0.623933751367191 0.925471615320901 0.622906306942439 0.959549596911447 0.964916442456721 0.111187838138658
"cg20657709" 0.886713936704439 0.86760738166549 0.672969989914957 0.89149634086902 0.879186423746683 0.130323756766812
"cg12389209" 0.906484696633515 0.892515008843442 0.768263925541925 0.906868308338688 0.899954265080891 0.165253546256642
"cg01806427" 0.896745625849892 0.853719284965835 0.778488257372002 0.748254234747207 0.843694452344783 0.116040311066302
"cg26275360" 0.847670079220892 0.84647113320439 0.792772559178554 0.881435131426133 0.883099429948989 0.142709466345821
"cg21695906" 0.89121293335062 0.862618851859051 0.79940871574886 0.885081654172668 0.806882320074164 0.142159355962447
"cg13917614" 0.880689177719936 0.903546567849455 0.899817867511025 0.913789305488655 0.909316338083546 0.19492577132355
"cg01784030" 0.877215690727574 0.886856271323961 0.719728773894365 0.878997528106949 0.845263947568735 0.138626887238546
"cg08609318" 0.892097307363849 0.845110324647922 0.841879572622765 0.826905600166546 0.810865298876708 0.139056001531368
"cg00949861" 0.834778907526635 0.84631242680944 0.846230603703167 0.836991220891745 0.836656573768405 0.136243534741576
"cg18546155" 0.909320797258847 0.894742981335337 0.853262384552771 0.91499979570257 0.904558861719778 0.191375282657939
"cg09571697" 0.820027485974119 0.885132801541642 0.858764916926291 0.893063355914381 0.898184582582696 0.168757193046325
"cg18584272" 0.924786936835219 0.89759281080512 0.898818073962454 0.920157216220232 0.909733398876401 0.207912481152252
"cg05108346" 0.879510179615345 0.874107936898038 0.689869584536355 0.904644074833349 0.875067185620908 0.143697054756765
"cg14058851" 0.89360338227824 0.878621297680062 0.876870081266934 0.800902531351062 0.756006436621773 0.141284158076282
"cg22312628" 0.781466768547312 0.814614914922731 0.74744189592704 0.893725904000489 0.859885980316872 0.118424906027409
"cg22394014" 0.893833620599956 0.854003541623564 0.605451453128994 0.901328426322236 0.869729257158485 0.124964077352466
"cg16893868" 0.123973028245869 0.196162429699528 0.235547139117241 0.0687896649863302 0.0639594503712316 0.575403696249715
"cg03317172" 0.0672254718306776 0.305827125539906 0.330141329289975 0.0753246670040773 0.0604247968405836 0.608541634220695
"cg16897937" 0.291781515536415 0.301100078904826 0.438511249571013 0.0583180779320936 0.310618849012813 0.717990936959242
"cg21095779" 0.122549684989359 0.130412843656037 0.309166602896984 0.423260500579172 0.373764585037546 0.704783588005765
"cg05085499" 0.0523945381296372 0.0881904523023539 0.276382365778241 0.0428695564314918 0.0568812580907909 0.543021478962035
"cg06930511" 0.195752631999053 0.270230925731348 0.349097567422012 0.0914242559885476 0.108688589057006 0.649358944291454
"cg09060260" 0.330966648535743 0.0956396775499226 0.149098998431187 0.261605925730511 0.157912794191736 0.642330893236848
"cg24088496" 0.389523395413928 0.231256470680219 0.351547210669821 0.264630264970888 0.418283395574684 0.774736233532623
"cg11546475" 0.0685379700204242 0.213407147477922 0.381240542244032 0.0743463021445952 0.0761778907385924 0.612996777111739
"cg10096215" 0.100805974136531 0.13635776184908 0.326483914767707 0.100431223353419 0.0518280107326409 0.597232087338347
"cg16651877" 0.267751738570902 0.305110309456814 0.541238863919023 0.100645429286172 0.237466365476356 0.745946940662023
"cg22897715" 0.123459909464315 0.18695001721796 0.139721136010381 0.0531195261535329 0.0537106083782879 0.569448371903625
"cg13271663" 0.319396569303523 0.418014029634703 0.494684941036969 0.362026006059683 0.375447694470005 0.851447045209475
"cg21568513" 0.256512104919692 0.273037229557099 0.386377161638101 0.148872829541488 0.525616152544324 0.773640299830134
"cg03141232" 0.127621576587414 0.151846635840237 0.290982297578026 0.246903490566222 0.239300724621089 0.667493642869259
"cg23911723" 0.0837025011218442 0.353712761994009 0.299069502646063 0.0701428089288396 0.0771168864167436 0.64322573230106
"cg23045908" 0.0888753539486167 0.140671852377924 0.14420959482377 0.129999326912111 0.100843423922929 0.585165391683358
"cg25719851" 0.373825760580109 0.226927328632028 0.416376712999123 0.261963995404439 0.157911276588618 0.752617928564622
"cg19065555" 0.305284824096156 0.357894625958461 0.532111122297415 0.14736200140807 0.142337808829198 0.767311465661251
"cg21069258" 0.473710841187922 0.24787881783593 0.295750181210551 0.131287456999625 0.159961153659642 0.730373204435427
"cg26441038" 0.497828645163768 0.154388783209714 0.254857173108465 0.0894607998691324 0.0821217626894433 0.683080930500808
"cg26274118" 0.512886730596974 0.224823237787195 0.207930552311972 0.105918418327138 0.232532769771281 0.730703916411008
"cg07245367" 0.200698969581698 0.319819694495717 0.461947357097859 0.310272761333495 0.176932473112568 0.776469333405893
"cg06832898" 0.107773819977651 0.236389978788513 0.499757581172174 0.138244845050765 0.0519667155921485 0.690989132830571
"cg26348226" 0.0541122318776153 0.265853838873001 0.434885620149819 0.0720374842672076 0.0881022124091114 0.671494049234424
"cg25887844" 0.323703845525794 0.170222536859625 0.27218102268882 0.136824281513299 0.0964354887409927 0.69425907619956
"cg13344434" 0.533632486132604 0.255764167641281 0.285748203631204 0.284784840556587 0.0671223028486041 0.783889443344077
"cg14733053" 0.14287574490753 0.230688031802353 0.415199873911165 0.0736510831407111 0.0675789449167764 0.690237862065564
"cg15694422" 0.160704395444618 0.358990115817729 0.222981323407556 0.0687322463468713 0.0767889796939947 0.704410023820781
"cg09821769" 0.416145604803561 0.248506828362904 0.200113164633143 0.332437806053746 0.301904066379168 0.820868252841896
"cg07675477" 0.268579511674304 0.16128554361155 0.248959650137603 0.177699595301771 0.204315003312716 0.735164682527642
"cg04179740" 0.28913940935432 0.131842896628624 0.334435156885423 0.0727112635320183 0.069424726634618 0.705932606635039
"cg27345524" 0.0585417377712733 0.0790628077434688 0.174636433209858 0.336348375721094 0.277900918849154 0.711237858339489
"cg18179862" 0.25955501606623 0.225909252124718 0.474379051337826 0.28324892339132 0.171791869892861 0.813413332137928
"cg09001226" 0.164060317633734 0.3712698128885 0.384180847074657 0.0485354953129711 0.0531786519323538 0.745723304315127
"cg12273325" 0.0812884596860924 0.225723103137855 0.385755095732349 0.0603850576225265 0.144875270132837 0.719716567360189
"cg09385401" 0.141306510877717 0.133421380157062 0.2854836735612 0.0777522751750144 0.0749851256446303 0.681683344015491
"cg07381806" 0.0845945836706922 0.226081359590022 0.51042977608094 0.115610597079103 0.412787098221002 0.811691697754778
"cg23617037" 0.0638285976963655 0.159417404602306 0.293317885581821 0.0697307739986737 0.0657904033649868 0.676136818721255
"cg21917089" 0.284618045746469 0.237442573434149 0.497488204051686 0.0552292815641043 0.0569897656606987 0.775491972241762
"cg26971042" 0.0720869220637428 0.115456136675103 0.191821850604229 0.100406474893453 0.122160338442843 0.672651678718029
"cg26824234" 0.0746600496431303 0.104481512429076 0.143898229975684 0.121155002232087 0.176827056742053 0.686444334645296
"cg13292942" 0.0503235183928675 0.402338970695641 0.445115290821371 0.0876967658331745 0.0643552665597343 0.782057553597295
"cg22442430" 0.139126681042544 0.131996818531277 0.145980393840886 0.171106150451677 0.308443094398732 0.75289657338709
"cg02411354" 0.0623908103489221 0.199759992023657 0.421069630718786 0.433550462225626 0.207233879707407 0.852185961297878
"cg18881723" 0.0683845144639716 0.070292867400896 0.196329626115235 0.0631098690227089 0.0776240740195382 0.687476427219807
"cg16801547" 0.14156455839941 0.193466383358615 0.24610087981927 0.0665802279684723 0.0562736122126692 0.755249338312615
"cg23781022" 0.0794214598801275 0.0816116899391905 0.201750898077076 0.0651943985540434 0.0885801902912206 0.716699840374417
"cg03906910" 0.0750493560842449 0.187788975765262 0.335401862612215 0.0682822011306624 0.212558538234453 0.792901266908833
"cg06117093" 0.191990258696102 0.16832603775401 0.383977753229061 0.082784212685214 0.100722655224695 0.830649988475532
