"GR" "NK" "B" "CD4" "CD8" "MO"
"cg05398700" 0.0761309293240366 0.96129439656777 0.964583290500255 0.966165617347698 0.968328817457002 0.93383950879778
"cg16802439" 0.0805876454866373 0.961306063117143 0.97462684464864 0.97744317778735 0.979912712018976 0.780120974838033
"cg25739938" 0.0608613323066196 0.87673472110092 0.900012211277289 0.901024371886355 0.906064120460094 0.886039356401517
"cg22381196" 0.042748620903212 0.9125004873874 0.921778184765184 0.926204473489529 0.923532805949221 0.686881444588395
"cg19037107" 0.0608045699859004 0.879534375455539 0.909392814092321 0.89599626106517 0.884507269761861 0.857038456613667
"cg00705730" 0.0557478525483818 0.88798925943494 0.90190116910524 0.865676510187408 0.873633993977063 0.850567214470881
"cg08253808" 0.0561309393820359 0.892991611280177 0.879970902519757 0.910339656042966 0.90885238171833 0.750035865976381
"cg06270401" 0.059153698820733 0.849560233009871 0.904990408045803 0.873544037871346 0.868631179875391 0.855574433152044
"cg00660167" 0.110883091364039 0.952216056987075 0.961519984846196 0.961838675817397 0.961796253604877 0.754188240181057
"cg00439981" 0.0484061071537001 0.898263475731879 0.910819454351058 0.914511698147549 0.910897353744029 0.640775989527569
"cg04858164" 0.0894970906633831 0.894171409112276 0.909460461765557 0.9014050481851 0.908615454502786 0.857855693495976
"cg03637218" 0.0799836099218126 0.869927463146709 0.893583660614346 0.885326900256252 0.875976488173795 0.898104205340585
"cg05936004" 0.0649255743017422 0.851680979006504 0.892857921540333 0.879263051876571 0.883948266874885 0.804141253677576
"cg05627557" 0.0383174756929327 0.852861982871492 0.869694707394254 0.867771908730492 0.880347883278235 0.701573112612432
"cg18023065" 0.0686142563415591 0.95809026978994 0.9780020029263 0.973757761792228 0.976725949315282 0.399234738500469
"cg10611016" 0.0749245666261561 0.905073943986917 0.906616178320572 0.909158867239294 0.917006287752255 0.670975846327435
"cg06526020" 0.0897608353281042 0.886909966031756 0.893442580502438 0.884036375053859 0.90793662731316 0.812485019256744
"cg13595556" 0.05526896168527 0.844312288236235 0.908053937365358 0.887917445654356 0.887694924177238 0.675521686929385
"cg09342997" 0.0707070481073146 0.874495403879528 0.885354300187386 0.871108653340644 0.880447172750836 0.769905519596342
"cg13652008" 0.0845032570698612 0.877560872614267 0.90076097307658 0.893894356286093 0.900820687992729 0.775583181119941
"cg12483340" 0.0673936107605778 0.810844342304663 0.888244052974131 0.884272659723836 0.892354184081305 0.784231461526027
"cg25600606" 0.113539467075335 0.898459266000649 0.904688745149751 0.904197471636608 0.915299745757406 0.872288862945056
"cg03340036" 0.0650151498348223 0.880778883884795 0.882683946267861 0.869947988419041 0.885864286736932 0.724448179955069
"cg08154963" 0.0667078819666074 0.848650191237654 0.865372527449469 0.865062694981154 0.876402680079622 0.789337090004727
"cg04572930" 0.0685297407622399 0.945308397368993 0.943223888918321 0.946976320245794 0.961162950859721 0.435113127858527
"cg01692842" 0.053405043008823 0.834672525849176 0.861739963847857 0.828736308823701 0.835370377315317 0.808737426538861
"cg04855678" 0.0667365809743668 0.834472073819804 0.920664448827514 0.932656938423274 0.939483029322413 0.59092154118606
"cg19935471" 0.0863095378604758 0.86128385245314 0.874521472586876 0.862983503001051 0.878690912380993 0.845334699430238
"cg23169883" 0.0809625360403088 0.957737906641192 0.97103325354814 0.969696828352133 0.97263334660178 0.406247088628411
"cg11014468" 0.126210977235835 0.891196301021107 0.909195097748069 0.902284905253943 0.911070226119164 0.901990736857831
"cg15878616" 0.108183028975585 0.954375332422813 0.968579348314305 0.968075623809946 0.969155392267552 0.551411059007861
"cg22481695" 0.0818219947377228 0.877718517807849 0.890569285519579 0.898582208418169 0.889021133642179 0.725560046578265
"cg21792134" 0.134133915070501 0.910037424186366 0.917509311451592 0.915686405139935 0.920000737740895 0.873280486285709
"cg13468144" 0.0889477519949911 0.873658352848778 0.901700149242232 0.769737091365992 0.875137800982037 0.902071284964465
"cg17852482" 0.0817417581712976 0.833083647245671 0.871109214032582 0.860687478218562 0.866264671098155 0.837798824450883
"cg02021919" 0.0742260602859098 0.871627989476057 0.888552241823013 0.876327166833442 0.883568740579381 0.703675375688563
"cg13178361" 0.0878171738232292 0.882852118517599 0.887405330107144 0.895519642173988 0.899854858486078 0.719127483335622
"cg15724534" 0.135956865557258 0.899822773365213 0.909318922392428 0.911079599005564 0.91877348670765 0.889724139152036
"cg21685770" 0.057304258535729 0.874669184897873 0.822316320055621 0.859008670814371 0.87562472696783 0.690921858640843
"cg24504014" 0.103065322659559 0.905925443790423 0.925552948216504 0.925679623158708 0.92792309838162 0.658761485868458
"cg23819411" 0.115231980851293 0.912241862885754 0.886757119055372 0.92613702097847 0.943598033585344 0.737738920749812
"cg19055828" 0.0500234327755674 0.883650099845833 0.895322326212656 0.894402931673084 0.901654444690158 0.499309403555454
"cg04919592" 0.112915417168856 0.901256233744487 0.88284328462934 0.899485096478731 0.918238953076921 0.758873911516795
"cg11671363" 0.13096715412586 0.913883719169161 0.941302062197869 0.941676745303156 0.949372603619277 0.696051441491467
"cg25074794" 0.151877527793359 0.916635164272593 0.934546010491148 0.924385078083701 0.93490645104408 0.842100522911807
"cg05344747" 0.0809430168450848 0.886581907385997 0.738310581207086 0.888976792607267 0.895762028452828 0.782100817422273
"cg23661721" 0.0593413518383363 0.869294714529311 0.890301998102095 0.872036027782763 0.880039038159259 0.569465427024342
"cg21285555" 0.0704469258049843 0.781137025603566 0.86706808601872 0.858275157356354 0.861762254378864 0.768185782711329
"cg04609694" 0.0923347783668081 0.866307369036075 0.857940279132018 0.864322244146731 0.87493437344427 0.781091703069928
"cg11070172" 0.204991245399397 0.954466613304477 0.971054479762217 0.966671835244379 0.949789901016948 0.962318677532691
"cg12459932" 0.961893358098611 0.557227686482983 0.699340371246738 0.781106542336517 0.570519122528505 0.617639598060786
"cg10274029" 0.709506875083679 0.36502685448165 0.386842074181328 0.303296238292975 0.427843998799375 0.435390901301136
"cg19942083" 0.436346761441337 0.0646022514090075 0.0863000843272409 0.0368691221848769 0.0337867709176383 0.289875169540401
"cg03055671" 0.519859646230825 0.0931682210844193 0.294334607024488 0.0650550502984186 0.124630604174472 0.319492988872968
"cg11992736" 0.450239179233313 0.0557971904738205 0.232269647022169 0.0646033500888907 0.0590181472280531 0.12347333208503
"cg05551825" 0.398544728275404 0.0311341917303109 0.058690846325506 0.0312004926409647 0.0272726017962985 0.0947599212731799
"cg14082886" 0.532349680068373 0.23168631068059 0.307407071792259 0.0557369064080218 0.0547870640068101 0.275689748760832
"cg07754940" 0.599048463763639 0.269233290388141 0.32517987006702 0.215580938999505 0.196919400016019 0.22634894212368
"cg13203135" 0.434318583345641 0.150215806329595 0.0529064965116896 0.0587901957490202 0.0518748253321924 0.0678691043479119
"cg00221794" 0.533538717707078 0.089957808493157 0.0543226921973348 0.254124218427874 0.27374332958899 0.185072776206509
"cg10880902" 0.545326527205361 0.0691264004817708 0.323241015130415 0.0884269660771243 0.083810733697035 0.330681051665882
"cg18865207" 0.442042905017565 0.0448323723303876 0.0418166270950194 0.046435164939395 0.0434546121029098 0.150014714545457
"cg24590708" 0.549086202090747 0.0956877425054334 0.151032832361669 0.111977366776191 0.103364247946737 0.399937163456446
"cg15459165" 0.480753391274991 0.0771635651085771 0.0318201898431709 0.0774186172940469 0.047438975401138 0.279592498557227
"cg26169783" 0.602933410379565 0.201276671983526 0.299259380735076 0.231791909963753 0.278166237804841 0.0866605677628221
"cg13525276" 0.441404930231103 0.0589547051723634 0.0458453731412116 0.0579234011859833 0.0448022763578145 0.0802428579255378
"cg01447475" 0.534765380701968 0.109528019622475 0.0269786480456024 0.235313218904632 0.321134902090087 0.034520561551931
"cg16384864" 0.616919294671151 0.124274212234574 0.30430843269422 0.13247126920067 0.177186944735248 0.38781930270898
"cg23911637" 0.751966396356731 0.310799665280562 0.469293453303109 0.310221012955689 0.16151746539864 0.529347000614561
"cg26283496" 0.839220053975114 0.280644272319401 0.602106291800571 0.431042370615917 0.476777066330042 0.414328636160801
"cg11906021" 0.789388581716738 0.240831180319561 0.471399260519565 0.465089247883872 0.401283309928005 0.317857212470974
"cg08608952" 0.759556198796069 0.274360895001013 0.407518281288205 0.376899026816402 0.331497551612735 0.360411075186627
"cg13654573" 0.720625446402201 0.236489193333601 0.303601277934747 0.237891643787124 0.233887805409926 0.512682946959176
"cg21057323" 0.669102979844877 0.295174924757897 0.331976111330674 0.142046893305404 0.152733105721942 0.336648971324936
"cg21221767" 0.520656916340368 0.232231922110016 0.0254163509937208 0.0541519007598306 0.124365053676955 0.0654814360129986
"cg19016694" 0.577576247071809 0.070870726385959 0.15321649098368 0.06392574714254 0.05978046979923 0.42490084881483
"cg05021589" 0.643832694076613 0.294209599324165 0.0527123865733305 0.290165514087422 0.359283855913182 0.0620005472113483
"cg25474235" 0.593309224687118 0.074755198873913 0.126276953804401 0.050109770722414 0.0508513228156619 0.466863326410281
"cg10825315" 0.519825110075016 0.0521832965668411 0.0457434999424335 0.0562209618214247 0.0434276324932741 0.0630642708741315
"cg07248223" 0.632682779140444 0.0876131211827696 0.0894712933808257 0.0933787133125842 0.0751415006304857 0.445147420351543
"cg21761853" 0.626515105144444 0.096337154973383 0.230347259982978 0.164485399836626 0.107551353776956 0.126879738913432
"cg11630392" 0.655464495812867 0.0752330666798799 0.225719895630429 0.0653945807718969 0.0601756635018572 0.44276571535835
"cg16047279" 0.623617132288405 0.0614255095492031 0.0525470739055727 0.0555550950446702 0.0429809035128883 0.448991904056243
"cg08817540" 0.682234414465208 0.272829625034929 0.382538539488537 0.0749439906149245 0.0947795166278087 0.0667209819171173
"cg12240358" 0.866277006891834 0.525159456325801 0.108679767021606 0.370988688269443 0.501160597515923 0.281683274557971
"cg15474337" 0.635622882553683 0.116718524315809 0.0391021924782159 0.193048295642308 0.179709318063633 0.0425377889909928
"cg00661777" 0.650262960171241 0.0754677315650472 0.0542311275690473 0.233142220521638 0.166325800722465 0.0643144919054435
"cg03722295" 0.720576202455726 0.103660171760917 0.352322893515364 0.119024445852132 0.137685810876538 0.231410122998899
"cg00795812" 0.782798271130205 0.495688389316561 0.38243479338153 0.0747659966983434 0.0847830632705639 0.228657197032644
"cg09221159" 0.68233643922933 0.0839645440499213 0.11915148755736 0.0523681938502837 0.054400928854074 0.424920701670587
"cg27058497" 0.642082987307781 0.0527193853475039 0.142801971204552 0.0663034331699969 0.0395573711983669 0.205413311769891
"cg08653292" 0.870164247759762 0.510944329736806 0.0764436341424613 0.201345770260422 0.354983876001785 0.501155847188344
"cg02212836" 0.811637455728899 0.438580682870206 0.066572265920925 0.281219371496303 0.380884369918555 0.148516679670475
"cg18128887" 0.66655114027335 0.0466581787928019 0.0526765368049146 0.0447456627579481 0.0410408917522007 0.389381811565889
"cg23280720" 0.807428206373566 0.291614156500546 0.220850145913944 0.0379840344704748 0.0358212728019693 0.579194140661086
"cg11354682" 0.793469413248654 0.0995210776444717 0.0444818673834181 0.25317281992319 0.33226580879354 0.0761661231321539
"cg23954655" 0.751659285839904 0.13611887562169 0.0547163964870346 0.0641933660882058 0.0694983907072007 0.111211511132005
"cg10699171" 0.814134688744172 0.065890432062665 0.0613626213249957 0.0497631830302555 0.050135420529784 0.520136486450167
"cg26341831" 0.790921717325821 0.0763788946947166 0.0387641407446884 0.179750463841737 0.0535586460606252 0.18340828601722
"cg09993145" 0.847195227500921 0.0511978329610972 0.252342828720612 0.0783938588443789 0.0452187291917189 0.0718603987999828
"cg05875239" 0.936885444108065 0.0922013594874077 0.925516320452314 0.928443370608069 0.909114867141398 0.936738966492351
"cg13617280" 0.903026759951204 0.128942332897189 0.956480621520461 0.9501069381446 0.945892328416685 0.953594536935813
"cg00805874" 0.941682983296455 0.111554930237285 0.96657375635675 0.929989318935353 0.631129984085193 0.949409975654339
"cg03538296" 0.89145484886932 0.0825145322359778 0.880740164212513 0.847319179785557 0.76367083394848 0.89423137433364
"cg11335172" 0.894094324379084 0.107724969633243 0.932693986524878 0.891705814870383 0.722291419529256 0.922795138366172
"cg27274718" 0.874644643170348 0.126805463271359 0.892079079673196 0.881336309317553 0.88486274964314 0.88478704996752
"cg15956469" 0.94942539582634 0.171704904678099 0.949843960972032 0.935847779634852 0.83746593016514 0.955365754943278
"cg26573274" 0.955696551845749 0.185641968056294 0.957620563773741 0.924331787637201 0.88968074718656 0.955275919621779
"cg24430034" 0.966330723645668 0.19553874513576 0.969415074932444 0.934619851051555 0.891189977938075 0.962818070033924
"cg05355684" 0.881244496325823 0.142924852023927 0.895812797393732 0.876949931564761 0.857199997203343 0.90013289680772
"cg12500857" 0.923790239734109 0.157889791816684 0.824684278762444 0.905905271737287 0.911687803247561 0.914402711736145
"cg15757195" 0.875964988234074 0.100488069267282 0.873359071723258 0.783810376800275 0.770449057634989 0.886459829440653
"cg08326410" 0.898341510149495 0.148187067615919 0.895214270916375 0.885614685709692 0.831215194979526 0.904030137333856
"cg21828319" 0.897660763881218 0.129512927846273 0.752820835296895 0.889505917607705 0.879510628895815 0.895341995297063
"cg13995453" 0.90227103142824 0.106965872378994 0.883632659036686 0.733896932464206 0.792034393351313 0.88988318963839
"cg27309871" 0.890947514188938 0.109681772623778 0.883272057294634 0.864089464393668 0.638083050358536 0.896000417735249
"cg20657709" 0.874721191010936 0.109316942667352 0.882459438153923 0.864566291198887 0.658408667525049 0.887252157899661
"cg26275360" 0.87714106762962 0.118816460786727 0.839458603087463 0.840968628433076 0.781976520241822 0.875618476337117
"cg01806427" 0.840619684213623 0.0988711912759065 0.894539295518327 0.852453551119759 0.773067788065276 0.741639541055778
"cg00594040" 0.896310601667525 0.157457299061923 0.913050734669967 0.840087812081691 0.838841085538341 0.912443794539032
"cg24410690" 0.857980922275233 0.169602963971586 0.900240312427279 0.896182772994354 0.902895984244376 0.886185359381903
"cg22488278" 0.895166551154969 0.11603285094787 0.779883556999728 0.875347160305155 0.714209916955103 0.897536488732868
"cg22749642" 0.894230303650354 0.0847157269471633 0.867444304791599 0.821876788876173 0.508665494505686 0.916396906921396
"cg14058851" 0.751741305343436 0.123080947268481 0.892085760255463 0.878978719134713 0.875583779235415 0.796762555735739
"cg13209388" 0.848664271154329 0.137787955783146 0.839485942588247 0.890833608973864 0.775785767010516 0.8971478625058
"cg24408769" 0.567470848124249 0.0898213226108049 0.953565476615551 0.932449326140065 0.921397701309662 0.614476579178368
"cg09261289" 0.901593540163663 0.138354327795004 0.889226351150722 0.853642660623218 0.70328599971693 0.900615332515663
"cg16316183" 0.696928439720503 0.134684945336439 0.885668226782563 0.893302793790765 0.879471358419189 0.861154842202189
"cg02240030" 0.889752792275774 0.13828860630238 0.854778286825024 0.852876628201133 0.753686118371906 0.887130662573699
"cg02384859" 0.894658617628464 0.102701024523554 0.875073286180031 0.821895474877338 0.551525524747587 0.903010663203293
"cg01416168" 0.894930181191924 0.159051429565245 0.883114949358634 0.871324063730628 0.782423172082313 0.894580373873647
"cg00829063" 0.902872312061405 0.135736236632883 0.910776781889021 0.675668520567554 0.84067923861052 0.906108012142683
"cg10796068" 0.865198975203542 0.104479971782737 0.833400112595369 0.813882523090378 0.660467471079622 0.878445033975887
"cg02195105" 0.855211402257611 0.136448575663481 0.8447555955106 0.852930271683868 0.793993957213126 0.857808425241824
"cg06202778" 0.848772117281898 0.0819611667056669 0.878064416866178 0.820097784218674 0.561462547460907 0.819452580030851
"cg18310515" 0.875653590722906 0.110296058338224 0.881223252211917 0.798171396376109 0.626682788366447 0.886941525643926
"cg05148385" 0.873057123135571 0.154029366551776 0.875497175166675 0.845954141575666 0.811436030838355 0.865926273577794
"cg12811871" 0.960116481986898 0.118306286251436 0.618657442024822 0.917213556061694 0.618097083251402 0.954579294430532
"cg11650164" 0.788202219759768 0.106137267204082 0.886976965429704 0.786050996172076 0.675278579475878 0.881996465723068
"cg21180201" 0.845428498624754 0.135865229819315 0.804336589219925 0.850670059080669 0.795495311441754 0.862243611481188
"cg15241779" 0.864863935641649 0.11652169766994 0.861517010635465 0.814956236543851 0.63812213825507 0.88200368295515
"cg19915997" 0.863991491469198 0.150578382500219 0.855302530340666 0.833661571616145 0.809484130865597 0.867821045126018
"cg13917614" 0.901154407074216 0.20320338411136 0.87115137502952 0.894384535910594 0.892531650965226 0.906416663047317
"cg05653887" 0.854355886159118 0.0978414701395682 0.868408105067172 0.790149461344211 0.552093028616739 0.871739554423603
"cg00719568" 0.862768184076884 0.0871247842195973 0.674220309144848 0.804894574127519 0.658595773253593 0.870580070539427
"cg06040872" 0.853523952399499 0.113765201266792 0.904277542154174 0.822584118035122 0.512343522194343 0.902543155008071
"cg02480298" 0.880928258107681 0.181667668743011 0.866079467546009 0.853730653198583 0.845420549229348 0.892037658828553
"cg26012482" 0.847556638041479 0.0787508434675042 0.846380355198339 0.68593027622282 0.588640284104455 0.863808408992332
"cg01940139" 0.884225051302756 0.108896253315954 0.890392808966245 0.724738049483885 0.580860127848735 0.898271434236143
"cg05593759" 0.885506545533958 0.135488161111093 0.773546099750422 0.821444926919056 0.729433202782143 0.888458291138634
"cg11115622" 0.0753402275108394 0.545303578796028 0.22024680349125 0.168705282795045 0.304073323255437 0.108773657017184
"cg11666534" 0.097629069595716 0.553914676480178 0.084051061196397 0.273940598256834 0.356994748531755 0.0884497870706854
"cg16277214" 0.0495235544560501 0.448708301425254 0.0664298183448109 0.0635190076068892 0.151567223318819 0.0444353716382768
"cg18786123" 0.0299574969058164 0.43934663909693 0.0699575931492586 0.0763431586604242 0.109210666589581 0.0288777049300009
"cg02417427" 0.202079923649388 0.765757107508739 0.290459456143443 0.517167333434236 0.476098552300237 0.423819046953227
"cg06317348" 0.0885308310597772 0.516477410759274 0.204355472328086 0.0977000665087066 0.180483295951648 0.0934223908920411
"cg15773312" 0.040459281406438 0.576870856118361 0.338581970495996 0.145014360854702 0.299164722685611 0.126822135954019
"cg24690709" 0.0648395168542079 0.523059351240898 0.0378044610226154 0.121761764536439 0.365581166771407 0.0473924158361415
"cg10879992" 0.188073835682593 0.603985059953571 0.158363030196269 0.239336091267908 0.333145788168877 0.0942860816248727
"cg09747445" 0.492528636257305 0.830341129866789 0.317394403700927 0.404508046949509 0.458193269301943 0.476606226948897
"cg04910877" 0.201120528967773 0.621853697384099 0.175981953621176 0.312105590374082 0.255082144689789 0.141562569200401
"cg23398076" 0.0673408696460772 0.515521543636098 0.105851303460954 0.142256503560689 0.179243490540771 0.0626271544189018
"cg15975802" 0.0686623830361694 0.573008426573223 0.254974571575579 0.12424250133031 0.291445009153864 0.110573505390776
"cg05376738" 0.328280187652652 0.616308804007021 0.317154789217865 0.115406254868607 0.237121187371928 0.0749826898532719
"cg25020550" 0.279256121424676 0.656724521306498 0.268854555144515 0.25707019944331 0.224321024360252 0.226495049836476
"cg00695799" 0.0673483682418628 0.551216166968734 0.0412043088100489 0.173633241137652 0.33276662250752 0.0988869648859757
"cg16013543" 0.065117673639822 0.508859588930658 0.0552856757506424 0.0861716183423128 0.221479947967079 0.0719220802954357
"cg27437304" 0.46499518099001 0.81493287092484 0.4285998644265 0.371597734776951 0.588782336153327 0.177340862775256
"cg18886071" 0.0462636081647781 0.48900134497064 0.0634666995656374 0.0594580868185791 0.145226031264978 0.0815045214211109
"cg11930955" 0.317642236773811 0.617321772928207 0.21282942983624 0.0954490092931493 0.178370908062118 0.235496283826678
"cg22589728" 0.169271928647395 0.683332052437784 0.230155428114375 0.34442919667082 0.462130493124279 0.128372414890683
"cg13942283" 0.194345677120172 0.745023963782429 0.357403346752232 0.460447953695245 0.413773079285696 0.206966882943256
"cg03989617" 0.0751000836781421 0.564281623153957 0.116512694180961 0.171488981994388 0.299463182586975 0.0739899383818579
"cg01447281" 0.0503112018785882 0.531852074745856 0.157055245090861 0.0809263298983645 0.190874269287481 0.0601397022998603
"cg14011327" 0.0546659606039183 0.502364262415124 0.0578774659061305 0.0881752034887056 0.090598917195006 0.0607972346120774
"cg27122888" 0.0507089155194903 0.540783100012372 0.103771696447778 0.123031265283078 0.19525099684098 0.065882045801714
"cg07978738" 0.111062061747126 0.553790644326382 0.0954858145441473 0.082891345543259 0.194844691468198 0.106734866588877
"cg16893868" 0.0443172483875285 0.554602537717122 0.0981527311673222 0.167260234884331 0.204374436427677 0.0518233851583571
"cg10096215" 0.0340324212434606 0.571295513566267 0.0765102807534075 0.108986439754121 0.290549858882099 0.0778294883697697
"cg22897715" 0.037310896375761 0.555280200875065 0.100911982939245 0.162580273360452 0.116030152495873 0.0400021060620812
"cg23045908" 0.0701374755357807 0.554713961430225 0.0635138443522237 0.108853139300633 0.110479688533938 0.100961839828488
"cg24138325" 0.132404506488852 0.768863156537919 0.201554917446655 0.483219366600151 0.284238319265472 0.38014021865895
"cg24088496" 0.381636729138487 0.761706346777561 0.357271198201488 0.198882441716021 0.317549024457447 0.23050514436416
"cg16651877" 0.20850181489088 0.739468369343108 0.242783667782855 0.284792595979135 0.52907285314563 0.0819960300292793
"cg24315421" 0.0370170166234745 0.691920838862073 0.327182267484103 0.247979416715034 0.439232336809484 0.046991590827215
"cg09284949" 0.0862951898702082 0.704923883019094 0.137258182719742 0.393213499253536 0.429320253329893 0.0495006188731958
"cg06832898" 0.0519667155921485 0.690989132830571 0.107773819977651 0.236389978788513 0.499757581172174 0.138244845050765
"cg25719851" 0.129402721430468 0.745018798744048 0.351380429205636 0.202422228715708 0.395707551144686 0.237126448609084
"cg26348226" 0.0654772001231858 0.660392557998169 0.0393401130520215 0.241999221168989 0.415972912092152 0.0559816102853569
"cg15694422" 0.0841697008176578 0.697754509670435 0.168261737126649 0.365142099373514 0.230952375309064 0.0754236404274523
"cg25887844" 0.067934785872912 0.673245028949576 0.284651501287552 0.138167814725859 0.233597012184812 0.108868267094575
"cg04179740" 0.0456151490816279 0.680675819555213 0.245458545860831 0.101241895746444 0.292551890157987 0.052647497839465
"cg09001226" 0.0531786519323538 0.745723304315127 0.164060317633734 0.3712698128885 0.384180847074657 0.0485354953129711
"cg07381806" 0.412787098221002 0.811691697754778 0.0845945836706922 0.226081359590022 0.51042977608094 0.115610597079103
"cg07675477" 0.171405206218178 0.726412058598508 0.239811112757632 0.135988712853101 0.220887450430135 0.152674835644646
"cg12273325" 0.110753739528629 0.702753701560285 0.0595784404734812 0.192742569068265 0.349893571209363 0.0439398401003474
"cg26971042" 0.0928526698984231 0.653553184878279 0.0533660836157151 0.0921480316168341 0.162320422169025 0.0793517298957063
"cg22442430" 0.308443094398732 0.75289657338709 0.139126681042544 0.131996818531277 0.145980393840886 0.171106150451677
"cg18881723" 0.0576105217042147 0.679945655339517 0.0521547499061958 0.0550443703909766 0.172510673183053 0.0487227081834973
"cg06117093" 0.0766935344923056 0.825374866736092 0.166697694680384 0.144480524766405 0.363109970389711 0.0655352466992721
"cg25131632" 0.945155852714188 0.930191573353867 0.0684907224016515 0.908940809105343 0.9093900959857 0.947080039806776
"cg02212339" 0.942628590186186 0.945855587976196 0.0896983800954273 0.935835806042268 0.941801041203842 0.950370653341549
"cg19276014" 0.939475554162395 0.935325683787646 0.0895215538267931 0.930609154647839 0.943647107959144 0.929079572788946
"cg04828493" 0.95379845113336 0.863766807525234 0.0685955383216627 0.941122726590482 0.948027718282148 0.842483943978516
"cg00464927" 0.953500540609291 0.950900886154745 0.114548526540585 0.955407446473597 0.964498459053176 0.942730047251163
"cg26692003" 0.941876244558146 0.94816499182076 0.112628141129149 0.948201007287916 0.956814509397953 0.946320813231588
"cg11661493" 0.86685330270288 0.872397268484078 0.0447876903781041 0.874601233012725 0.889959315695691 0.866808950116125
"cg22212560" 0.859911387398423 0.894510953073416 0.0346468390664434 0.91338411703012 0.92154924858214 0.717376021360936
"cg21596498" 0.867976504001625 0.893333377286296 0.0635576510244023 0.899494583945549 0.906751890816041 0.888405151295047
"cg13738327" 0.960734656369652 0.93738503309818 0.116687811787035 0.932706984551632 0.931007944683017 0.960847571005495
"cg15241519" 0.92928313402607 0.914479236042183 0.0739092716800736 0.913542621395381 0.892521769799376 0.851359608662189
"cg01024458" 0.913190140379045 0.879998352206676 0.0471060819895285 0.810405307593326 0.855389008026515 0.909879679526991
"cg25683989" 0.870911504141687 0.861010177645834 0.0569351324177282 0.885131397026686 0.891902579427568 0.883872621064032
"cg11699517" 0.941981234180276 0.973709031021247 0.142783485850435 0.97372115010153 0.97647490863441 0.954408003037944
"cg20602300" 0.897730447834817 0.893917535929014 0.0786646251972238 0.894604097228619 0.90260426311993 0.902557337204278
"cg21248060" 0.927686288106215 0.916093756608692 0.111726788608339 0.933721816121297 0.939807130161034 0.937345922590716
"cg16210395" 0.894495094284861 0.863308860369377 0.0450265499356253 0.838883882224671 0.821990958139589 0.899663882128293
"cg15348679" 0.839882845516914 0.911221941224165 0.0522751459397232 0.818110892112799 0.943600451280779 0.839749058882812
"cg27106643" 0.914173775798465 0.915358551308562 0.101110035755254 0.909972231544156 0.922552726219275 0.920792242357518
"cg17768768" 0.950092996743867 0.960811568091219 0.140470768067863 0.951714920152391 0.958829115438529 0.956809569295908
"cg07768103" 0.966710387045735 0.934875345770687 0.120230156408561 0.951876862254746 0.833453813032379 0.967982765281469
"cg23683962" 0.899547982915623 0.893857373591156 0.0885758667845579 0.898529381473646 0.897015826784649 0.905834204997556
"cg20943999" 0.956803202928345 0.953221713443782 0.141609776961605 0.942618371218704 0.954714682284326 0.952906441073296
"cg00760938" 0.846975196699919 0.831800612629694 0.0424720767766342 0.849669444188382 0.858232028377584 0.864727186921465
"cg11774624" 0.904356271265744 0.898508627898266 0.102662345289844 0.904334951167992 0.917308313558145 0.922903241905696
"cg26552743" 0.825257225149943 0.832113927847657 0.048164634135764 0.878031186045128 0.882897303886617 0.848860078664302
"cg07721872" 0.870512525732988 0.843570660379122 0.0555080885976762 0.833768795355041 0.872610963293522 0.88920763734303
"cg26810157" 0.866432966511993 0.751507022080019 0.0496417585106871 0.883889949010865 0.88029738506226 0.88795211256026
"cg14936008" 0.905470315733634 0.911823747575629 0.105403021437753 0.90968806738521 0.910587097467776 0.911943675558248
"cg16148346" 0.85673485975117 0.852072818787125 0.0609140970180195 0.865138033518055 0.880845497770141 0.865184801716112
"cg03860768" 0.857399196355181 0.85106448183664 0.0470065775579325 0.833256047550511 0.821719189123583 0.888618881208013
"cg15035590" 0.89008403620331 0.900371836481433 0.0950832399484529 0.89414812212971 0.907311923968413 0.892299617259113
"cg13823257" 0.872530786079588 0.893580850267774 0.0820654629657267 0.878896055851165 0.886884905654933 0.88549316283957
"cg00762029" 0.931022338390713 0.923632093804147 0.127595144561611 0.927472783066204 0.93159727988235 0.92997586201477
"cg17232476" 0.863040681858352 0.862208253047058 0.0563804865773618 0.864329637300362 0.86419161595408 0.829665192714151
"cg22498365" 0.886021712012375 0.877564302205482 0.0726119241510417 0.843399507637861 0.869275046795134 0.888456658421001
"cg19260718" 0.871251758522961 0.867577414149031 0.0748148006526092 0.874065941909357 0.87981995058742 0.87169726146722
"cg27304328" 0.804559593002044 0.870139364496824 0.0594242128729819 0.882061844606192 0.884088395882599 0.841650889330674
"cg27565966" 0.861048977859386 0.778738745645924 0.0529453447176757 0.875313874153835 0.867858888140282 0.86688658301783
"cg18664915" 0.866754854498705 0.881594737450868 0.0796460138970843 0.880893967528693 0.878327726573493 0.878874629324349
"cg21743182" 0.850450701994674 0.821146643006719 0.0507821423675491 0.835924147545771 0.862531901265522 0.855852914548566
"cg14060402" 0.867871223790579 0.885082070030013 0.0877702634096206 0.883501151035094 0.888377385893322 0.881244231742092
"cg15532942" 0.863545184216597 0.848288899940897 0.0626965540604477 0.829379190119051 0.845000074160321 0.888881804808152
"cg04947949" 0.898055639671219 0.88276199681295 0.103185403291724 0.885194476759447 0.905529342382936 0.896974630055401
"cg16654610" 0.853885984380292 0.872937569393938 0.0657857941592294 0.837620761945766 0.830758644879382 0.877050119697983
"cg20666585" 0.8832330053624 0.799183772100227 0.0622783393676702 0.850884504996873 0.833746269133123 0.882096200658836
"cg26795340" 0.820416817546252 0.826132229912609 0.0429892800462743 0.837826843336957 0.839345334144058 0.821201753993548
"cg05480110" 0.94003488674686 0.929855829412463 0.155556055938096 0.941559134118192 0.949886158478852 0.943530163896382
"cg26438284" 0.852177417369738 0.865048891002791 0.0804110222959329 0.885440876076399 0.835739853978622 0.885277744152744
"cg18067520" 0.782252312431913 0.834642385919629 0.0388722096906735 0.87477865484619 0.891740945135634 0.722226139217522
"cg10057264" 0.0786243936866911 0.1567084497505 0.63678969778869 0.0665892548595295 0.204460410288644 0.124925788510028
"cg25110523" 0.226337199693057 0.0922385357745715 0.799900803956996 0.50204988401693 0.249285849295107 0.331308690868669
"cg02304370" 0.402232836902726 0.656960395221468 0.885392934977104 0.242515409476367 0.221477752849969 0.358545007250393
"cg27492103" 0.0569194631357811 0.44233317181591 0.723549396954505 0.0959714674170749 0.0767507950121633 0.387693424955364
"cg13660174" 0.281534014332297 0.164465481469324 0.708486710943395 0.0599094461510128 0.0587508518083913 0.407982265372281
"cg27507284" 0.0546932551991176 0.102152030551562 0.726325299717803 0.426710837199149 0.333748996553321 0.078880779783987
"cg12459502" 0.23171655181432 0.288353139554463 0.831960012369203 0.466110089425347 0.466500875458443 0.0692984154483872
"cg10054641" 0.335428807575106 0.0603836336645311 0.721031367458258 0.130371895243779 0.0654152641514037 0.392739920570253
"cg25518868" 0.0415360554239814 0.124631962576114 0.591389194826801 0.0492638259947313 0.0504744612332209 0.0588758935066635
"cg06079564" 0.188959551003236 0.118936066399185 0.770265582098872 0.115600588470274 0.270030496976596 0.512227040076488
"cg08061598" 0.357328031794259 0.102661304201052 0.801755346781958 0.190951467190036 0.219907717133385 0.470999771440529
"cg12870750" 0.0586657410077893 0.141120039685868 0.664400790452904 0.0536768453634286 0.0612933580417166 0.33872135796683
"cg10546888" 0.376694296873713 0.0695876919482276 0.771784347451584 0.115867829375563 0.0840790861963475 0.547801845628418
"cg21291385" 0.0793663073077288 0.0817241453489396 0.706937328173877 0.192380007466202 0.153418163652159 0.338121137143705
"cg03261800" 0.21679846255134 0.20948747707001 0.799653692698347 0.296711199960539 0.369000901665841 0.212668342784592
"cg02779913" 0.0337560012610819 0.22254298601406 0.728131201893727 0.369516172615944 0.254662432636324 0.0424917520698087
"cg00052684" 0.4283456156823 0.29519286603088 0.793350953215214 0.246543485913575 0.243441074669466 0.0613547161526764
"cg13924996" 0.143190230836493 0.0820852540418402 0.758319999386713 0.473896997952079 0.111896420843941 0.240809284974174
"cg15595502" 0.180316436477517 0.469062495298727 0.85666144148326 0.409653160565271 0.28684903092923 0.219466624467306
"cg08698943" 0.400986416912006 0.257588362106074 0.843668396394295 0.337844199282152 0.381975770202084 0.100338465943453
"cg01054402" 0.0710172128834073 0.516569972541328 0.764966094726389 0.10447236284474 0.122804850747947 0.295268397173741
"cg14018471" 0.124550987003117 0.317655476072477 0.737038664160127 0.115380446218283 0.223635459690264 0.174297217768343
"cg05517541" 0.202494086878849 0.0466390336734957 0.672694973941021 0.0881838513908393 0.0412751827348667 0.23954623127492
"cg00970435" 0.0877333929884569 0.066107848961518 0.696374864440832 0.197142602805482 0.0874182982511889 0.274486622366421
"cg24536818" 0.0888787260643002 0.189654986523069 0.705856356598696 0.0839315070081442 0.296808392703565 0.119500158263768
"cg20450123" 0.0699792740649124 0.094007942820869 0.739749067107938 0.320843110045198 0.232290511967809 0.191789864844301
"cg15087459" 0.100417175473255 0.46138792866867 0.769217238359076 0.104053049839008 0.126621896635793 0.2990015528912
"cg27049094" 0.418331095540014 0.344492930793009 0.881563548655815 0.100664343885203 0.186868393169054 0.617344565565824
"cg22677556" 0.566480145139769 0.34164172374471 0.797014458490092 0.0730736227128979 0.0646243394231136 0.181348507380702
"cg03798942" 0.0942222156443202 0.0477784534477424 0.763143203369433 0.106425522270848 0.130112283238778 0.539462640629127
"cg02734358" 0.338066692566512 0.0570510989140041 0.749081617609391 0.118742073557878 0.216859163725894 0.0404569716083802
"cg08682625" 0.0615069907014776 0.552691413124656 0.855482600545469 0.292131563497198 0.288808819578695 0.0846026291397799
"cg25336765" 0.056278243375795 0.115350165492524 0.859788973085812 0.557571120549906 0.375230041430724 0.0758886161596315
"cg08560387" 0.0347996124742667 0.0389268189520597 0.665207431852623 0.0440071945762176 0.0388483451739168 0.0456652625270227
"cg09300089" 0.0478544000851213 0.0753340283674889 0.80410694468055 0.409856638190982 0.196471093874882 0.0638664910903571
"cg15906007" 0.0624535320627665 0.0557743704344175 0.736297869280401 0.0765048885778567 0.0559603337113437 0.227111740721827
"cg00058449" 0.19277272476521 0.0476455005486965 0.928150278880616 0.582598802822413 0.226251637537242 0.331119010800692
"cg25616055" 0.037369055224648 0.104756915389098 0.723275544047283 0.0651391310036242 0.0959826065663508 0.085640956295425
"cg23357708" 0.049032620155829 0.10046124663606 0.803140721870414 0.250527099923199 0.242870969445356 0.0607113904026258
"cg00619207" 0.451885882419614 0.0698687687340387 0.816662248085146 0.0689734790015282 0.0631835284966278 0.106287991894658
"cg20317872" 0.614045492629408 0.0781634852026971 0.885999587412074 0.0519860173876981 0.0477149569023296 0.312390180616926
"cg02606840" 0.0344906664369748 0.0413118076015785 0.758658290408791 0.0493652617826273 0.0364748516578061 0.234414396909786
"cg07635227" 0.0304057384588576 0.413026712812821 0.830519360410094 0.138650734749056 0.12169702337567 0.0385816810251276
"cg01156249" 0.0450654882071335 0.593034378889562 0.922335210790679 0.28176726868464 0.210763611925134 0.0538025968717306
"cg19268695" 0.614678769989491 0.0681342489536833 0.867429768970004 0.0597988745037053 0.0576713634732051 0.118449296088642
"cg03429643" 0.0447471144509319 0.0531979477810381 0.750463783188891 0.065577316329491 0.0408454732781205 0.0755706201506453
"cg19269039" 0.327269419143755 0.0596745014882958 0.838598766572809 0.0492203168823851 0.0421000048424538 0.106659938005395
"cg08864105" 0.0983196434631532 0.145638779695882 0.87251226706608 0.10703015489875 0.10805146692966 0.110740644497621
"cg14317609" 0.0638449214480298 0.0755083633544306 0.849183442901715 0.0917255327639697 0.146727369253677 0.0610114035974655
"cg17266282" 0.0730215987402246 0.15622410408276 0.929299803678613 0.0936455383260267 0.17780270640884 0.0842413851181336
"cg07679948" 0.971206299321401 0.949244815961278 0.967281762361017 0.0856431726888226 0.352173919460515 0.973803827795431
"cg00366435" 0.905170051459841 0.866188052777456 0.899686896119694 0.0975453682309907 0.539602386156158 0.911501582088665
"cg14477767" 0.89824839612905 0.858091699543632 0.892675705241141 0.146298267582818 0.710434597355983 0.906500673900269
"cg01874152" 0.898359714003619 0.814983046303829 0.802817724247507 0.0751127579011815 0.323957900524583 0.912214157882424
"cg06915826" 0.869172178255058 0.850789695207729 0.878104703333131 0.077399175004028 0.243938785724482 0.888546971159412
"cg26852712" 0.93625258971015 0.887243179499612 0.73512796318793 0.124587746004296 0.417928861802667 0.93789593431546
"cg10240150" 0.825438609025774 0.79226533770293 0.865982540561364 0.0778648425056046 0.279553796308913 0.86988759400867
"cg15564619" 0.743685479465614 0.911095092572863 0.907910854225013 0.0740164291103532 0.351189870516938 0.6789141922117
"cg16871561" 0.479271017050163 0.887776051247224 0.915858945154958 0.140067915741264 0.786555492081041 0.816146283540831
"cg16173109" 0.861663809725429 0.820903903426088 0.855164319108841 0.111426698284717 0.321112507876112 0.864772874617002
"cg23723835" 0.891840117158216 0.809414539687488 0.637814302551175 0.0814977753225237 0.334192594411158 0.893117344741192
"cg25893560" 0.912467866914382 0.679606694710423 0.922146460886066 0.150478056884037 0.474808414569496 0.917690920484451
"cg27583604" 0.832721125490851 0.875697318686267 0.7891269379799 0.141460498489907 0.480131201606469 0.883399603389317
"cg05070273" 0.90252636344312 0.886463741165253 0.890808117022015 0.181139336309355 0.452824444372408 0.908957637434361
"cg10782923" 0.853159413846648 0.829291566628852 0.862730971625383 0.136067937658072 0.377174964431509 0.865890658043409
"cg26166854" 0.896574395638824 0.688864935898901 0.882455989842883 0.108536849036755 0.28711539294075 0.891958223798894
"cg13651908" 0.830610680127213 0.780701274421044 0.844653586625833 0.116666226221339 0.356916883722733 0.859630032249365
"cg05074138" 0.853252443876455 0.83987248283616 0.855335020508154 0.134146127640588 0.328737170723992 0.877009396672978
"cg27519392" 0.855553885610442 0.817222914631852 0.863535445144939 0.133181256670012 0.307949632823882 0.882000650836477
"cg02661764" 0.785848284761037 0.870533645937707 0.83105409771033 0.115417190746854 0.379151652139039 0.763899581737367
"cg06329392" 0.941089014099572 0.924057532415502 0.951360470609268 0.229626797549151 0.425728588656296 0.956974637413393
"cg01154505" 0.969418698757694 0.953461246652505 0.829111342464133 0.280021145682479 0.727471279883487 0.97072168491165
"cg08884752" 0.764448591421836 0.84861334612926 0.830262494256426 0.103126128071486 0.403392354471004 0.71858157528799
"cg05357209" 0.809974797794155 0.733287843166407 0.78804232606177 0.11595824695887 0.444988960996708 0.834511262187912
"cg00620024" 0.888592749066455 0.860266471910476 0.867210169999642 0.166199043754353 0.332411627250489 0.905389504085775
"cg09722826" 0.866009450652068 0.819131612412825 0.870946441684925 0.19055669106191 0.547503808092276 0.861108759014911
"cg26848442" 0.846380809719435 0.82222251601755 0.701466976608506 0.12562178887909 0.500121013045738 0.760924482531889
"cg11162888" 0.879845970428367 0.853729784248489 0.897902709537955 0.176651719965722 0.339315114573109 0.899656627007203
"cg25599673" 0.876794283683825 0.870822484645618 0.840389870045718 0.197404734825976 0.477836253894856 0.891388519095181
"cg01040649" 0.892909296855439 0.841482987419723 0.764341244503859 0.171454833269793 0.421827941365531 0.901546301362223
"cg11465943" 0.880671544215963 0.869731083871891 0.866338383765925 0.219934523515223 0.525756890918138 0.902577344721817
"cg10837404" 0.918462032074389 0.903628426218982 0.915110178027249 0.281364426479433 0.702363162871607 0.912453086112819
"cg00440980" 0.866662422730593 0.740888818687707 0.866862285776598 0.152431916845759 0.424122718374701 0.807889710390862
"cg09526469" 0.86762748982991 0.786141907950656 0.605384165300987 0.0966676607119583 0.29303758499192 0.875235457391474
"cg24662823" 0.895308535275641 0.672139234060664 0.910542212246395 0.183447534102731 0.463245416146078 0.911576595524636
"cg23357533" 0.872350387789104 0.86995425934447 0.888957065823878 0.208060289539404 0.446987436064673 0.886099088931195
"cg16417028" 0.830435318408376 0.808486307242942 0.661539248578007 0.126505025605402 0.386193006908529 0.863862601678894
"cg21005240" 0.856566115729438 0.800636998369905 0.81858822174729 0.182593834293336 0.484632297479738 0.864929864251151
"cg05617307" 0.889050930055091 0.884010855751273 0.887820091049024 0.267918192705237 0.710043637609443 0.878842662960054
"cg21845390" 0.878557139751232 0.847371077886788 0.880474077825899 0.199475964325526 0.39737992029343 0.891408115634557
"cg07970799" 0.915571232042645 0.782580994184275 0.916328210432896 0.212919550953008 0.412327252402109 0.931642307993218
"cg18700420" 0.862362748797233 0.823266401246745 0.83408737706489 0.174588229240513 0.365346056078249 0.877920098878918
"cg25416125" 0.833423377209659 0.821472368897346 0.839345276504091 0.169509159885814 0.388963602131602 0.854100084847925
"cg16193207" 0.851488565073074 0.80658237628916 0.869948981309138 0.176492373842338 0.357037267833782 0.878027982046158
"cg26707718" 0.886287008205276 0.861132729907586 0.882253456940561 0.215231891819192 0.423710277389637 0.887861986725566
"cg27423838" 0.811559081242025 0.764085610283049 0.767602110199034 0.155812771984387 0.496825255699559 0.802899784665194
"cg11710595" 0.887924228230098 0.84141583234053 0.870879230892215 0.226772175035331 0.512883525052655 0.879248828668088
"cg00103299" 0.818447670861344 0.765027710668837 0.715660659012888 0.146749080028772 0.452942239069395 0.831047570365816
"cg16230121" 0.840495839260646 0.787736189281985 0.838683694697216 0.155121692227705 0.298884048688012 0.85904377093288
"cg04347414" 0.912503095174857 0.887548246109902 0.879369062740276 0.240829243005257 0.441909539315807 0.930601055134746
"cg16985778" 0.0461829129884187 0.250472491224474 0.10935696350212 0.616485476753304 0.427460155398788 0.042264751209591
"cg07881210" 0.0769782466379537 0.207043222469059 0.197218782892289 0.62892980430426 0.36478148666435 0.075429864148476
"cg22305268" 0.247334028534384 0.306583626585228 0.360721535388491 0.81369306413943 0.658837015310204 0.271768352032471
"cg12244275" 0.0428903664343643 0.105151307526132 0.186820102485414 0.611100277408625 0.433712658610718 0.0618378154735337
"cg21690450" 0.116457072844854 0.134806943686648 0.169721757099554 0.634461072831738 0.417347020966091 0.104856191059147
"cg27027151" 0.160953934846676 0.125768175153331 0.0474682594257925 0.59354019777455 0.24320722394638 0.153782991879737
"cg04307083" 0.116720251713884 0.0537545993504829 0.158268207441746 0.599225060768054 0.306129488013762 0.117032764045008
"cg23279756" 0.0721690918440224 0.0566008120698173 0.197302649716854 0.599969595260573 0.350895653666464 0.068755172081752
"cg04264075" 0.097138836975804 0.171976893806258 0.364491041357633 0.672558532942689 0.366796099544196 0.0870910434345585
"cg18729298" 0.060391802262606 0.0733203340387436 0.143374321846623 0.592192058110305 0.353548416885317 0.0549509030660321
"cg14913610" 0.065167605133136 0.228524987096233 0.15659383695902 0.647214505801868 0.447790955996958 0.0571907522907805
"cg10204320" 0.0600608477371314 0.232579139048047 0.157902431956792 0.653328099888519 0.470050112556241 0.0485621647815289
"cg08645860" 0.408427788434393 0.11807473558521 0.236519725007411 0.767126278716418 0.566102721686472 0.207142829203801
"cg11230435" 0.0426588284824486 0.0520240274630182 0.110118667014516 0.598496199936202 0.438034939490069 0.0473985191711331
"cg13133835" 0.0493716042456254 0.0968515571535625 0.111546264969115 0.599719710440998 0.386585640306009 0.04902009642023
"cg26737223" 0.0591646310692541 0.292398484550382 0.0463604938875481 0.663276020726126 0.44444455447731 0.154100359405022
"cg19933595" 0.0399126568879805 0.106424342784444 0.0644186439576773 0.556116590724681 0.210238114291082 0.0357286600176909
"cg00431549" 0.0499272153130704 0.0685730357250256 0.178790057060008 0.635745545693678 0.499405723456986 0.0548625239223202
"cg18055007" 0.061352903554421 0.0741648521957269 0.0860447386035475 0.572211618210074 0.250094108354235 0.0523424738190575
"cg20194973" 0.14091915167144 0.0986046473608132 0.47101191291193 0.711898842118959 0.353989818963132 0.152399945782417
"cg02402946" 0.209930890011127 0.102265829418481 0.096250008121859 0.677372925181841 0.390644951407171 0.242683118742326
"cg04244970" 0.047608393594275 0.0793270547720674 0.336409930263639 0.638833052217793 0.296413558769307 0.0566562308404192
"cg13695076" 0.116225054252789 0.0984129391095178 0.309423483376172 0.680058185091157 0.398812889157174 0.0899622074658212
"cg26501007" 0.398922823213475 0.118951515755582 0.0951709825092572 0.712961103441308 0.453044796171959 0.108065532134313
"cg05255351" 0.0675838646681187 0.0769889229395679 0.12033372857868 0.645731576655145 0.495967587195444 0.0722841560680282
"cg11525052" 0.0611362865836739 0.111174970431372 0.210801620918332 0.60470879953102 0.174440091036377 0.0641850678506041
"cg01449715" 0.0397014280052439 0.150400104212907 0.0626924160557181 0.633228772029135 0.470105901553708 0.0392553985050394
"cg14729344" 0.272623962223015 0.259503614321547 0.314551850131965 0.834469153735168 0.663976727516398 0.25544929208722
"cg26986871" 0.0427201357163037 0.0487594236996767 0.104486513695823 0.539164026362034 0.0403886387072197 0.0425271716056878
"cg00124375" 0.0439745770411749 0.0591296700291599 0.0691612241857916 0.589023518701044 0.316327397996549 0.0378008667483489
"cg11467506" 0.0447646125944457 0.0379568834639062 0.354681173384643 0.638674639156282 0.249223822503178 0.0875048582377639
"cg01288337" 0.0732760442459948 0.0855274062914721 0.398432046576513 0.707472505576063 0.445919969760016 0.111342830363634
"cg07837085" 0.0479599182256244 0.0777664586395765 0.275240158282813 0.636216370828951 0.298307656174368 0.05663668954316
"cg10152449" 0.108672664183878 0.0708092081223096 0.338849504001588 0.690290705520545 0.412915489444998 0.0771215807137643
"cg13060970" 0.0807326838044928 0.100638838696275 0.0808321406269901 0.661736632849388 0.521784099785137 0.0690771035972532
"cg00026290" 0.0286719732141475 0.0412649196546222 0.0299767813851742 0.630067757439384 0.509622300494139 0.0287838532744798
"cg24706505" 0.0677026519158715 0.108917067765463 0.198554319667751 0.701118386675682 0.523253160862103 0.093488132733898
"cg24904788" 0.0538914632553508 0.0727016732795274 0.270427856319942 0.674827417745488 0.409031789362668 0.0510608157454887
"cg15232539" 0.0849169927066703 0.0977322051566828 0.250392743223209 0.706341821299432 0.470085828208981 0.0807989879498392
"cg01987702" 0.0604141925753934 0.0865695861379464 0.0787360094928586 0.670562151888022 0.494859576193693 0.0689408673088083
"cg21069500" 0.183057211441727 0.0777685524913369 0.0560361390941838 0.736813085376754 0.534437096558946 0.229741587058898
"cg04642300" 0.0450854465291831 0.0599361731557726 0.123081145623499 0.670141146672532 0.477035377907856 0.0416883205373489
"cg10099758" 0.143603022766208 0.0830175167836979 0.107957771693464 0.725786731111494 0.58763005546159 0.0810247273529661
"cg00421624" 0.0854956158831248 0.128494564013262 0.402197671747344 0.772384020131287 0.503922433964977 0.0939630553680404
"cg27485845" 0.290450429165549 0.0959352810050829 0.155097152510804 0.716103394333703 0.28591603747454 0.0823060986232826
"cg09662852" 0.0504380447244514 0.0750232778090979 0.15031599730078 0.734747959939402 0.57054050902944 0.0543308466700508
"cg07350262" 0.0541391030827891 0.102931712971296 0.0721751070833445 0.732235864483562 0.527358828953445 0.0580161431265876
"cg14564351" 0.0513735504238803 0.0667550138110316 0.145663887174372 0.697177892774845 0.325773092116351 0.0445350723913354
"cg00113675" 0.0808893956033823 0.144761380184766 0.102390542263955 0.787878723065648 0.629317230747316 0.0805197234793618
"cg13468685" 0.0449522727831104 0.0900726413766999 0.164240545721447 0.833564595398636 0.579102046768881 0.0462943599093846
"cg00219921" 0.884636283595569 0.864340303392598 0.906568691894348 0.763252870026797 0.125804770868781 0.893228628302938
"cg25939861" 0.859517372567244 0.634700519016569 0.853948833308584 0.77808859835758 0.0823570400553186 0.857686879218383
"cg11531557" 0.893835480914657 0.84567925665602 0.885467532544403 0.516557875565104 0.10705115066945 0.903641970573828
"cg18857618" 0.872268758576214 0.865360538632813 0.852676475285644 0.773510558526346 0.19201650000206 0.887258096381626
"cg02324835" 0.856883784179966 0.74771343853953 0.857724827032705 0.328521142404725 0.079090323004072 0.86586220195051
"cg22512531" 0.875615471569583 0.406851508059449 0.887423625426349 0.478896286678892 0.0712913858120618 0.892760813609027
"cg27316811" 0.96769253499678 0.93594082633734 0.932045477960241 0.448451908620371 0.208005722712472 0.968450230828621
"cg04329870" 0.859876853010341 0.825366564521107 0.854580094790608 0.814690237270846 0.22854389676624 0.862155064042468
"cg07661835" 0.78696769530751 0.801744540243525 0.80355719742095 0.36063860112979 0.111807611514335 0.806124328499607
"cg07016730" 0.830126000904567 0.753961616478615 0.658024921335008 0.576738869237502 0.168066120792838 0.839476184814871
"cg18174654" 0.849894680961943 0.849229637453516 0.835668104415894 0.732615607062557 0.267855915193626 0.867183526972521
"cg25350872" 0.905245778614331 0.680252709106154 0.902030842256573 0.796700135530493 0.289061725288507 0.908703992950282
"cg11067179" 0.834433741093089 0.840315358369234 0.788227826124315 0.79984446437989 0.290234613236356 0.867592611498722
"cg18782488" 0.850571621387466 0.724429459940888 0.581634466296028 0.572913688820542 0.177408131376634 0.843704591022107
"cg16235995" 0.838805860084809 0.532903228591527 0.860744394529507 0.634280822909308 0.209107625369657 0.844753729055698
"cg18653534" 0.839132031332257 0.733195252737245 0.772941272326317 0.389121906074225 0.177307596700448 0.809770876963279
"cg16681873" 0.745680786883721 0.739248236293892 0.794413494547764 0.514304246875295 0.187979396168256 0.782217740731726
"cg01002223" 0.908967320445807 0.884024338754399 0.913674406275318 0.805560364847683 0.369408545356276 0.915723339149447
"cg05496363" 0.853854264376793 0.84982178793861 0.852918776884442 0.811311259747718 0.351625889278942 0.875832334384859
"cg06419846" 0.944966326154104 0.94336896095082 0.956811923161286 0.915256224139884 0.448401793287753 0.961107566910408
"cg03318654" 0.669827151595607 0.645272184773448 0.668539613359444 0.668798037089796 0.17527204258835 0.692467357982637
"cg05723552" 0.817559002807949 0.764452951381645 0.751190548059582 0.462641238145984 0.232184746593244 0.856479746535101
"cg25535316" 0.840962050510761 0.773185641544308 0.751867642657316 0.569645050164198 0.265604183688917 0.851719080213399
"cg01123946" 0.887060309239778 0.853433145119295 0.866234607449224 0.500690344033471 0.309179428584876 0.894259986528756
"cg09654116" 0.851915498118294 0.742186134372601 0.837280273438613 0.808719544877776 0.345964631070092 0.857350605893065
"cg02598071" 0.782567289283321 0.749109933319087 0.817215872638737 0.547016310814314 0.272412800206158 0.794882622632028
"cg22494876" 0.88670310970073 0.782177711208426 0.746758097766604 0.668656167523544 0.339291341977262 0.896584139835172
"cg07702659" 0.842243700456503 0.813821406267758 0.830144922300132 0.743084995348673 0.359804206742076 0.839442859545456
"cg16596052" 0.932177487254661 0.940149143996205 0.945899956701321 0.680060534675383 0.434776458314428 0.953416040890995
"cg13543915" 0.77253983909902 0.742891130996269 0.762944532420274 0.703351076126652 0.303963646724048 0.78396048001693
"cg08769189" 0.59201372480765 0.443233257491844 0.802414610151738 0.573200419021861 0.17962335857231 0.706530891878587
"cg24345747" 0.515020912479964 0.531782760598117 0.501916472308993 0.663161036858315 0.112548974139962 0.541770955688602
"cg25235205" 0.819251668701632 0.818033889578686 0.82192304388432 0.589107464992521 0.334265347023779 0.845140663474586
"cg21220520" 0.632962047023299 0.576303677057788 0.584555635162576 0.461124811361305 0.143476176234432 0.658110725211704
"cg04227278" 0.795618262355747 0.706696775981334 0.682443545687993 0.469057674254883 0.260055187294993 0.836750189595788
"cg16754613" 0.551493834567592 0.697780311039574 0.77796247074425 0.395130602253565 0.162447295470084 0.572636996164757
"cg13068915" 0.822137980529068 0.777280891412567 0.760420196912872 0.69160817951271 0.344655636608042 0.832485378755526
"cg07690127" 0.456409067353724 0.722153637137798 0.838677127032073 0.536829271632945 0.184679466020678 0.511794189844334
"cg01097768" 0.757787316334119 0.672849091359618 0.651641819321769 0.416776494254911 0.215410704520486 0.736431646890931
"cg23325335" 0.707410286542535 0.579792989739152 0.726414090286735 0.624475060399949 0.258025173147483 0.768954071502178
"cg04658357" 0.863951200319767 0.840336642216627 0.838434888373695 0.656769900763467 0.38916200485974 0.855578098711251
"cg07235774" 0.851384074794934 0.836441981280581 0.867344932782065 0.646576330848318 0.393152800461081 0.859984871915179
"cg19410791" 0.540463741420345 0.526151764032536 0.586421769503436 0.492399735489064 0.121655480361643 0.530020470908084
"cg18546384" 0.839623793627548 0.865182186994727 0.897031338200758 0.827316856894604 0.448335948148067 0.860830608639066
"cg02586198" 0.839703884503473 0.750817473605404 0.858789874145672 0.564717233435985 0.363184078804714 0.876864225835254
"cg08506127" 0.539822288205701 0.510929669937826 0.555843983387228 0.617647289331273 0.146528452804019 0.536838919707045
"cg18711369" 0.752083598808577 0.700999546053011 0.84840133319631 0.62207877883523 0.346818805920182 0.862040538764923
"cg21648425" 0.646337368360152 0.55116022107084 0.672190724784885 0.640421296517815 0.233903197370528 0.687664498660305
"cg23366234" 0.974309346902893 0.888533400953934 0.91680949844536 0.618218883193763 0.462713021659981 0.977652824327553
"cg18149207" 0.767991937346586 0.67656331568532 0.799978184285742 0.524716700748574 0.306889747671547 0.806031554623154
"cg18862566" 0.0775476979722235 0.138927271270822 0.122900620514662 0.288383171916349 0.480089341790074 0.0724640197457385
"cg25273602" 0.135634809357929 0.198671309174026 0.188341932244231 0.404289387585589 0.552222719152881 0.122533612726028
"cg20945853" 0.0681702453291972 0.272324654424381 0.121400811253369 0.289977114102437 0.502859021905056 0.0611836303846442
"cg25618573" 0.0412436685259083 0.12352372782791 0.0687573116751653 0.308670878345299 0.459216812241598 0.0410814019577196
"cg16335868" 0.0756000389828094 0.292064397802451 0.123234335847758 0.272478404980468 0.510620377648298 0.0793134532970108
"cg19702675" 0.0657250594579857 0.110324738615655 0.0734404937398235 0.313340471108109 0.471002806382795 0.0661002215330439
"cg19072817" 0.149765898840218 0.211292389420473 0.290997268147117 0.413967632495438 0.589768262745107 0.138444229901638
"cg03367264" 0.0438342746142332 0.139198334688051 0.124523213526032 0.253392244555913 0.468820898476735 0.042391884252091
"cg22620363" 0.0334103179059423 0.0758375793689521 0.073836166533176 0.198654894470548 0.431872611791104 0.0311111176254501
"cg05058167" 0.0745307849516971 0.188744884567549 0.168267640911632 0.363455282310384 0.528250698452053 0.0761980158187213
"cg07793808" 0.0645400012978174 0.120538521924812 0.288741965247228 0.270441085566899 0.520785505813552 0.0850242313356083
"cg05759347" 0.0372330653202705 0.170110089199489 0.0632217452920725 0.294632161073162 0.480741196715282 0.0446849446337035
"cg20029347" 0.0483296256343634 0.0753115584277238 0.058709966850131 0.297121093980323 0.468837462592805 0.040388522243386
"cg23774988" 0.0647122829322275 0.143333916823644 0.122355877479834 0.275924520256851 0.496748929048533 0.0611945242722052
"cg10857250" 0.0462345640423783 0.213999307285267 0.0615938574425082 0.336890729914275 0.506977849756894 0.0510808664739487
"cg15234492" 0.209666861498193 0.353082240592173 0.462719424352946 0.428209708222877 0.695135470435478 0.204241700748656
"cg17772171" 0.0392631202136504 0.0873872815658949 0.0790762012574862 0.254693785808242 0.46481833043524 0.033464973658474
"cg10205045" 0.0978921785106032 0.134210976189538 0.109300625860539 0.341835041679199 0.524558860536869 0.0958571838155314
"cg14384158" 0.0306541986242136 0.086343844185076 0.0551247613638363 0.17609966534555 0.443619416569232 0.0306764864670191
"cg12480903" 0.116745887467011 0.0737811079550711 0.191147044396344 0.238267180957032 0.517274138751053 0.0994673532537964
"cg02482603" 0.277442999078051 0.339613281031793 0.201493564216802 0.473445767097854 0.698117152567798 0.307136716892344
"cg25885803" 0.063856197714088 0.234974321009372 0.229853610411936 0.373740492852125 0.574064603312296 0.0590502328735695
"cg13607248" 0.15712878248927 0.203441391330691 0.106234418359389 0.394731169296592 0.578805931719831 0.119115039571778
"cg02758236" 0.0402689940345583 0.19017196966221 0.0679947464953164 0.276755964658121 0.506171838105365 0.040430712539404
"cg09543427" 0.164647251406384 0.149182005945139 0.18540215661428 0.311948747919126 0.579053718569892 0.15441178792706
"cg12477370" 0.0352579489557045 0.0627420808695497 0.0440719799183715 0.183953687053906 0.457216515093589 0.0311027064632308
"cg18670770" 0.345768865622392 0.389157242297691 0.424724504937167 0.597804079289753 0.809766067578479 0.335361758662798
"cg11976790" 0.0559944882844877 0.0742565891398092 0.0657871628010541 0.345472010689748 0.513645841905869 0.0630077552563784
"cg15633035" 0.181286275489151 0.389814115680898 0.244220000784175 0.395390641837375 0.678588724860107 0.21639938429585
"cg17636752" 0.117745228787818 0.182486350854707 0.196645012515785 0.324391952811318 0.581041208667291 0.110018730127041
"cg18801945" 0.0758975871809709 0.275772727661207 0.0969401816060049 0.340626752586573 0.573775839344882 0.0907360422703876
"cg17332306" 0.0442479862828771 0.168778245261211 0.164098972887881 0.272523075706913 0.543488912247483 0.0474870492703633
"cg08362102" 0.0566985596009471 0.117026125303486 0.0928995624567858 0.346431014768963 0.541463916595017 0.057338141905442
"cg08360820" 0.0820235057755858 0.147230132826212 0.0813635856970601 0.275787214793418 0.541314186788939 0.0900760291289475
"cg24215978" 0.0649140697729272 0.0997922449335388 0.0928142585879904 0.270533315262881 0.531725310239055 0.0594629738618042
"cg18208842" 0.0895804007104638 0.218172277639096 0.214271281233217 0.459790761693947 0.63640794635878 0.0934190049921989
"cg05702218" 0.259781692209781 0.3475701057805 0.158108968524052 0.455140328348872 0.700875648971196 0.181023425169678
"cg11658419" 0.0784447937344151 0.233317733437584 0.121588427720165 0.379717980482638 0.60574515395689 0.0691293994394295
"cg13485718" 0.228112887845495 0.416348666904384 0.314207960362178 0.499296631990013 0.773077350333547 0.244634356434188
"cg18728025" 0.20788734639162 0.210473319312254 0.296205430573965 0.479415384233809 0.719694415733923 0.220770219442539
"cg13357602" 0.120250150622967 0.348049347505984 0.0572661549845041 0.383095573811867 0.630055533980901 0.057706872271438
"cg00673344" 0.100855933119079 0.44711690044674 0.253795766083541 0.360425229268846 0.688875315212672 0.0891080223758582
"cg11714320" 0.0512473251697129 0.168813430099466 0.0385959496606822 0.391937676907385 0.599239561473743 0.0359454134618326
"cg17779658" 0.317437335470607 0.45581141750015 0.0804044961667709 0.518681816700245 0.791416367976172 0.282919832851976
"cg08899626" 0.0984348080526961 0.13947763246116 0.151238349057987 0.317969338298733 0.631951798078064 0.0963785173604826
"cg05520031" 0.0859776072299144 0.219954777559276 0.0743791317975281 0.24076576684159 0.614772391531385 0.0789723942625132
"cg19482025" 0.0682856601293727 0.326776135484269 0.117228400868714 0.450177738527561 0.687117903213513 0.0615987582573924
"cg16810279" 0.0415269924425687 0.240924810960299 0.0648711508984115 0.177276987997537 0.609738167684974 0.0392334063822047
"cg01208318" 0.302945052819956 0.396745783789775 0.0470126770891668 0.542743552263654 0.826225283958455 0.148382247858807
"cg13247398" 0.0797067677073936 0.13987940406868 0.129684873181113 0.543844963232551 0.784562077255053 0.0618995795625426
"cg26872907" 0.933263501491042 0.938751503877909 0.951169549673396 0.942250226809978 0.94372747635604 0.0496408180636492
"cg23244761" 0.958208077099203 0.962256746813984 0.968648286827631 0.965449519778536 0.97232875125163 0.0863118094369763
"cg10480329" 0.816270940001002 0.90733137997912 0.89662353454295 0.909701144320808 0.913511285105948 0.08332209007184
"cg12655112" 0.684778172266674 0.942904178806226 0.876768749129834 0.864414859161841 0.947012932917179 0.0723957396373606
"cg16636767" 0.870591922400039 0.890383221235455 0.866820879366888 0.903230917068672 0.90575782434472 0.10280250618252
"cg20610950" 0.583972182489053 0.909993691618709 0.916897288012563 0.906171149785062 0.921963311978595 0.0717810461292035
"cg05923857" 0.800333191185649 0.924833133854322 0.929157782410105 0.844316793676269 0.916656386972473 0.105065077482564
"cg18066690" 0.896117919604074 0.903744342040093 0.902954902571583 0.905749389048317 0.925142289735181 0.131356927591051
"cg10624395" 0.88481482553344 0.890073234061403 0.871988352962861 0.866602363017104 0.891718377451046 0.121130177107223
"cg22675702" 0.810904521152358 0.855059303022146 0.834017996551597 0.850994610323321 0.864925211694921 0.0847740517675912
"cg02244028" 0.835816229477004 0.867875979188796 0.885628435162092 0.882760915524017 0.893749366961989 0.118591446058262
"cg19835973" 0.894442567893228 0.865351149826015 0.92816680397261 0.932428238777678 0.894553422732149 0.152274750408037
"cg14109551" 0.731609642506072 0.892722869318953 0.893874538693031 0.89670393371968 0.904180543625689 0.11328128992266
"cg26538782" 0.8110770938472 0.871470020017794 0.701364442950211 0.880229988844936 0.89122606751685 0.0819036952663678
"cg04468741" 0.792877361710348 0.872321219072248 0.880636490525042 0.863567165389101 0.87968059622084 0.108933607091494
"cg01041239" 0.801054107331439 0.922661494109101 0.861675722015438 0.805587090375694 0.820263768450935 0.0936661495245111
"cg06297318" 0.783249397628133 0.837286112803355 0.833588720784448 0.843366049942432 0.861173868666928 0.0932411510594658
"cg12422199" 0.839353232843168 0.793581151503223 0.621660192722619 0.848780683007518 0.837417702223332 0.054664694480757
"cg27366072" 0.723710227441482 0.867521584826105 0.812809448274377 0.89135056385985 0.891063547455331 0.105381866086876
"cg10278149" 0.628282489036311 0.854749726171835 0.769003069444001 0.880002526683711 0.864663735464868 0.0687289169197583
"cg08694574" 0.634194949626851 0.886960917997056 0.898120635617005 0.901738434528575 0.903788370181396 0.113609502755804
"cg03339817" 0.969421174494244 0.969575559009341 0.695420217153782 0.966356475162994 0.971257465395321 0.185159114632672
"cg24788483" 0.846056307941619 0.942723360567634 0.941033609921591 0.875720633319786 0.949316573216247 0.180085860909034
"cg24365417" 0.717425995364805 0.802284533022456 0.848993958544638 0.842269129108277 0.852356562998596 0.0854341219130251
"cg02780988" 0.818908563282295 0.822587428217534 0.737948211493365 0.833754844838372 0.834754192333857 0.0826108637154553
"cg20641531" 0.618305451176271 0.886587631588696 0.883757934831934 0.896168087240915 0.902989057614266 0.112857849582397
"cg01476222" 0.873243467919369 0.816122357946308 0.710112033218265 0.866725307123733 0.809218012085576 0.091069625103479
"cg16429499" 0.873672861467684 0.88457382778763 0.378952978435833 0.899149398450227 0.899177817197569 0.0662113859300826
"cg23391288" 0.883046770795975 0.89158165731058 0.84414675963063 0.824259832594838 0.878706483698584 0.141270202827902
"cg08908131" 0.813228980963064 0.809429975387137 0.816573444105755 0.802245286912497 0.774989158933455 0.0826812573579501
"cg10154880" 0.868553628946996 0.825683010825398 0.56989715299023 0.823663616168276 0.893222776562467 0.0771126807047021
"cg00701951" 0.601899499889364 0.873662212218873 0.887324900521959 0.871591643671788 0.861265718659017 0.104714011011457
"cg09856274" 0.870531714792747 0.852516034183674 0.551469758545248 0.872293639630554 0.887498863154045 0.0937216675139323
"cg21459713" 0.867241972019582 0.888158400562044 0.89489907311323 0.856624170813061 0.882896159843611 0.162252284080597
"cg04045544" 0.798254308698787 0.84315659113012 0.821654403423184 0.848286446759356 0.877587896386926 0.124528210128823
"cg10499974" 0.358665748076241 0.87423052738828 0.817197358524236 0.881545622104639 0.901643145365726 0.0580451672651353
"cg12555086" 0.595109463353903 0.847927769526533 0.6852825555764 0.879521636723791 0.895835845305444 0.0725529077848867
"cg03963853" 0.934775676825532 0.922381692368433 0.96683815288336 0.959089566340324 0.944976532682091 0.237547210692887
"cg18835472" 0.588662290489569 0.840734354008317 0.799115216139899 0.845445800254088 0.868232664364504 0.0821150163922148
"cg07002540" 0.668599826112481 0.807279225049856 0.856273848549536 0.796373242957514 0.843993746310165 0.086754372234443
"cg25856090" 0.393834500399116 0.860664634748456 0.891077800091733 0.891035295404416 0.89573570156164 0.0840321388958545
"cg26124526" 0.634384719148834 0.83281232559485 0.859368183330386 0.822164948483714 0.843941745905144 0.0944960040094892
"cg08538581" 0.561289753660332 0.890381265290387 0.652269019606061 0.882560025235122 0.888821589375118 0.0741453592182559
"cg19301114" 0.803046563419225 0.789943645943306 0.785526148956326 0.789933607605975 0.788159893355385 0.0872085547380258
"cg05242065" 0.791830582782436 0.892944534657547 0.84235837627419 0.744570983084903 0.867903473127339 0.121783113354142
"cg18990407" 0.825486876662866 0.941964169400194 0.690341956806784 0.937657505543189 0.953237619432435 0.169128409280677
"cg07213487" 0.902050821136625 0.885152785546839 0.660333882375747 0.898097160099143 0.913762416173913 0.151071087754675
"cg25376491" 0.635955388885615 0.852829510492571 0.879245094232178 0.866049779814579 0.88058317569239 0.122064652052173
"cg01024962" 0.81663195319764 0.791548997669873 0.691662338018455 0.872010266711451 0.890801409257773 0.114397636231396
"cg03313271" 0.322918488428402 0.881196533131732 0.871958260388424 0.912366842082533 0.91465855961406 0.0852577816075421
"cg14145194" 0.142033208392341 0.182291191715775 0.166497487797253 0.0921513457957642 0.0990238997530291 0.27597835421923
"cg07278181" 0.776124135962698 0.727463789996111 0.710457369608133 0.811373154624265 0.733992784258033 0.895010526924824
"cg14829660" 0.699941510480727 0.736488127147017 0.721621130216253 0.687542149701221 0.710889947243318 0.857228077444904
"cg07361056" 0.59578631881848 0.642701498380782 0.514119245045218 0.526944170789609 0.527973759655055 0.717423626102986
"cg10944833" 0.113481390799794 0.0663106563326371 0.158924668271412 0.0706134908202503 0.0658726511442848 0.251821552298825
"cg09530594" 0.350710558997336 0.391088288042536 0.361682341170257 0.391185707725321 0.399049485385867 0.538834930239655
"cg08280936" 0.154208631668257 0.0874905393501042 0.112500202406713 0.0666841370148146 0.0590806672647826 0.257045471646911
"cg01881899" 0.0916921932420435 0.0691196041371984 0.0556153354953138 0.0708117277734533 0.0439830261767847 0.234445478543558
"cg12182124" 0.159710558470395 0.0613264065772397 0.100058993627919 0.0976263738591753 0.0554851587889073 0.265485768967413
"cg20660269" 0.0463030621126261 0.0873855020028398 0.0381358979735952 0.0395234769365871 0.0337244183922806 0.221282563663566
"cg24527008" 0.179653956556117 0.124362565041656 0.0433071243490275 0.0758500414216585 0.0733889864837877 0.276528388728461
"cg13027206" 0.111909827138451 0.0698561785031311 0.150427637098147 0.081861744295597 0.056450498356202 0.27884501687728
"cg00345025" 0.26195645473 0.123662151444353 0.173320243761974 0.264327271711357 0.136365797260798 0.383192992731268
"cg06975311" 0.160810882437359 0.0770286510630065 0.0553378703351455 0.132746363068024 0.0885704309487079 0.297578841929165
"cg22563987" 0.207069288718225 0.0757568073243776 0.0617350736017372 0.0416148360976326 0.0403783892192798 0.283787235675226
"cg19631651" 0.675427362726925 0.643119328085349 0.636561807354925 0.580492034458196 0.56265795813787 0.827999196891644
"cg27506442" 0.152210365956756 0.0309195478950727 0.0433591308458625 0.0312804902281805 0.0242200057791865 0.280970766970091
"cg14945937" 0.212099122731648 0.0326685915181357 0.0605044216854173 0.030979867329466 0.0286384239205468 0.297688534202945
"cg22708902" 0.105980039337591 0.0418825972881413 0.0319149838310325 0.0314592654253765 0.0305328950750005 0.276530694122362
"cg03084350" 0.506934247448685 0.477822355453595 0.614758512496127 0.645713471956423 0.604283096388645 0.809516984447587
"cg23633330" 0.216264108403522 0.213335868046184 0.0423301786058859 0.265171485361838 0.166407833766663 0.430217703713313
"cg00782811" 0.281082439692992 0.136927133682444 0.358836005920331 0.249308131192174 0.214790545699912 0.499204517493396
"cg13112407" 0.260706447700767 0.0400214768675055 0.128920894957696 0.0437398856218095 0.0389277038016205 0.367214621617805
"cg03887528" 0.33791215561351 0.245121307101247 0.198899734953854 0.296669663563095 0.344526056216615 0.568236719561856
"cg04453471" 0.273644861394504 0.0853214764526262 0.184785543225456 0.181422971159059 0.198805222160592 0.471449015679665
"cg27133780" 0.312909312601751 0.0790108675446403 0.209669685241964 0.103150188828688 0.10822176237487 0.467878666752941
"cg05975710" 0.558418779947357 0.532312422261774 0.324015975502151 0.362081679118723 0.370868662251151 0.735911799132221
"cg22277567" 0.549152025815246 0.382883728470524 0.334534352052477 0.372886270686998 0.384368887188376 0.712694323981795
"cg09391405" 0.0573654029686953 0.29110850055935 0.220349786693541 0.106695771823754 0.114884034366109 0.471995098452192
"cg02908942" 0.477319073977909 0.489189503278673 0.27439889573557 0.377055590307831 0.293673011651992 0.698897676613229
"cg10552523" 0.330610666857245 0.0657768676443505 0.0607640642285477 0.108569079757632 0.0942498544756603 0.46066658815044
"cg11706849" 0.540408002178442 0.691594109988914 0.589386928747245 0.520121563900204 0.437223885090145 0.889221981753593
"cg20566897" 0.473571592653949 0.185845091519237 0.196082175680526 0.223061652414753 0.204973237148648 0.596569362364442
"cg18527651" 0.145677563246044 0.0434098491157028 0.322996929674264 0.0430370488926632 0.0407487104053578 0.484717154904088
"cg23053742" 0.101905362632937 0.0709647391441228 0.0964441814471692 0.0586354899802796 0.0574655324581061 0.444869043905243
"cg08462055" 0.389549377458559 0.0552724138885711 0.0425521340093488 0.0641548362967837 0.0475199853686499 0.499695817283142
"cg14655843" 0.397305510512532 0.151362656916083 0.227853841226739 0.0980929461731035 0.145786777500638 0.583556668950678
"cg10578938" 0.171553001463851 0.292355127718351 0.153938935855529 0.0865846869470225 0.0648651501793909 0.564087535226991
"cg25096745" 0.183962597007353 0.100741517945681 0.465366906788241 0.0966417066672465 0.0754324348230941 0.595744872013386
"cg17830204" 0.349742407516375 0.0535196702971092 0.0958820611024565 0.0501042255413134 0.0486657946193201 0.536438842230485
"cg10768932" 0.0430801546139823 0.035769089379664 0.033509294232149 0.0392510307656608 0.0315962331438704 0.459385991089236
"cg11775828" 0.479126005971739 0.103691043419481 0.373472234800174 0.141260092840982 0.148273423404425 0.679277531224646
"cg08425678" 0.189357899930034 0.303659836322479 0.300011196346789 0.41241383707346 0.378807390132415 0.761613736843275
"cg23255141" 0.44387646625059 0.0447545351079865 0.0681608899097153 0.0481015648619738 0.0429161500318123 0.578618972358348
"cg11977716" 0.22414815804697 0.105526019206001 0.100441946723242 0.0613053049843462 0.0495554092415512 0.638364635130171
"cg14364797" 0.264978673211364 0.0551335236748659 0.554941701017806 0.163203913245072 0.0504323361371286 0.77546910906053
"cg12609063" 0.568506569406915 0.064570490769664 0.332769171261874 0.0827613216013534 0.061803098536885 0.81732651567508
"cg24957609" 0.479350565266466 0.0886229255670742 0.132322393772187 0.0992808340833621 0.0742280231810007 0.790316631465045
"cg10639435" 0.442085821996911 0.0654683506566154 0.463293679891519 0.0635635421510034 0.063769991379609 0.83995406573481
"cg03795574" 0.0702592970102647 0.349800382524569 0.0573830657470252 0.0825146350757016 0.116018208141849 0.770299143033789
